# This file was generated by Animated Java via MC-Build. It is not recommended to edit this file directly.
$data merge entity $(bone_right_forearm) { transformation: [1f,0f,0f,-0.31249999999999994f,0f,1f,0f,0.41974520552218153f,0f,0f,1f,-0.04247995217791467f,0f,0f,0f,1f], start_interpolation: 0, interpolation_duration: 1 }
$data merge entity $(bone_right_arm) { transformation: [1f,0f,0f,-0.31249999999999994f,0f,1f,0f,0.6697452055221815f,0f,0f,1f,-0.04247995217791467f,0f,0f,0f,1f], start_interpolation: 0, interpolation_duration: 1 }
$data merge entity $(bone_left_forearm) { transformation: [1f,0f,0f,0.31250000000000006f,0f,1f,0f,0.41974520552218153f,0f,0f,1f,-0.04247995217791467f,0f,0f,0f,1f], start_interpolation: 0, interpolation_duration: 1 }
$data merge entity $(bone_left_arm) { transformation: [1f,0f,0f,0.31250000000000006f,0f,1f,0f,0.6697452055221815f,0f,0f,1f,-0.04247995217791467f,0f,0f,0f,1f], start_interpolation: 0, interpolation_duration: 1 }
$data merge entity $(bone_head) { transformation: [1f,0f,0f,4.592425496802574e-17f,0f,0.3653410243663951f,-0.9308737486442042f,0.7226654679739493f,0f,0.9308737486442042f,0.3653410243663951f,-0.009227947395706093f,0f,0f,0f,1f], start_interpolation: 0, interpolation_duration: 1 }
$data merge entity $(bone_torso) { transformation: [1f,0f,0f,4.592425496802574e-17f,0f,0.8467241992282842f,-0.5320320765153366f,0.14054258100450395f,0f,0.5320320765153366f,0.8467241992282842f,-0.375f,0f,0f,0f,1f], start_interpolation: 0, interpolation_duration: 1 }
$data merge entity $(bone_upper_body) { transformation: [1f,0f,0f,4.592425496802574e-17f,0f,0.8467241992282842f,-0.5320320765153366f,0.14054258100450395f,0f,0.5320320765153366f,0.8467241992282842f,-0.375f,0f,0f,0f,1f], start_interpolation: 0, interpolation_duration: 1 }
$data merge entity $(bone_right_lower_leg) { transformation: [1f,0f,0f,-0.12499999999999996f,0f,0.0026475844236565488f,0.9999964951422178f,0.06802153799822365f,0f,-0.9999964951422178f,0.0026475844236565488f,-0.0003531620852942896f,0f,0f,0f,1f], start_interpolation: 0, interpolation_duration: 1 }
$data merge entity $(bone_right_leg) { transformation: [1f,0f,0f,-0.12499999999999996f,0f,0.04338944801674749f,0.9990582344392153f,0.08429258100450396f,0f,-0.9990582344392153f,0.04338944801674749f,-0.375f,0f,0f,0f,1f], start_interpolation: 0, interpolation_duration: 1 }
$data merge entity $(bone_left_lower_leg) { transformation: [1f,0f,0f,0.12500000000000006f,0f,0.0026475844236565488f,0.9999964951422178f,0.06802153799822365f,0f,-0.9999964951422178f,0.0026475844236565488f,-0.0003531620852942896f,0f,0f,0f,1f], start_interpolation: 0, interpolation_duration: 1 }
$data merge entity $(bone_left_leg) { transformation: [1f,0f,0f,0.12500000000000006f,0f,0.04338944801674749f,0.9990582344392153f,0.08429258100450396f,0f,-0.9990582344392153f,0.04338944801674749f,-0.375f,0f,0f,0f,1f], start_interpolation: 0, interpolation_duration: 1 }