# This file was generated by Animated Java via MC-Build. It is not recommended to edit this file directly.
$data merge entity $(bone_right_forearm) { transformation: [0.948549550886012f,-0.17907724661830837f,-0.26112274749157793f,-0.3492643003170073f,0.17777642252360717f,0.983649474743111f,-0.02879677815849673f,1.0202913994943525f,0.26201010115767054f,-0.019106296899381738f,0.9648759797560202f,0.17468127433153946f,0f,0f,0f,1f], start_interpolation: 0, interpolation_duration: 1 }
$data merge entity $(bone_right_arm) { transformation: [0.9983134040947803f,0.04193517304321661f,-0.04014708540513601f,-0.3387805070562031f,-0.04260566464621302f,0.9989639509093619f,-0.015993189913606765f,1.270032387221693f,0.03943481386727011f,0.017676709122281198f,0.9990657783198562f,0.17910045161210975f,0f,0f,0f,1f], start_interpolation: 0, interpolation_duration: 1 }
$data merge entity $(bone_left_forearm) { transformation: [0.9990963850445291f,-0.039332921870954496f,-0.01610387059210924f,0.29616098834411364f,0.04053486783909809f,0.9957452457762801f,0.08275463735164587f,1.048595472180167f,0.012780370895277763f,-0.08333262728984941f,0.9964398302701223f,0.14844119402648684f,0f,0f,0f,1f], start_interpolation: 0, interpolation_duration: 1 }
$data merge entity $(bone_left_arm) { transformation: [0.9990963850445291f,-0.04202501898994415f,-0.006349107799434895f,0.28565473359662763f,0.04053486783909809f,0.987084829763849f,-0.15498536491985299f,1.2953666796211292f,0.012780370895277763f,0.154587957580686f,0.987896363740049f,0.18708818342165834f,0f,0f,0f,1f], start_interpolation: 0, interpolation_duration: 1 }
$data merge entity $(bone_head) { transformation: [0.9990963850445291f,-0.04142114046252212f,-0.009523786733123773f,-0.029219175402766518f,0.04053486783909809f,0.9960072374678676f,-0.07953934498657741f,1.3423984349139517f,0.012780370895277763f,0.07908142660834425f,0.9967862308867274f,0.20140374926857244f,0f,0f,0f,1f], start_interpolation: 0, interpolation_duration: 1 }
$data merge entity $(bone_torso) { transformation: [0.9990963850445291f,-0.04250061876766039f,-0.0003328593096263155f,0f,0.04053486783909809f,0.95518242388065f,-0.29322936687643203f,0.6857105184960048f,0.012780370895277763f,0.29295090802701446f,0.9560420637220555f,0f,0f,0f,0f,1f], start_interpolation: 0, interpolation_duration: 1 }
$data merge entity $(bone_upper_body) { transformation: [0.9990963850445291f,-0.04250061876766039f,-0.0003328593096263155f,0f,0.04053486783909809f,0.95518242388065f,-0.29322936687643203f,0.6857105184960048f,0.012780370895277763f,0.29295090802701446f,0.9560420637220555f,0f,0f,0f,0f,1f], start_interpolation: 0, interpolation_duration: 1 }
$data merge entity $(bone_right_lower_leg) { transformation: [1f,0f,0f,-0.125f,0f,0.9962000979018568f,0.08709400059895628f,0.3641476076353317f,0f,-0.08709400059895628f,0.9962000979018568f,0.2650170925254379f,0f,0f,0f,1f], start_interpolation: 0, interpolation_duration: 1 }
$data merge entity $(bone_right_leg) { transformation: [1f,0f,0f,-0.125f,0f,0.7075010956284615f,0.7067122467345012f,0.6294605184960048f,0f,-0.7067122467345012f,0.7075010956284615f,0f,0f,0f,0f,1f], start_interpolation: 0, interpolation_duration: 1 }
$data merge entity $(bone_left_lower_leg) { transformation: [1f,0f,0f,0.125f,0f,0.6092775883755261f,-0.7929570103752805f,0.2544605184960048f,0f,0.7929570103752805f,0.6092775883755261f,0f,0f,0f,0f,1f], start_interpolation: 0, interpolation_duration: 1 }
$data merge entity $(bone_left_leg) { transformation: [1f,0f,0f,0.125f,0f,1f,0f,0.6294605184960048f,0f,0f,1f,0f,0f,0f,0f,1f], start_interpolation: 0, interpolation_duration: 1 }