# This file was generated by Animated Java via MC-Build. It is not recommended to edit this file directly.
$data merge entity $(bone_right_forearm) { transformation: [0.9555600816749775f,-0.11112549662109089f,-0.2730495455224673f,-0.3713091720754005f,0.1758544749803019f,0.9582578119815683f,0.22542663863372409f,1.0270861663066562f,0.23660121288512545f,-0.26342568169602054f,0.9352148289480201f,0.2395898370448294f,0f,0f,0f,1f], start_interpolation: 0, interpolation_duration: 1 }
$data merge entity $(bone_right_arm) { transformation: [0.9912155067257112f,0.12775515264168888f,-0.03421169683003208f,-0.33937038391497826f,-0.11644560676879082f,0.9656614803098367f,0.23224626177844743f,1.2685015363841154f,0.06270757442876732f,-0.2262222942579129f,0.9720551597980163f,0.18303426348035115f,0f,0f,0f,1f], start_interpolation: 0, interpolation_duration: 1 }
$data merge entity $(bone_left_forearm) { transformation: [0.9990549430125893f,-0.03952919029716708f,-0.018073847309364614f,0.29574650545611697f,0.04145347679151537f,0.9915741568043568f,0.12272856562196163f,1.0468829154399355f,0.013070199080625029f,-0.12336180394343793f,0.9922756850915039f,0.157800879117888f,0f,0f,0f,1f], start_interpolation: 0, interpolation_duration: 1 }
$data merge entity $(bone_left_arm) { transformation: [0.9990549430125893f,-0.04283019995290753f,-0.007402351930693025f,0.2850389554678901f,0.04145347679151537f,0.990108175755509f,-0.13404256623921168f,1.2944099593788128f,0.013070199080625029f,0.1336090351514152f,0.9909479278054426f,0.1912031379057418f,0f,0f,0f,1f], start_interpolation: 0, interpolation_duration: 1 }
$data merge entity $(bone_head) { transformation: [0.9990549430125893f,-0.04303581730854353f,-0.0060941997585852534f,-0.029882285645898513f,0.04145347679151537f,0.9855653980713781f,-0.1641415711704425f,1.3410270174517587f,0.013070199080625029f,0.16373382226342792f,0.9864179668593842f,0.20583057076235112f,0f,0f,0f,1f], start_interpolation: 0, interpolation_duration: 1 }
$data merge entity $(bone_torso) { transformation: [0.9990549430125893f,-0.04346514275767056f,-0.00004698049800894166f,0f,0.04145347679151537f,0.9531403131247137f,-0.29967507864088067f,0.685743052178518f,0.013070199080625029f,0.29938992110887436f,0.9540413224983574f,0f,0f,0f,0f,1f], start_interpolation: 0, interpolation_duration: 1 }
$data merge entity $(bone_upper_body) { transformation: [0.9990549430125893f,-0.04346514275767056f,-0.00004698049800894166f,0f,0.04145347679151537f,0.9531403131247137f,-0.29967507864088067f,0.685743052178518f,0.013070199080625029f,0.29938992110887436f,0.9540413224983574f,0f,0f,0f,0f,1f], start_interpolation: 0, interpolation_duration: 1 }
$data merge entity $(bone_right_lower_leg) { transformation: [1f,0f,0f,-0.125f,0f,0.9962025509445236f,0.08706593760836451f,0.36411296006363847f,0f,-0.08706593760836451f,0.9962025509445236f,0.26494981922827965f,0f,0f,0f,1f], start_interpolation: 0, interpolation_duration: 1 }
$data merge entity $(bone_right_leg) { transformation: [1f,0f,0f,-0.125f,0f,0.7076802456396788f,0.7065328512754123f,0.629493052178518f,0f,-0.7065328512754123f,0.7076802456396788f,0f,0f,0f,0f,1f], start_interpolation: 0, interpolation_duration: 1 }
$data merge entity $(bone_left_lower_leg) { transformation: [1f,0f,0f,0.125f,0f,0.6095121065029377f,-0.7927767605236367f,0.25449305217851803f,0f,0.7927767605236367f,0.6095121065029377f,0f,0f,0f,0f,1f], start_interpolation: 0, interpolation_duration: 1 }
$data merge entity $(bone_left_leg) { transformation: [1f,0f,0f,0.125f,0f,1f,0f,0.629493052178518f,0f,0f,1f,0f,0f,0f,0f,1f], start_interpolation: 0, interpolation_duration: 1 }