# This file was generated by Animated Java via MC-Build. It is not recommended to edit this file directly.
$data merge entity $(bone_right_forearm) { transformation: [0.9560742181568593f,-0.10584835343698135f,-0.2733463287670611f,-0.3734987361193143f,0.1767238162977656f,0.9521322251926294f,0.2494251761608789f,1.0286068860580835f,0.23386060405485992f,-0.2867757866773479f,0.9290149977512119f,0.24604907437657722f,0f,0f,0f,1f], start_interpolation: 0, interpolation_duration: 1 }
$data merge entity $(bone_right_arm) { transformation: [0.9901933395610659f,0.13613619908732538f,-0.03137013845936677f,-0.33946468634748295f,-0.12370458673128398f,0.9587466786404831f,0.2559335488314968f,1.2682935557182042f,0.06491783661326037f,-0.24954306540935578f,0.9661852477633655f,0.18366330802423828f,0f,0f,0f,1f], start_interpolation: 0, interpolation_duration: 1 }
$data merge entity $(bone_left_forearm) { transformation: [0.9990482215818708f,-0.03955726836011379f,-0.018381334934849267f,0.2956807971002052f,0.0416005491112523f,0.9907957626122239f,0.12881440565132393f,1.0466763891144852f,0.013116602751606712f,-0.12945647650676853f,0.9914983486737177f,0.15914706193022762f,0f,0f,0f,1f], start_interpolation: 0, interpolation_duration: 1 }
$data merge entity $(bone_left_arm) { transformation: [0.9990482215818708f,-0.04296137983607537f,-0.007547900150480735f,0.28494045214118635f,0.0416005491112523f,0.990470039193006f,-0.13129545222378144f,1.2942938989127368f,0.013116602751606712f,0.13085649125505938f,0.9913145481776564f,0.19186118474399247f,0f,0f,0f,1f], start_interpolation: 0, interpolation_duration: 1 }
$data merge entity $(bone_head) { transformation: [0.9990482215818708f,-0.04353821421426421f,-0.002659860359870945f,-0.029988328813463107f,0.0416005491112523f,0.9693727965938735f,-0.2420449865983903f,1.3408443037865547f,0.013116602751606712f,0.2417039617523997f,0.9702613821055907f,0.2065384710225269f,0f,0f,0f,1f], start_interpolation: 0, interpolation_duration: 1 }
$data merge entity $(bone_torso) { transformation: [0.9990482215818708f,-0.043619387365037246f,-9.991573540757415e-14f,0f,0.0416005491112523f,0.9528092235373475f,-0.30070579950476367f,0.6857879626046284f,0.013116602751606712f,0.3004195942145846f,0.9537169507480723f,0f,0f,0f,0f,1f], start_interpolation: 0, interpolation_duration: 1 }
$data merge entity $(bone_upper_body) { transformation: [0.9990482215818708f,-0.043619387365037246f,-9.991573540757415e-14f,0f,0.0416005491112523f,0.9528092235373475f,-0.30070579950476367f,0.6857879626046284f,0.013116602751606712f,0.3004195942145846f,0.9537169507480723f,0f,0f,0f,0f,1f], start_interpolation: 0, interpolation_duration: 1 }
$data merge entity $(bone_right_lower_leg) { transformation: [1f,0f,0f,-0.125f,0f,0.9962061175265688f,0.08702511937733898f,0.36406018463833945f,0f,-0.08702511937733898f,0.9962061175265688f,0.2648519386489021f,0f,0f,0f,1f], start_interpolation: 0, interpolation_duration: 1 }
$data merge entity $(bone_right_leg) { transformation: [1f,0f,0f,-0.125f,0f,0.7079407412434371f,0.7062718363970723f,0.6295379626046284f,0f,-0.7062718363970723f,0.7079407412434371f,0f,0f,0f,0f,1f], start_interpolation: 0, interpolation_duration: 1 }
$data merge entity $(bone_left_lower_leg) { transformation: [1f,0f,0f,0.125f,0f,0.6098531220012502f,-0.7925144601742786f,0.25453796260462835f,0f,0.7925144601742786f,0.6098531220012502f,0f,0f,0f,0f,1f], start_interpolation: 0, interpolation_duration: 1 }
$data merge entity $(bone_left_leg) { transformation: [1f,0f,0f,0.125f,0f,1f,0f,0.6295379626046284f,0f,0f,1f,0f,0f,0f,0f,1f], start_interpolation: 0, interpolation_duration: 1 }