# This file was generated by Animated Java via MC-Build. It is not recommended to edit this file directly.
$data merge entity $(bone_right_forearm) { transformation: [0.9559904926436017f,-0.10549708495799114f,-0.2737746208844234f,-0.37374972819411456f,0.17787134941825816f,0.9504817102042041f,0.25484564273971694f,1.0296236591362242f,0.2333322974454486f,-0.29232667280400176f,0.9274163872480208f,0.2456505569692575f,0f,0f,0f,1f], start_interpolation: 0, interpolation_duration: 1 }
$data merge entity $(bone_right_arm) { transformation: [0.9900620871574052f,0.13714065012259896f,-0.031136885802427523f,-0.33946456566346483f,-0.1243577130871365f,0.9571538976107894f,0.26151783014588525f,1.2689121335389215f,0.06566751685011366f,-0.25504677683206567f,0.9646962832199131f,0.18188886276124108f,0f,0f,0f,1f], start_interpolation: 0, interpolation_duration: 1 }
$data merge entity $(bone_left_forearm) { transformation: [0.9990482215818708f,-0.039477564068012f,-0.018551897190238493f,0.29567406857717743f,0.0416005491112523f,0.9902305569367931f,0.13308958795597392f,1.0471786294850267f,0.013116602751606712f,-0.13373468526864907f,0.9909303652065325f,0.15826327335244064f,0f,0f,0f,1f], start_interpolation: 0, interpolation_duration: 1 }
$data merge entity $(bone_left_arm) { transformation: [0.9990482215818708f,-0.042933983007891786f,-0.0077022111876545105f,0.28494057282520446f,0.0416005491112523f,0.9909353889937093f,-0.12773585696087236f,1.294912476733454f,0.013116602751606712f,0.12729386451421856f,0.9917783153453661f,0.19008673948099528f,0f,0f,0f,1f], start_interpolation: 0, interpolation_duration: 1 }
$data merge entity $(bone_head) { transformation: [0.9990482215818708f,-0.04361474962446754f,0.0006360576201726285f,-0.029988196061043196f,0.0416005491112523f,0.9483230280850801f,-0.3145676854306349f,1.3415185398256373f,0.013116602751606712f,0.31429474704286686f,0.9492348322272613f,0.20458658123323f,0f,0f,0f,1f], start_interpolation: 0, interpolation_duration: 1 }
$data merge entity $(bone_torso) { transformation: [0.9990482215818708f,-0.043619194270608286f,-0.00012978938363616358f,0f,0.0416005491112523f,0.953699755031194f,-0.29786938675715396f,0.6858499582416915f,0.013116602751606712f,0.2975804817937891f,0.9546066266204278f,0f,0f,0f,0f,1f], start_interpolation: 0, interpolation_duration: 1 }
$data merge entity $(bone_upper_body) { transformation: [0.9990482215818708f,-0.043619194270608286f,-0.00012978938363616358f,0f,0.0416005491112523f,0.953699755031194f,-0.29786938675715396f,0.6858499582416915f,0.013116602751606712f,0.2975804817937891f,0.9546066266204278f,0f,0f,0f,0f,1f], start_interpolation: 0, interpolation_duration: 1 }
$data merge entity $(bone_right_lower_leg) { transformation: [1f,0f,0f,-0.125f,0f,0.9962113021966672f,0.08696574828989129f,0.36398015895341057f,0f,-0.08696574828989129f,0.9962113021966672f,0.2647095053564442f,0f,0f,0f,1f], start_interpolation: 0, interpolation_duration: 1 }
$data merge entity $(bone_right_leg) { transformation: [1f,0f,0f,-0.125f,0f,0.7083194647687491f,0.7058920142838513f,0.6295999582416915f,0f,-0.7058920142838513f,0.7083194647687491f,0f,0f,0f,0f,1f], start_interpolation: 0, interpolation_duration: 1 }
$data merge entity $(bone_left_lower_leg) { transformation: [1f,0f,0f,0.125f,0f,0.6103489334573058f,-0.7921326779192546f,0.25459995824169146f,0f,0.7921326779192546f,0.6103489334573058f,0f,0f,0f,0f,1f], start_interpolation: 0, interpolation_duration: 1 }
$data merge entity $(bone_left_leg) { transformation: [1f,0f,0f,0.125f,0f,1f,0f,0.6295999582416915f,0f,0f,1f,0f,0f,0f,0f,1f], start_interpolation: 0, interpolation_duration: 1 }