# This file was generated by Animated Java via MC-Build. It is not recommended to edit this file directly.
$data merge entity $(bone_right_forearm) { transformation: [0.9558858176259974f,-0.10414917039252601f,-0.2746547905426495f,-0.3738779172505031f,0.1827655873930667f,0.9428731106888909f,0.2785444977103689f,1.0355666101050627f,0.22995443837061597f,-0.3164541790629457f,0.9203139186317089f,0.23721177293712303f,0f,0f,0f,1f], start_interpolation: 0, interpolation_duration: 1 }
$data merge entity $(bone_right_arm) { transformation: [0.9899586721492879f,0.1376906202477825f,-0.0319862553638185f,-0.3394552621885575f,-0.12308584522833166f,0.950912384769136f,0.28392870794814307f,1.2732947062973468f,0.06951044627137454f,-0.2771406314282618f,0.9583117281295782f,0.1679266150800576f,0f,0f,0f,1f], start_interpolation: 0, interpolation_duration: 1 }
$data merge entity $(bone_left_forearm) { transformation: [0.9990482215818708f,-0.039043392470395476f,-0.019449022044921337f,0.2956359326959198f,0.0416005491112523f,0.9869312887715309f,0.15567923932691627f,1.0508884884799552f,0.013116602751606714f,-0.15634015718351973f,0.9876161754366363f,0.1500478999033467f,0f,0f,0f,1f], start_interpolation: 0, interpolation_duration: 1 }
$data merge entity $(bone_left_arm) { transformation: [0.9990482215818708f,-0.042744225583231925f,-0.008693798559372742f,0.2849498763001118f,0.0416005491112523f,0.9936262440476967f,-0.10476775006321909f,1.2992950494918794f,0.013116602751606714f,0.10430636758586045f,0.994458715288523f,0.1761244917998118f,0f,0f,0f,1f], start_interpolation: 0, interpolation_duration: 1 }
$data merge entity $(bone_head) { transformation: [0.9990482215818708f,-0.04313988092018487f,0.0064499324254941f,-0.029977962238645142f,0.0416005491112523f,0.8978701151507529f,-0.4382906006667449f,1.3463189980206902f,0.013116602751606714f,0.43814176586279246f,0.8988101844877429f,0.18922810878392818f,0f,0f,0f,1f], start_interpolation: 0, interpolation_duration: 1 }
$data merge entity $(bone_torso) { transformation: [0.9990482215818708f,-0.04360430871075657f,-0.0011468286525061992f,0f,0.0416005491112523f,0.9603859220172318f,-0.27555085756490355f,0.6860536766338432f,0.013116602751606714f,0.2752408855038955f,0.9612858106095648f,0f,0f,0f,0f,1f], start_interpolation: 0, interpolation_duration: 1 }
$data merge entity $(bone_upper_body) { transformation: [0.9990482215818708f,-0.04360430871075657f,-0.0011468286525061992f,0f,0.0416005491112523f,0.9603859220172318f,-0.27555085756490355f,0.6860536766338432f,0.013116602751606714f,0.2752408855038955f,0.9612858106095648f,0f,0f,0f,0f,1f], start_interpolation: 0, interpolation_duration: 1 }
$data merge entity $(bone_right_lower_leg) { transformation: [1f,0f,0f,-0.125f,0f,0.9962297833194554f,0.08675378278363843f,0.36367746530045486f,0f,-0.08675378278363843f,0.9962297833194554f,0.26420037782209305f,0f,0f,0f,1f], start_interpolation: 0, interpolation_duration: 1 }
$data merge entity $(bone_right_leg) { transformation: [1f,0f,0f,-0.125f,0f,0.7096698968890356f,0.7045343408589148f,0.6298036766338432f,0f,-0.7045343408589148f,0.7096698968890356f,0f,0f,0f,0f,1f], start_interpolation: 0, interpolation_duration: 1 }
$data merge entity $(bone_left_lower_leg) { transformation: [1f,0f,0f,0.125f,0f,0.6121170977233654f,-0.7907671330263568f,0.2548036766338432f,0f,0.7907671330263568f,0.6121170977233654f,0f,0f,0f,0f,1f], start_interpolation: 0, interpolation_duration: 1 }
$data merge entity $(bone_left_leg) { transformation: [1f,0f,0f,0.125f,0f,1f,0f,0.6298036766338432f,0f,0f,1f,0f,0f,0f,0f,1f], start_interpolation: 0, interpolation_duration: 1 }