# This file was generated by Animated Java via MC-Build. It is not recommended to edit this file directly.
$data merge entity $(bone_right_forearm) { transformation: [0.955652459379162f,-0.10474444524903355f,-0.2752398555297382f,-0.3739784776191979f,0.18732619469125847f,0.937366472468162f,0.29368859881699083f,1.0404257208628245f,0.22723836310150555f,-0.33222386651483504f,0.9154179530973169f,0.22997721938238558f,0f,0f,0f,1f], start_interpolation: 0, interpolation_duration: 1 }
$data merge entity $(bone_right_arm) { transformation: [0.989868690150504f,0.13817053008195113f,-0.03269374369199724f,-0.3394358450987101f,-0.12194137729527882f,0.9452372979379626f,0.30274865993141853f,1.2767350453473152f,0.07273428877122426f,-0.2956946993163927f,0.9525095107310647f,0.1560535445532874f,0f,0f,0f,1f], start_interpolation: 0, interpolation_duration: 1 }
$data merge entity $(bone_left_forearm) { transformation: [0.9990482215818708f,-0.038657162476683674f,-0.020205809643576537f,0.2956106203301838f,0.04160054911125229f,0.9837117781596711f,0.17487290191330485f,1.053862494656995f,0.013116602751606712f,-0.1755470344357584f,0.9843836617056722f,0.14306074289008008f,0f,0f,0f,1f], start_interpolation: 0, interpolation_duration: 1 }
$data merge entity $(bone_left_arm) { transformation: [0.9990482215818708f,-0.042565307760898494f,-0.009531292111836964f,0.2849692933899592f,0.04160054911125229f,0.9954915755394107f,-0.08524035044334399f,1.3027353885418478f,0.013116602751606712f,0.08476271353184606f,0.9963148283183257f,0.1642514212730416f,0f,0f,0f,1f], start_interpolation: 0, interpolation_duration: 1 }
$data merge entity $(bone_head) { transformation: [0.9990482215818708f,-0.04334673937720337f,0.004869408533485182f,-0.02995660343981299f,0.04160054911125229f,0.9132845761740886f,-0.405192148537157f,1.3500870628900858f,0.013116602751606712f,0.405009065463824f,0.91421857978515f,0.17616773120448095f,0f,0f,0f,1f], start_interpolation: 0, interpolation_duration: 1 }
$data merge entity $(bone_torso) { transformation: [0.9990482215818708f,-0.04357324136700071f,-0.002005889048344582f,0f,0.04160054911125229f,0.9656295351280684f,-0.25657161807571954f,0.6862167574895389f,0.013116602751606712f,0.2562439726610632f,0.9665231405440498f,0f,0f,0f,0f,1f], start_interpolation: 0, interpolation_duration: 1 }
$data merge entity $(bone_upper_body) { transformation: [0.9990482215818708f,-0.04357324136700071f,-0.002005889048344582f,0f,0.04160054911125229f,0.9656295351280684f,-0.25657161807571954f,0.6862167574895389f,0.013116602751606712f,0.2562439726610632f,0.9665231405440498f,0f,0f,0f,0f,1f], start_interpolation: 0, interpolation_duration: 1 }
$data merge entity $(bone_right_lower_leg) { transformation: [1f,0f,0f,-0.125f,0f,0.9962456765539119f,0.08657108031922855f,0.36340483769459847f,0f,-0.08657108031922855f,0.9962456765539119f,0.26376076833986467f,0f,0f,0f,1f], start_interpolation: 0, interpolation_duration: 1 }
$data merge entity $(bone_right_leg) { transformation: [1f,0f,0f,-0.125f,0f,0.7108317861198411f,0.7033620489063058f,0.6299667574895389f,0f,-0.7033620489063058f,0.7108317861198411f,0f,0f,0f,0f,1f], start_interpolation: 0, interpolation_duration: 1 }
$data merge entity $(bone_left_lower_leg) { transformation: [1f,0f,0f,0.125f,0f,0.6136386793749482f,-0.7895869623891782f,0.2549667574895389f,0f,0.7895869623891782f,0.6136386793749482f,0f,0f,0f,0f,1f], start_interpolation: 0, interpolation_duration: 1 }
$data merge entity $(bone_left_leg) { transformation: [1f,0f,0f,0.125f,0f,1f,0f,0.6299667574895389f,0f,0f,1f,0f,0f,0f,0f,1f], start_interpolation: 0, interpolation_duration: 1 }