# This file was generated by Animated Java via MC-Build. It is not recommended to edit this file directly.
$data merge entity $(bone_right_forearm) { transformation: [0.9551497944367303f,-0.10803923444551407f,-0.27571070709694856f,-0.3740930682856875f,0.19362337848823563f,0.9323186323343632f,0.30543731780020617f,1.0462670900675721f,0.22405101537434177f,-0.34512242990366454f,0.9114228716063233f,0.22089274910967832f,0f,0f,0f,1f], start_interpolation: 0, interpolation_duration: 1 }
$data merge entity $(bone_right_arm) { transformation: [0.989754041656582f,0.138783694851533f,-0.03355626719135356f,-0.33939714457280423f,-0.12043656026676322f,0.9377052699328423f,0.3258893396404458f,1.2806934075507828f,0.07669401525263399f,-0.31850888964600665f,0.9448122116277374f,0.14126552669817666f,0f,0f,0f,1f], start_interpolation: 0, interpolation_duration: 1 }
$data merge entity $(bone_left_forearm) { transformation: [0.9990482215818708f,-0.03815980960768432f,-0.021130070629471486f,0.29558828714541113f,0.041600549111252286f,0.9792194692563267f,0.19849086967162938f,1.0573765754873625f,0.01311660275160671f,-0.1991809728866258f,0.9798749383325374f,0.1343305412771445f,0f,0f,0f,1f], start_interpolation: 0, interpolation_duration: 1 }
$data merge entity $(bone_left_arm) { transformation: [0.9990482215818708f,-0.04232117291818418f,-0.010562635889318732f,0.28500799391586507f,0.041600549111252286f,0.9972687010318113f,-0.061028946049934835f,1.3066937507453154f,0.01311660275160671f,0.06053144856314546f,0.9980801062375223f,0.14946340341793085f,0f,0f,0f,1f], start_interpolation: 0, interpolation_duration: 1 }
$data merge entity $(bone_head) { transformation: [0.9990482215818708f,-0.04351064651388675f,0.0030780828521606383f,-0.029914032861316567f,0.041600549111252286f,0.9292140583330329f,-0.3671929031311704f,1.3544187491660151f,0.01311660275160671f,0.3669714667875398f,0.9301397192336526f,0.15990091156385913f,0f,0f,0f,1f], start_interpolation: 0, interpolation_duration: 1 }
$data merge entity $(bone_torso) { transformation: [0.9990482215818708f,-0.04351132052555137f,-0.003068540406105479f,0f,0.041600549111252286f,0.9716027202874591f,-0.23293249718244927f,0.686441878968387f,0.01311660275160671f,0.23258314409288602f,0.9724880646137125f,0f,0f,0f,0f,1f], start_interpolation: 0, interpolation_duration: 1 }
$data merge entity $(bone_upper_body) { transformation: [0.9990482215818708f,-0.04351132052555137f,-0.003068540406105479f,0f,0.041600549111252286f,0.9716027202874591f,-0.23293249718244927f,0.686441878968387f,0.01311660275160671f,0.23258314409288602f,0.9724880646137125f,0f,0f,0f,0f,1f], start_interpolation: 0, interpolation_duration: 1 }
$data merge entity $(bone_right_lower_leg) { transformation: [1f,0f,0f,-0.125f,0f,0.9962687337281448f,0.08630533121261297f,0.36299751024795196f,0f,-0.08630533121261297f,0.9962687337281448f,0.2631200663653158f,0f,0f,0f,1f], start_interpolation: 0, interpolation_duration: 1 }
$data merge entity $(bone_right_leg) { transformation: [1f,0f,0f,-0.125f,0f,0.7125183165878268f,0.7016535103075088f,0.630191878968387f,0f,-0.7016535103075088f,0.7125183165878268f,0f,0f,0f,0f,1f], start_interpolation: 0, interpolation_duration: 1 }
$data merge entity $(bone_left_lower_leg) { transformation: [1f,0f,0f,0.125f,0f,0.6158477831050323f,-0.787865158542131f,0.255191878968387f,0f,0.787865158542131f,0.6158477831050323f,0f,0f,0f,0f,1f], start_interpolation: 0, interpolation_duration: 1 }
$data merge entity $(bone_left_leg) { transformation: [1f,0f,0f,0.125f,0f,1f,0f,0.630191878968387f,0f,0f,1f,0f,0f,0f,0f,1f], start_interpolation: 0, interpolation_duration: 1 }