# This file was generated by Animated Java via MC-Build. It is not recommended to edit this file directly.
$data merge entity $(bone_right_forearm) { transformation: [0.9542635139944176f,-0.11545971776401301f,-0.2757720062531378f,-0.3742126376757538f,0.20188449438076578f,0.9292046478398454f,0.3095502759834848f,1.0528400377767015f,0.22050804245570904f,-0.35106662616472617f,0.9100156192097297f,0.21013884493971605f,0f,0f,0f,1f], start_interpolation: 0, interpolation_duration: 1 }
$data merge entity $(bone_right_arm) { transformation: [0.9896160432224298f,0.13952404412283995f,-0.034541686530765406f,-0.3393316266450438f,-0.11856203201030509f,0.9282306349124184f,0.3526059173860759f,1.2848976965048062f,0.08125965519474744f,-0.344849140236273f,0.9351341823053707f,0.1239265598806478f,0f,0f,0f,1f], start_interpolation: 0, interpolation_duration: 1 }
$data merge entity $(bone_left_forearm) { transformation: [0.9990482215818708f,-0.037554943778287164f,-0.022187319619793196f,0.295574896134469f,0.04160054911125229f,0.973295478711098f,0.22575496768438308f,1.0612491081120534f,0.013116602751606714f,-0.22646310365784594f,0.973931423363017f,0.12405400381752882f,0f,0f,0f,1f], start_interpolation: 0, interpolation_duration: 1 }
$data merge entity $(bone_left_arm) { transformation: [0.9990482215818708f,-0.042005537163374115f,-0.011755245710641956f,0.2850735118436255f,0.04160054911125229f,0.998595726349142f,-0.032801976020841755f,1.3108980396993388f,0.013116602751606714f,0.032281731131492714f,0.9993927379000763f,0.132124436600402f,0f,0f,0f,1f], start_interpolation: 0, interpolation_duration: 1 }
$data merge entity $(bone_head) { transformation: [0.9990482215818708f,-0.043605368982656684f,0.0011057802618663175f,-0.02984196314078004f,0.04160054911125229f,0.944879919558584f,-0.3247635015339718f,1.3590123906024418f,0.013116602751606714f,0.32450039970830574f,0.9457946105373018f,0.14082804806457738f,0f,0f,0f,1f], start_interpolation: 0, interpolation_duration: 1 }
$data merge entity $(bone_torso) { transformation: [0.9990482215818708f,-0.043406491841134605f,-0.004304348980587588f,0f,0.04160054911125229f,0.9778323600059086f,-0.20521517984524795f,0.6867526430983796f,0.013116602751606714f,0.20484079718483983f,0.978707414164691f,0f,0f,0f,0f,1f], start_interpolation: 0, interpolation_duration: 1 }
$data merge entity $(bone_upper_body) { transformation: [0.9990482215818708f,-0.043406491841134605f,-0.004304348980587588f,0f,0.04160054911125229f,0.9778323600059086f,-0.20521517984524795f,0.6867526430983796f,0.013116602751606714f,0.20484079718483983f,0.978707414164691f,0f,0f,0f,0f,1f], start_interpolation: 0, interpolation_duration: 1 }
$data merge entity $(bone_right_lower_leg) { transformation: [1f,0f,0f,-0.125f,0f,0.9963021442472062f,0.08591878355993554f,0.36239111636040455f,0f,-0.08591878355993554f,0.9963021442472062f,0.2621854481664307f,0f,0f,0f,1f], start_interpolation: 0, interpolation_duration: 1 }
$data merge entity $(bone_right_leg) { transformation: [1f,0f,0f,-0.125f,0f,0.7149640713012667f,0.6991611951104818f,0.6305026430983796f,0f,-0.6991611951104818f,0.7149640713012667f,0f,0f,0f,0f,1f], start_interpolation: 0, interpolation_duration: 1 }
$data merge entity $(bone_left_lower_leg) { transformation: [1f,0f,0f,0.125f,0f,0.6190523342351546f,-0.7853497357725452f,0.25550264309837956f,0f,0.7853497357725452f,0.6190523342351546f,0f,0f,0f,0f,1f], start_interpolation: 0, interpolation_duration: 1 }
$data merge entity $(bone_left_leg) { transformation: [1f,0f,0f,0.125f,0f,1f,0f,0.6305026430983796f,0f,0f,1f,0f,0f,0f,0f,1f], start_interpolation: 0, interpolation_duration: 1 }