# This file was generated by Animated Java via MC-Build. It is not recommended to edit this file directly.
$data merge entity $(bone_right_forearm) { transformation: [0.9528714052192737f,-0.12846706056519963f,-0.27483140189065713f,-0.37432809569209313f,0.2123310537983422f,0.9294543672378197f,0.30171195338506196f,1.0598849985192413f,0.21668319895260021f,-0.34584793417379495f,0.9129280353452763f,0.19794971420324403f,0f,0f,0f,1f], start_interpolation: 0, interpolation_duration: 1 }
$data merge entity $(bone_right_arm) { transformation: [0.989456780099541f,0.1403813047237371f,-0.03561417693994569f,-0.3392327695111588f,-0.11632103337188326f,0.9167944693925599f,0.38204360757184763f,1.2890836158673813f,0.08628266054280961f,-0.3738729599413094f,0.9234578021297878f,0.10448147421791668f,0f,0f,0f,1f], start_interpolation: 0, interpolation_duration: 1 }
$data merge entity $(bone_left_forearm) { transformation: [0.9990482215818708f,-0.036850863869766326f,-0.02333805446375342f,0.29557607105456724f,0.041600549111252286f,0.9658487627140664f,0.2557451111504373f,1.0653006101906555f,0.013116602751606712f,-0.2564725743539827f,0.9664625048787444f,0.11247536625429003f,0f,0f,0f,1f], start_interpolation: 0, interpolation_duration: 1 }
$data merge entity $(bone_left_arm) { transformation: [0.9990482215818708f,-0.04161480830822702f,-0.013071292345085438f,0.28517236897751047f,0.041600549111252286f,0.9991333954850337f,-0.0013610070498095428f,1.3150839590619139f,0.013116602751606712f,0.0008159387335233415f,0.9999136407591604f,0.11267935093767087f,0f,0f,0f,1f], start_interpolation: 0, interpolation_duration: 1 }
$data merge entity $(bone_head) { transformation: [0.9990482215818708f,-0.04360767565074679f,-0.0010107316362104905f,-0.029733220293506606f,0.041600549111252286f,0.959521235168187f,-0.27854693244578943f,1.3635740031316927f,0.013116602751606712f,0.2782397704959809f,0.9604220868173536f,0.11943845383557314f,0f,0f,0f,1f], start_interpolation: 0, interpolation_duration: 1 }
$data merge entity $(bone_torso) { transformation: [0.9990482215818708f,-0.0432483204269187f,-0.005677476054703982f,0f,0.041600549111252286f,0.983843450672721f,-0.17413057997386716f,0.687181630794197f,0.013116602751606712f,0.17372866012447002f,0.9847062035874522f,0f,0f,0f,0f,1f], start_interpolation: 0, interpolation_duration: 1 }
$data merge entity $(bone_upper_body) { transformation: [0.9990482215818708f,-0.0432483204269187f,-0.005677476054703982f,0f,0.041600549111252286f,0.983843450672721f,-0.17413057997386716f,0.687181630794197f,0.013116602751606712f,0.17372866012447002f,0.9847062035874522f,0f,0f,0f,0f,1f], start_interpolation: 0, interpolation_duration: 1 }
$data merge entity $(bone_right_lower_leg) { transformation: [1f,0f,0f,-0.125f,0f,0.9963504727043477f,0.08535652020685186f,0.36149192049845225f,0f,-0.08535652020685186f,0.9963504727043477f,0.26082032611693656f,0f,0f,0f,1f], start_interpolation: 0, interpolation_duration: 1 }
$data merge entity $(bone_right_leg) { transformation: [1f,0f,0f,-0.125f,0f,0.718505894121986f,0.6955208696451641f,0.630931630794197f,0f,-0.6955208696451641f,0.718505894121986f,0f,0f,0f,0f,1f], start_interpolation: 0, interpolation_duration: 1 }
$data merge entity $(bone_left_lower_leg) { transformation: [1f,0f,0f,0.125f,0f,0.6236950552404203f,-0.781667754272011f,0.255931630794197f,0f,0.781667754272011f,0.6236950552404203f,0f,0f,0f,0f,1f], start_interpolation: 0, interpolation_duration: 1 }
$data merge entity $(bone_left_leg) { transformation: [1f,0f,0f,0.125f,0f,1f,0f,0.630931630794197f,0f,0f,1f,0f,0f,0f,0f,1f], start_interpolation: 0, interpolation_duration: 1 }