# This file was generated by Animated Java via MC-Build. It is not recommended to edit this file directly.
$data merge entity $(bone_right_forearm) { transformation: [1f,0f,0f,-0.31249999999999994f,0f,1f,0f,0.47255498519921435f,0f,0f,1f,0.010072760372183354f,0f,0f,0f,1f], start_interpolation: 0, interpolation_duration: 1 }
$data merge entity $(bone_right_arm) { transformation: [1f,0f,0f,-0.31249999999999994f,0f,1f,0f,0.7225549851992144f,0f,0f,1f,0.010072760372183354f,0f,0f,0f,1f], start_interpolation: 0, interpolation_duration: 1 }
$data merge entity $(bone_left_forearm) { transformation: [1f,0f,0f,0.31250000000000006f,0f,1f,0f,0.47255498519921435f,0f,0f,1f,0.010072760372183354f,0f,0f,0f,1f], start_interpolation: 0, interpolation_duration: 1 }
$data merge entity $(bone_left_arm) { transformation: [1f,0f,0f,0.31250000000000006f,0f,1f,0f,0.7225549851992144f,0f,0f,1f,0.010072760372183354f,0f,0f,0f,1f], start_interpolation: 0, interpolation_duration: 1 }
$data merge entity $(bone_head) { transformation: [1f,0f,0f,4.087258692154291e-17f,0f,0.3222656952305113f,-0.9466492601156964f,0.7747479837191358f,0f,0.9466492601156964f,0.3222656952305113f,0.04445503640940168f,0f,0f,0f,1f], start_interpolation: 0, interpolation_duration: 1 }
$data merge entity $(bone_torso) { transformation: [1f,0f,0f,4.087258692154291e-17f,0f,0.8350879763187431f,-0.5501164165954934f,0.200625f,0f,0.5501164165954934f,0.8350879763187431f,-0.33375f,0f,0f,0f,1f], start_interpolation: 0, interpolation_duration: 1 }
$data merge entity $(bone_upper_body) { transformation: [1f,0f,0f,4.087258692154291e-17f,0f,0.8350879763187431f,-0.5501164165954934f,0.200625f,0f,0.5501164165954934f,0.8350879763187431f,-0.33375f,0f,0f,0f,1f], start_interpolation: 0, interpolation_duration: 1 }
$data merge entity $(bone_right_lower_leg) { transformation: [1f,0f,0f,-0.12499999999999996f,0f,0.17192910027940966f,0.985109326154774f,0.07990158739522138f,0f,-0.985109326154774f,0.17192910027940966f,0.035665997308040265f,0f,0f,0f,1f], start_interpolation: 0, interpolation_duration: 1 }
$data merge entity $(bone_right_leg) { transformation: [1f,0f,0f,-0.12499999999999996f,0f,0.17192910027940966f,0.985109326154774f,0.144375f,0f,-0.985109326154774f,0.17192910027940966f,-0.33375f,0f,0f,0f,1f], start_interpolation: 0, interpolation_duration: 1 }
$data merge entity $(bone_left_lower_leg) { transformation: [1f,0f,0f,0.12500000000000003f,0f,0.17192910027940966f,0.985109326154774f,0.07990158739522138f,0f,-0.985109326154774f,0.17192910027940966f,0.035665997308040265f,0f,0f,0f,1f], start_interpolation: 0, interpolation_duration: 1 }
$data merge entity $(bone_left_leg) { transformation: [1f,0f,0f,0.12500000000000003f,0f,0.17192910027940966f,0.985109326154774f,0.144375f,0f,-0.985109326154774f,0.17192910027940966f,-0.33375f,0f,0f,0f,1f], start_interpolation: 0, interpolation_duration: 1 }