# This file was generated by Animated Java via MC-Build. It is not recommended to edit this file directly.
$data merge entity $(bone_right_forearm) { transformation: [1f,0f,0f,-0.31249999999999994f,0f,1f,0f,0.43326067762225784f,0f,0f,1f,-0.04744244774532641f,0f,0f,0f,1f], start_interpolation: 0, interpolation_duration: 1 }
$data merge entity $(bone_right_arm) { transformation: [1f,0f,0f,-0.31249999999999994f,0f,1f,0f,0.6832606776222578f,0f,0f,1f,-0.04744244774532641f,0f,0f,0f,1f], start_interpolation: 0, interpolation_duration: 1 }
$data merge entity $(bone_left_forearm) { transformation: [1f,0f,0f,0.31250000000000006f,0f,1f,0f,0.43326067762225784f,0f,0f,1f,-0.04744244774532641f,0f,0f,0f,1f], start_interpolation: 0, interpolation_duration: 1 }
$data merge entity $(bone_left_arm) { transformation: [1f,0f,0f,0.31250000000000006f,0f,1f,0f,0.6832606776222578f,0f,0f,1f,-0.04744244774532641f,0f,0f,0f,1f], start_interpolation: 0, interpolation_duration: 1 }
$data merge entity $(bone_head) { transformation: [1f,0f,0f,4.592425496802574e-17f,0f,0.3838349018130004f,-0.9234017371383944f,0.7364895278785735f,0f,0.9234017371383944f,0.3838349018130004f,-0.014686692519859046f,0f,0f,0f,1f], start_interpolation: 0, interpolation_duration: 1 }
$data merge entity $(bone_torso) { transformation: [1f,0f,0f,4.592425496802574e-17f,0f,0.8516616041010494f,-0.5240920836074777f,0.15097217505910202f,0f,0.5240920836074777f,0.8516616041010494f,-0.375f,0f,0f,0f,1f], start_interpolation: 0, interpolation_duration: 1 }
$data merge entity $(bone_upper_body) { transformation: [1f,0f,0f,4.592425496802574e-17f,0f,0.8516616041010494f,-0.5240920836074777f,0.15097217505910202f,0f,0.5240920836074777f,0.8516616041010494f,-0.375f,0f,0f,0f,1f], start_interpolation: 0, interpolation_duration: 1 }
$data merge entity $(bone_right_lower_leg) { transformation: [1f,0f,0f,-0.12499999999999996f,0f,0.004424193261431161f,0.9999902132091021f,0.06754801565098816f,0f,-0.9999902132091021f,0.004424193261431161f,-0.0009858758543169754f,0f,0f,0f,1f], start_interpolation: 0, interpolation_duration: 1 }
$data merge entity $(bone_right_leg) { transformation: [1f,0f,0f,-0.12499999999999996f,0f,0.07246442508830364f,0.9973709977218215f,0.09472217505910202f,0f,-0.9973709977218215f,0.07246442508830364f,-0.375f,0f,0f,0f,1f], start_interpolation: 0, interpolation_duration: 1 }
$data merge entity $(bone_left_lower_leg) { transformation: [1f,0f,0f,0.12500000000000006f,0f,0.004424193261431161f,0.9999902132091021f,0.06754801565098816f,0f,-0.9999902132091021f,0.004424193261431161f,-0.0009858758543169754f,0f,0f,0f,1f], start_interpolation: 0, interpolation_duration: 1 }
$data merge entity $(bone_left_leg) { transformation: [1f,0f,0f,0.12500000000000006f,0f,0.07246442508830364f,0.9973709977218215f,0.09472217505910202f,0f,-0.9973709977218215f,0.07246442508830364f,-0.375f,0f,0f,0f,1f], start_interpolation: 0, interpolation_duration: 1 }