# This file was generated by Animated Java via MC-Build. It is not recommended to edit this file directly.
$data merge entity $(bone_right_forearm) { transformation: [0.9508366395124388f,-0.14852175952073476f,-0.271755353046739f,-0.3744311976024935f,0.22518127491953321f,0.933983174421377f,0.2774325563508747f,1.0671578180529095f,0.21261015588702797f,-0.3249872564372836f,0.9215097420901533f,0.18461438572380073f,0f,0f,0f,1f], start_interpolation: 0, interpolation_duration: 1 }
$data merge entity $(bone_right_arm) { transformation: [0.9892792474433086f,0.14134011690182066f,-0.036736112099411744f,-0.3390961683770383f,-0.11373479188787987f,0.9034766812183374f,0.41327265044873157f,1.2930269883574939f,0.09160222536719032f,-0.40466388256042635f,0.909866020059492f,0.08344841508369413f,0f,0f,0f,1f], start_interpolation: 0, interpolation_duration: 1 }
$data merge entity $(bone_left_forearm) { transformation: [0.9990482215818708f,-0.03606218699039023f,-0.024539144719637244f,0.2955963970259148f,0.0416005491112523f,0.9569012780527631f,0.28741840298531807f,1.06937493160661f,0.013116602751606714f,-0.288165686247441f,0.9574907268489853f,0.09988328451784431f,0f,0f,0f,1f], start_interpolation: 0, interpolation_duration: 1 }
$data merge entity $(bone_left_arm) { transformation: [0.9990482215818708f,-0.04114970765713516f,-0.014469019104054117f,0.285308970111631f,0.0416005491112523f,0.9986095997816664f,0.03237686732131717f,1.3190273315520264f,0.013116602751606714f,-0.03294797085758394f,0.9993709951507621f,0.09164629180344833f,0f,0f,0f,1f], start_interpolation: 0, interpolation_duration: 1 }
$data merge entity $(bone_head) { transformation: [0.9990482215818708f,-0.04349971753709314f,-0.0032288586674368834f,-0.029582959045974036f,0.0416005491112523f,0.9724544790756946f,-0.22935056232601977f,1.3678524941819776f,0.013116602751606714f,0.22899794911704408f,0.9733385300256248f,0.09630208878792834f,0f,0f,0f,1f], start_interpolation: 0, interpolation_duration: 1 }
$data merge entity $(bone_torso) { transformation: [0.9990482215818708f,-0.04302975861232587f,-0.007147784822316509f,0f,0.0416005491112523f,0.9892053476354808f,-0.14050684866941426f,0.6877738176825845f,0.013116602751606714f,0.14007576550971396f,0.9900539049209008f,0f,0f,0f,0f,1f], start_interpolation: 0, interpolation_duration: 1 }
$data merge entity $(bone_upper_body) { transformation: [0.9990482215818708f,-0.04302975861232587f,-0.007147784822316509f,0f,0.0416005491112523f,0.9892053476354808f,-0.14050684866941426f,0.6877738176825845f,0.013116602751606714f,0.14007576550971396f,0.9900539049209008f,0f,0f,0f,0f,1f], start_interpolation: 0, interpolation_duration: 1 }
$data merge entity $(bone_right_lower_leg) { transformation: [1f,0f,0f,-0.125f,0f,0.9964202008549219f,0.08453864990781995f,0.3601646578291299f,0f,-0.08453864990781995f,0.9964202008549219f,0.258822731543478f,0f,0f,0f,1f], start_interpolation: 0, interpolation_duration: 1 }
$data merge entity $(bone_right_leg) { transformation: [1f,0f,0f,-0.125f,0f,0.7236244262758789f,0.690193950782608f,0.6315238176825845f,0f,-0.690193950782608f,0.7236244262758789f,0f,0f,0f,0f,1f], start_interpolation: 0, interpolation_duration: 1 }
$data merge entity $(bone_left_lower_leg) { transformation: [1f,0f,0f,0.125f,0f,0.630408838370472f,-0.7762632907103053f,0.2565238176825845f,0f,0.7762632907103053f,0.630408838370472f,0f,0f,0f,0f,1f], start_interpolation: 0, interpolation_duration: 1 }
$data merge entity $(bone_left_leg) { transformation: [1f,0f,0f,0.125f,0f,1f,0f,0.6315238176825845f,0f,0f,1f,0f,0f,0f,0f,1f], start_interpolation: 0, interpolation_duration: 1 }