# This file was generated by Animated Java via MC-Build. It is not recommended to edit this file directly.
$data merge entity $(bone_right_forearm) { transformation: [0.9479993842834715f,-0.17695102300539076f,-0.26454773265992015f,-0.37451533830336264f,0.24064900988441584f,0.9424913567181483f,0.23194416688771177f,1.0744545545241049f,0.2082911938604444f,-0.28354607732947035f,0.9360643143455798f,0.17047350204261955f,0f,0f,0f,1f], start_interpolation: 0, interpolation_duration: 1 }
$data merge entity $(bone_right_arm) { transformation: [0.98908741677411f,0.14237957086437505f,-0.037870038019445905f,-0.33892044558726886f,-0.1108463584348159f,0.8884795306879424f,0.4453282029809859f,1.2965744371960906f,0.0970523920408879f,-0.4362707660948762f,0.8945661808106382f,0.0614058105189005f,0f,0f,0f,1f], start_interpolation: 0, interpolation_duration: 1 }
$data merge entity $(bone_left_forearm) { transformation: [0.9990482215818708f,-0.03521130980288678f,-0.025745186269792285f,0.295638833244263f,0.04160054911125229f,0.9466292414461372f,0.31962864945551f,1.0733602451371937f,0.013116602751606712f,-0.32039544769093725f,0.9471930699868852f,0.08660394759885492f,0f,0f,0f,1f], start_interpolation: 0, interpolation_duration: 1 }
$data merge entity $(bone_left_arm) { transformation: [0.9990482215818708f,-0.04061656137145028f,-0.01590427289945643f,0.28548469290140044f,0.04160054911125229f,0.9968581410137181f,0.06740356821650172f,1.3225747803906232f,0.013116602751606712f,-0.06800104144080092f,0.997599024205228f,0.06960368723865469f,0f,0f,0f,1f], start_interpolation: 0, interpolation_duration: 1 }
$data merge entity $(bone_head) { transformation: [0.9990482215818708f,-0.04327101515394353f,-0.005501836206973208f,-0.029389663977227604f,0.04160054911125229f,0.9831283517800834f,-0.17812365996638113f,1.37167294073215f,0.013116602751606712f,0.1777252463037367f,0.9839927294236135f,0.07205522376665535f,0f,0f,0f,1f], start_interpolation: 0, interpolation_duration: 1 }
$data merge entity $(bone_torso) { transformation: [0.9990482215818708f,-0.0427486021486947f,-0.008672252788854015f,0f,0.04160054911125229f,0.9935733110206881f,-0.10526856102858657f,0.6885912894054269f,0.013116602751606712f,0.10480759820604414f,0.9944060147095536f,0f,0f,0f,0f,1f], start_interpolation: 0, interpolation_duration: 1 }
$data merge entity $(bone_upper_body) { transformation: [0.9990482215818708f,-0.0427486021486947f,-0.008672252788854015f,0f,0.04160054911125229f,0.9935733110206881f,-0.10526856102858657f,0.6885912894054269f,0.013116602751606712f,0.10480759820604414f,0.9944060147095536f,0f,0f,0f,0f,1f], start_interpolation: 0, interpolation_duration: 1 }
$data merge entity $(bone_right_lower_leg) { transformation: [1f,0f,0f,-0.125f,0f,0.996520423222252f,0.08334894181058078f,0.3582167210024514f,0f,-0.08334894181058078f,0.996520423222252f,0.2558920104221357f,0f,0f,0f,1f], start_interpolation: 0, interpolation_duration: 1 }
$data merge entity $(bone_right_leg) { transformation: [1f,0f,0f,-0.125f,0f,0.7309988490746013f,0.6823786944590285f,0.6323412894054269f,0f,-0.6823786944590285f,0.7309988490746013f,0f,0f,0f,0f,1f], start_interpolation: 0, interpolation_duration: 1 }
$data merge entity $(bone_left_lower_leg) { transformation: [1f,0f,0f,0.125f,0f,0.6400904260698386f,-0.7682995811880498f,0.2573412894054269f,0f,0.7682995811880498f,0.6400904260698386f,0f,0f,0f,0f,1f], start_interpolation: 0, interpolation_duration: 1 }
$data merge entity $(bone_left_leg) { transformation: [1f,0f,0f,0.125f,0f,1f,0f,0.6323412894054269f,0f,0f,1f,0f,0f,0f,0f,1f], start_interpolation: 0, interpolation_duration: 1 }