# This file was generated by Animated Java via MC-Build. It is not recommended to edit this file directly.
$data merge entity $(bone_right_forearm) { transformation: [0.944166829913511f,-0.21462230344106206f,-0.2499725268038943f,-0.3745761665027382f,0.2589400498325849f,0.9525109740608955f,0.160227634589863f,1.0816352468148225f,0.2037131509838514f,-0.21600951636262894f,0.9549035767851191f,0.15591136049258242f,0f,0f,0f,1f], start_interpolation: 0, interpolation_duration: 1 }
$data merge entity $(bone_right_arm) { transformation: [0.9888862084264503f,0.1434732805054932f,-0.03898056650372134f,-0.33870784637636486f,-0.10772226608522567f,0.8721388764756982f,0.4772522326078431f,1.299669965933747f,0.10246941091575973f,-0.4677490758095616f,0.8779013736780904f,0.03897409154019202f,0f,0f,0f,1f], start_interpolation: 0, interpolation_duration: 1 }
$data merge entity $(bone_left_forearm) { transformation: [0.9990482215818708f,-0.034329671976689825f,-0.026909562911241226f,0.2957043163563969f,0.0416005491112523f,0.9353980464817202f,0.35114083919678696f,1.0772084907804818f,0.013116602751606712f,-0.3519260835177671f,0.9359358880137583f,0.07299026195035337f,0f,0f,0f,1f], start_interpolation: 0, interpolation_duration: 1 }
$data merge entity $(bone_left_arm) { transformation: [0.9990482215818708f,-0.04002809697636978f,-0.0173321206593858f,0.28569729211230444f,0.0416005491112523f,0.9938472733911908f,0.10264984893577699f,1.3256703091282795f,0.013116602751606712f,-0.10327317476162863f,0.9945665418195561f,0.04717196825994621f,0f,0f,0f,1f], start_interpolation: 0, interpolation_duration: 1 }
$data merge entity $(bone_head) { transformation: [0.9990482215818708f,-0.04291980728824896f,-0.007780815923843932f,-0.029155804845233228f,0.0416005491112523f,0.9911676284685585f,-0.12592111256519156f,1.374965176208213f,0.013116602751606712f,0.12547757735289972f,0.9920097440619743f,0.047380332890076024f,0f,0f,0f,1f], start_interpolation: 0, interpolation_duration: 1 }
$data merge entity $(bone_torso) { transformation: [0.9990482215818708f,-0.04240844341124833f,-0.010206609698431669f,0f,0.0416005491112523f,0.9967206188351969f,-0.0694075089772302f,0.689719750759015f,0.013116602751606712f,0.06891684784011058f,0.9975361761941467f,0f,0f,0f,0f,1f], start_interpolation: 0, interpolation_duration: 1 }
$data merge entity $(bone_upper_body) { transformation: [0.9990482215818708f,-0.04240844341124833f,-0.010206609698431669f,0f,0.0416005491112523f,0.9967206188351969f,-0.0694075089772302f,0.689719750759015f,0.013116602751606712f,0.06891684784011058f,0.9975361761941467f,0f,0f,0f,0f,1f], start_interpolation: 0, interpolation_duration: 1 }
$data merge entity $(bone_right_lower_leg) { transformation: [1f,0f,0f,-0.125f,0f,0.9966636626871017f,0.08161827907479541f,0.3553794314029774f,0f,-0.08161827907479541f,0.9966636626871017f,0.2515765773685162f,0f,0f,0f,1f], start_interpolation: 0, interpolation_duration: 1 }
$data merge entity $(bone_right_leg) { transformation: [1f,0f,0f,-0.125f,0f,0.7415741849494336f,0.6708708729827099f,0.633469750759015f,0f,-0.6708708729827099f,0.7415741849494336f,0f,0f,0f,0f,1f], start_interpolation: 0, interpolation_duration: 1 }
$data merge entity $(bone_left_lower_leg) { transformation: [1f,0f,0f,0.125f,0f,0.6539924910656236f,-0.7565010387499678f,0.258469750759015f,0f,0.7565010387499678f,0.6539924910656236f,0f,0f,0f,0f,1f], start_interpolation: 0, interpolation_duration: 1 }
$data merge entity $(bone_left_leg) { transformation: [1f,0f,0f,0.125f,0f,1f,0f,0.633469750759015f,0f,0f,1f,0f,0f,0f,0f,1f], start_interpolation: 0, interpolation_duration: 1 }