# This file was generated by Animated Java via MC-Build. It is not recommended to edit this file directly.
$data merge entity $(bone_right_forearm) { transformation: [0.9393974641124672f,-0.2585758250501744f,-0.2251020815512091f,-0.3746119463120265f,0.279383930149378f,0.9579402987418496f,0.0655362771346033f,1.0886454883539949f,0.19868825831778059f,-0.12445451677620084f,0.9721286176533686f,0.14134352911080983f,0f,0f,0f,1f], start_interpolation: 0, interpolation_duration: 1 }
$data merge entity $(bone_right_arm) { transformation: [0.9886813643962991f,0.1445900340169958f,-0.04003600577525652f,-0.3384644378077775f,-0.10445166882247373f,0.8549210410365072f,0.5081337053111663f,1.3023757486131218f,0.10769869347244958f,-0.4982004974465791f,0.8603471716512517f,0.016793404749165044f,0f,0f,0f,1f], start_interpolation: 0, interpolation_duration: 1 }
$data merge entity $(bone_left_forearm) { transformation: [0.9990482215818708f,-0.03345890943195518f,-0.027984859008495837f,0.2957916134711637f,0.041600549111252286f,0.9237902995121332f,0.38063220678356324f,1.0809524047292878f,0.013116602751606709f,-0.3814341147654563f,0.9243029648472135f,0.05940753620044102f,0f,0f,0f,1f], start_interpolation: 0, interpolation_duration: 1 }
$data merge entity $(bone_left_arm) { transformation: [0.9990482215818708f,-0.03940365116108754f,-0.018708373239715283f,0.2859407006808918f,0.041600549111252286f,0.9896947483134663f,0.13701715029289904f,1.3283760918076544f,0.013116602751606709f,-0.13766501892608715f,0.9903919917367753f,0.024991281468919237f,0f,0f,0f,1f], start_interpolation: 0, interpolation_duration: 1 }
$data merge entity $(bone_head) { transformation: [0.9990482215818708f,-0.0424535847950245f,-0.010017189833123573f,-0.02888805541978716f,0.041600549111252286f,0.9964008407260254f,-0.073856339701557f,1.3777857611218156f,0.013116602751606709f,0.07336932423377743f,0.9972185803492308f,0.022981577419946355f,0f,0f,0f,1f], start_interpolation: 0, interpolation_duration: 1 }
$data merge entity $(bone_torso) { transformation: [0.9990482215818708f,-0.042018989701508594f,-0.01170706874352775f,0f,0.041600549111252286f,0.998557454582842f,-0.03394707956036543f,0.6912775110961118f,0.013116602751606709f,0.033427748974467424f,0.9993550621929909f,0f,0f,0f,0f,1f], start_interpolation: 0, interpolation_duration: 1 }
$data merge entity $(bone_upper_body) { transformation: [0.9990482215818708f,-0.042018989701508594f,-0.01170706874352775f,0f,0.041600549111252286f,0.998557454582842f,-0.03394707956036543f,0.6912775110961118f,0.013116602751606709f,0.033427748974467424f,0.9993550621929909f,0f,0f,0f,0f,1f], start_interpolation: 0, interpolation_duration: 1 }
$data merge entity $(bone_right_lower_leg) { transformation: [1f,0f,0f,-0.125f,0f,0.9968666415720029f,0.07910056207736904f,0.3512904531759201f,0f,-0.07910056207736904f,0.9968666415720029f,0.24519029744831622f,0f,0f,0f,1f], start_interpolation: 0, interpolation_duration: 1 }
$data merge entity $(bone_right_leg) { transformation: [1f,0f,0f,-0.125f,0f,0.7566321544538445f,0.6538407931955099f,0.6350275110961118f,0f,-0.6538407931955099f,0.7566321544538445f,0f,0f,0f,0f,1f], start_interpolation: 0, interpolation_duration: 1 }
$data merge entity $(bone_left_lower_leg) { transformation: [1f,0f,0f,0.125f,0f,0.6738239168688303f,-0.738891960340311f,0.2600275110961118f,0f,0.738891960340311f,0.6738239168688303f,0f,0f,0f,0f,1f], start_interpolation: 0, interpolation_duration: 1 }
$data merge entity $(bone_left_leg) { transformation: [1f,0f,0f,0.125f,0f,1f,0f,0.6350275110961118f,0f,0f,1f,0f,0f,0f,0f,1f], start_interpolation: 0, interpolation_duration: 1 }