# This file was generated by Animated Java via MC-Build. It is not recommended to edit this file directly.
$data merge entity $(bone_right_forearm) { transformation: [0.9352955716610452f,-0.29248980668039976f,-0.19917807765740989f,-0.3746236231613818f,0.2969850597857667f,0.954851806598737f,-0.007609316603525318f,1.0955353892142847f,0.1924111948283765f,-0.05203595317845583f,0.9799337690280532f,0.12720106663706535f,0f,0f,0f,1f], start_interpolation: 0, interpolation_duration: 1 }
$data merge entity $(bone_right_arm) { transformation: [0.9884792303052998f,0.1456949790671239f,-0.04100956388054333f,-0.33819987839460086f,-0.1011429561745229f,0.8374051033511409f,0.5371431795133805f,1.3048866650520698f,0.11260068237502194f,-0.5268070481268217f,0.8424935728968999f,-0.00450069539464007f,0f,0f,0f,1f], start_interpolation: 0, interpolation_duration: 1 }
$data merge entity $(bone_left_forearm) { transformation: [0.9990482215818708f,-0.032652116983404755f,-0.028922140491381705f,0.2958974555760334f,0.04160054911125229f,0.912628443782482f,0.4066678225687489f,1.0847200614141117f,0.01311660275160671f,-0.4074839418377947f,0.9131181697220734f,0.046216537316345355f,0f,0f,0f,1f], start_interpolation: 0, interpolation_duration: 1 }
$data merge entity $(bone_left_arm) { transformation: [0.9990482215818708f,-0.038768781927859826f,-0.019990810437078822f,0.28620526009406844f,0.04160054911125229f,0.9846677873299631f,0.16940703323167267f,1.3308870082466024f,0.01311660275160671f,-0.17007742396492492f,0.9853434043975287f,0.003697181325114124f,0f,0f,0f,1f], start_interpolation: 0, interpolation_duration: 1 }
$data merge entity $(bone_head) { transformation: [0.9990482215818708f,-0.04188873369475438f,-0.012164906228620062f,-0.028597040065292807f,0.04160054911125229f,0.9988684461662161f,-0.023048244339459963f,1.3803327315110667f,0.01311660275160671f,0.022520240738924408f,0.9996603390598816f,-0.00044193273823927025f,0f,0f,0f,1f], start_interpolation: 0, interpolation_duration: 1 }
$data merge entity $(bone_torso) { transformation: [0.9990482215818708f,-0.0415956946404259f,-0.013131989243127409f,0f,0.04160054911125229f,0.9991343177876887f,0.00009660523896512345f,0.6934278880320307f,0.01311660275160671f,-0.0006428112556207567f,0.9999137670449119f,0f,0f,0f,0f,1f], start_interpolation: 0, interpolation_duration: 1 }
$data merge entity $(bone_upper_body) { transformation: [0.9990482215818708f,-0.0415956946404259f,-0.013131989243127409f,0f,0.04160054911125229f,0.9991343177876887f,0.00009660523896512345f,0.6934278880320307f,0.01311660275160671f,-0.0006428112556207567f,0.9999137670449119f,0f,0f,0f,0f,1f], start_interpolation: 0, interpolation_duration: 1 }
$data merge entity $(bone_right_lower_leg) { transformation: [1f,0f,0f,-0.125f,0f,0.9971505243155872f,0.07543760240854364f,0.3454900591953946f,0f,-0.07543760240854364f,0.9971505243155872f,0.2356760711412368f,0f,0f,0f,1f], start_interpolation: 0, interpolation_duration: 1 }
$data merge entity $(bone_right_leg) { transformation: [1f,0f,0f,-0.125f,0f,0.7778342102310295f,0.6284695230432981f,0.6371778880320307f,0f,-0.6284695230432981f,0.7778342102310295f,0f,0f,0f,0f,1f], start_interpolation: 0, interpolation_duration: 1 }
$data merge entity $(bone_left_lower_leg) { transformation: [1f,0f,0f,0.125f,0f,0.7018193524926004f,-0.7123549652152831f,0.2621778880320307f,0f,0.7123549652152831f,0.7018193524926004f,0f,0f,0f,0f,1f], start_interpolation: 0, interpolation_duration: 1 }
$data merge entity $(bone_left_leg) { transformation: [1f,0f,0f,0.125f,0f,1f,0f,0.6371778880320307f,0f,0f,1f,0f,0f,0f,0f,1f], start_interpolation: 0, interpolation_duration: 1 }