# This file was generated by Animated Java via MC-Build. It is not recommended to edit this file directly.
$data merge entity $(bone_right_forearm) { transformation: [0.9321202977549954f,-0.31602251720491487f,-0.1768658223982462f,-0.37461458770921996f,0.31109582886120873f,0.9487465301423088f,-0.05567231635280473f,1.102476597147285f,0.18539454085354362f,-0.003128923520715199f,0.9826591850989361f,0.11391286186829609f,0f,0f,0f,1f], start_interpolation: 0, interpolation_duration: 1 }
$data merge entity $(bone_right_arm) { transformation: [0.9882864674186784f,0.14675122874054575f,-0.04188000931529735f,-0.33792678052408354f,-0.09791816884551853f,0.8202523193466476f,0.5635584839361271f,1.307539676983947f,0.11705507475991761f,-0.552856409449674f,0.82501387867318f,-0.024301240494122394f,0f,0f,0f,1f], start_interpolation: 0, interpolation_duration: 1 }
$data merge entity $(bone_left_forearm) { transformation: [0.9990482215818708f,-0.03197555360073801f,-0.029668416304674906f,0.29601694958086355f,0.041600549111252286f,0.9029945082412454f,0.42763338550654995f,1.0887479409085046f,0.013116602751606709f,-0.428460595688889f,0.9034652581445393f,0.033754967491932866f,0f,0f,0f,1f], start_interpolation: 0, interpolation_duration: 1 }
$data merge entity $(bone_left_arm) { transformation: [0.9990482215818708f,-0.03815436646511115f,-0.021139897675891695f,0.28647835796458576f,0.041600549111252286f,0.9791683170798994f,0.1987430530623894f,1.3335400201784795f,0.013116602751606709f,-0.19943332506520428f,0.9798236084039275f,-0.0161033637743682f,0f,0f,0f,1f], start_interpolation: 0, interpolation_duration: 1 }
$data merge entity $(bone_head) { transformation: [0.9990482215818708f,-0.041249326455402226f,-0.014182525200993792f,-0.028296632407723767f,0.041600549111252286f,0.9988105959941881f,0.025432020041217033f,1.3829542004517974f,0.013116602751606709f,-0.025997815229557887f,0.9995759442561362f,-0.022222532347669827f,0f,0f,0f,1f], start_interpolation: 0, interpolation_duration: 1 }
$data merge entity $(bone_torso) { transformation: [0.9990482215818708f,-0.0411587380475982f,-0.01444331113112094f,0f,0.041600549111252286f,0.9986296299293494f,0.03175305561379605f,0.6963963298753697f,0.013116602751606709f,-0.03232368341479248f,0.9993913819033846f,0f,0f,0f,0f,1f], start_interpolation: 0, interpolation_duration: 1 }
$data merge entity $(bone_upper_body) { transformation: [0.9990482215818708f,-0.0411587380475982f,-0.01444331113112094f,0f,0.041600549111252286f,0.9986296299293494f,0.03175305561379605f,0.6963963298753697f,0.013116602751606709f,-0.03232368341479248f,0.9993913819033846f,0f,0f,0f,0f,1f], start_interpolation: 0, interpolation_duration: 1 }
$data merge entity $(bone_right_lower_leg) { transformation: [1f,0f,0f,-0.125f,0f,0.9975394097465451f,0.07010795962310234f,0.3374654614942524f,0f,-0.07010795962310234f,0.9975394097465451f,0.2213804235158402f,0f,0f,0f,1f], start_interpolation: 0, interpolation_duration: 1 }
$data merge entity $(bone_right_leg) { transformation: [1f,0f,0f,-0.125f,0f,0.807148982349646f,0.5903477960422405f,0.6401463298753697f,0f,-0.5903477960422405f,0.807148982349646f,0f,0f,0f,0f,1f], start_interpolation: 0, interpolation_duration: 1 }
$data merge entity $(bone_left_lower_leg) { transformation: [1f,0f,0f,0.125f,0f,0.7406641898652113f,-0.6718754035171328f,0.2651463298753697f,0f,0.6718754035171328f,0.7406641898652113f,0f,0f,0f,0f,1f], start_interpolation: 0, interpolation_duration: 1 }
$data merge entity $(bone_left_leg) { transformation: [1f,0f,0f,0.125f,0f,1f,0f,0.6401463298753697f,0f,0f,1f,0f,0f,0f,0f,1f], start_interpolation: 0, interpolation_duration: 1 }