# This file was generated by Animated Java via MC-Build. It is not recommended to edit this file directly.
$data merge entity $(bone_right_forearm) { transformation: [0.9298009054875843f,-0.33163634110319773f,-0.1596484056110545f,-0.374590169473427f,0.32198923935760243f,0.9430377722576477f,-0.08368207593771715f,1.1097794018738947f,0.17830649425183864f,0.026402601292612793f,0.983620707769312f,0.10188778209001256f,0f,0f,0f,1f], start_interpolation: 0, interpolation_duration: 1 }
$data merge entity $(bone_right_arm) { transformation: [0.9881097235667564f,0.14772172634388742f,-0.042631745903841396f,-0.3376597378874551f,-0.09490580259956939f,0.8041659131750502f,0.5867794072053564f,1.3108208801676573f,0.12096306389042746f,-0.5757564377871249f,0.8086238071692676f,-0.04205132735676866f,0f,0f,0f,1f], start_interpolation: 0, interpolation_duration: 1 }
$data merge entity $(bone_left_forearm) { transformation: [0.9990482215818708f,-0.031511150795188014f,-0.030161205706405254f,0.2961442354338748f,0.04160054911125229f,0.8962474477411619f,0.44159926033803043f,1.0933948436692529f,0.013116602751606712f,-0.4424336784118227f,0.8967052999393058f,0.0223182466257388f,0f,0f,0f,1f], start_interpolation: 0, interpolation_duration: 1 }
$data merge entity $(bone_left_arm) { transformation: [0.9990482215818708f,-0.03759533933064246f,-0.02211880228934241f,0.2867454006012142f,0.04160054911125229f,0.9737055187717483f,0.2239798138830437f,1.33682122336219f,0.013116602751606712f,-0.22468678905101308f,0.9743427536335466f,-0.03385345063701447f,0f,0f,0f,1f], start_interpolation: 0, interpolation_duration: 1 }
$data merge entity $(bone_head) { transformation: [0.9990482215818708f,-0.04056520754403767f,-0.016034802493648647f,-0.028002885507432504f,0.04160054911125229f,0.9966362352276337f,0.070608844665037f,1.3861537517492901f,0.013116602751606712f,-0.07120869727918205f,0.9973751932768624f,-0.04174762789658072f,0f,0f,0f,1f], start_interpolation: 0, interpolation_duration: 1 }
$data merge entity $(bone_torso) { transformation: [0.9990482215818708f,-0.040731469828992735f,-0.01560763658184754f,0f,0.04160054911125229f,0.997323199749864f,0.06013176826216866f,0.7004940519212586f,0.013116602751606712f,-0.0607238223950265f,0.998068420563437f,0f,0f,0f,0f,1f], start_interpolation: 0, interpolation_duration: 1 }
$data merge entity $(bone_upper_body) { transformation: [0.9990482215818708f,-0.040731469828992735f,-0.01560763658184754f,0f,0.04160054911125229f,0.997323199749864f,0.06013176826216866f,0.7004940519212586f,0.013116602751606712f,-0.0607238223950265f,0.998068420563437f,0f,0f,0f,0f,1f], start_interpolation: 0, interpolation_duration: 1 }
$data merge entity $(bone_right_lower_leg) { transformation: [1f,0f,0f,-0.125f,0f,0.9980541979701132f,0.062352368954470994f,0.3268296393956791f,0f,-0.062352368954470994f,0.9980541979701132f,0.19968247474688736f,0f,0f,0f,1f], start_interpolation: 0, interpolation_duration: 1 }
$data merge entity $(bone_right_leg) { transformation: [1f,0f,0f,-0.125f,0f,0.8464384334015451f,0.532486599325033f,0.6442440519212586f,0f,-0.532486599325033f,0.8464384334015451f,0f,0f,0f,0f,1f], start_interpolation: 0, interpolation_duration: 1 }
$data merge entity $(bone_left_lower_leg) { transformation: [1f,0f,0f,0.125f,0f,0.792971872298332f,-0.6092582455278532f,0.26924405192125855f,0f,0.6092582455278532f,0.792971872298332f,0f,0f,0f,0f,1f], start_interpolation: 0, interpolation_duration: 1 }
$data merge entity $(bone_left_leg) { transformation: [1f,0f,0f,0.125f,0f,1f,0f,0.6442440519212586f,0f,0f,1f,0f,0f,0f,0f,1f], start_interpolation: 0, interpolation_duration: 1 }