# This file was generated by Animated Java via MC-Build. It is not recommended to edit this file directly.
$data merge entity $(bone_right_forearm) { transformation: [0.9282319435319841f,-0.3413916363640387f,-0.1477741845774126f,-0.3745569249106566f,0.3299915647372277f,0.939032338928355f,-0.09656000025382877f,1.1179134703172409f,0.1717295146709247f,0.04086584230659207f,0.9842961732748234f,0.09149816815399126f,0f,0f,0f,1f], start_interpolation: 0, interpolation_duration: 1 }
$data merge entity $(bone_right_arm) { transformation: [0.9879552943091431f,0.1485711894149873f,-0.04325434223693968f,-0.3374141275569098f,-0.0922327425429931f,0.7898454358284323f,0.6063310223829819f,1.315374829274349f,0.12424756597025269f,-0.5950384770557363f,0.7940351082752308f,-0.05726145110994283f,0f,0f,0f,1f], start_interpolation: 0, interpolation_duration: 1 }
$data merge entity $(bone_left_forearm) { transformation: [0.9990482215818708f,-0.03135996483876648f,-0.030318369999267798f,0.2962733279966655f,0.0416005491112523f,0.8940284537282824f,0.4460745657822899f,1.0991604636557368f,0.013116602751606712f,-0.4469112624778296f,0.8944821284982327f,0.012139966556966357f,0f,0f,0f,1f], start_interpolation: 0, interpolation_duration: 1 }
$data merge entity $(bone_left_arm) { transformation: [0.9990482215818708f,-0.03712926825962394f,-0.022892540108211096f,0.2869910109317595f,0.0416005491112523f,0.9688588352525787f,0.2440941450888543f,1.3413751724688816f,0.013116602751606712f,-0.24481416378861998f,0.9694812942706709f,-0.04906357439018864f,0f,0f,0f,1f], start_interpolation: 0, interpolation_duration: 1 }
$data merge entity $(bone_head) { transformation: [0.9990482215818708f,-0.03986959968996903f,-0.01769367046892172f,-0.0277327141438327f,0.0416005491112523f,0.9928775772444728f,0.11164009548002109f,1.390597434492099f,0.013116602751606712f,-0.11226990525384602f,0.9935911750345556f,-0.05847876402507231f,0f,0f,0f,1f], start_interpolation: 0, interpolation_duration: 1 }
$data merge entity $(bone_torso) { transformation: [0.9990482215818708f,-0.04033849330012029f,-0.016596894660668347f,0f,0.0416005491112523f,0.9955589379277401f,0.0844499581162267f,0.7061506646667778f,0.013116602751606712f,-0.08506002040010517f,0.9962894898882504f,0f,0f,0f,0f,1f], start_interpolation: 0, interpolation_duration: 1 }
$data merge entity $(bone_upper_body) { transformation: [0.9990482215818708f,-0.04033849330012029f,-0.016596894660668347f,0f,0.0416005491112523f,0.9955589379277401f,0.0844499581162267f,0.7061506646667778f,0.013116602751606712f,-0.08506002040010517f,0.9962894898882504f,0f,0f,0f,0f,1f], start_interpolation: 0, interpolation_duration: 1 }
$data merge entity $(bone_right_lower_leg) { transformation: [1f,0f,0f,-0.125f,0f,0.9986953251625059f,0.051065129967098444f,0.31384538295617365f,0f,-0.051065129967098444f,0.9986953251625059f,0.1664086765598672f,0f,0f,0f,1f], start_interpolation: 0, interpolation_duration: 1 }
$data merge entity $(bone_right_leg) { transformation: [1f,0f,0f,-0.125f,0f,0.8961474178949443f,0.4437564708263126f,0.6499006646667778f,0f,-0.4437564708263126f,0.8961474178949443f,0f,0f,0f,0f,1f], start_interpolation: 0, interpolation_duration: 1 }
$data merge entity $(bone_left_lower_leg) { transformation: [1f,0f,0f,0.125f,0f,0.8595452351013813f,-0.5110596724595976f,0.27490066466677776f,0f,0.5110596724595976f,0.8595452351013813f,0f,0f,0f,0f,1f], start_interpolation: 0, interpolation_duration: 1 }
$data merge entity $(bone_left_leg) { transformation: [1f,0f,0f,0.125f,0f,1f,0f,0.6499006646667778f,0f,0f,1f,0f,0f,0f,0f,1f], start_interpolation: 0, interpolation_duration: 1 }