# This file was generated by Animated Java via MC-Build. It is not recommended to edit this file directly.
$data merge entity $(bone_right_forearm) { transformation: [0.9272844436475925f,-0.34690955093235143f,-0.14070296386746425f,-0.37452180756197795f,0.33547115450171505f,0.9368400928435083f,-0.09894313992517634f,1.127537382803149f,0.16614049797223185f,0.04454664872783176f,0.9850953918380992f,0.08306580191299943f,0f,0f,0f,1f], start_interpolation: 0, interpolation_duration: 1 }
$data merge entity $(bone_right_arm) { transformation: [0.9878288029936014f,0.1492679651094091f,-0.04374163426673455f,-0.3372048162846257f,-0.09001610427423488f,0.7779401607277218f,0.6218570633981869f,1.3220224229850794f,0.12685171243431687f,-0.6103508670584672f,0.7819082184844067f,-0.06952191485161736f,0f,0f,0f,1f], start_interpolation: 0, interpolation_duration: 1 }
$data merge entity $(bone_left_forearm) { transformation: [0.9990482215818708f,-0.0316458344600354f,-0.030019862015492442f,0.29639906311896896f,0.041600549111252286f,0.8982150354522611f,0.4375832999568603f,1.1067141196831314f,0.013116602751606712f,-0.43841566035991614f,0.8986766178572998f,0.003371559026031895f,0f,0f,0f,1f], start_interpolation: 0, interpolation_duration: 1 }
$data merge entity $(bone_left_arm) { transformation: [0.9990482215818708f,-0.03679496365970144f,-0.023426088093884145f,0.2872003222040436f,0.041600549111252286f,0.9652345859859224f,0.2580534602175047f,1.348022766179612f,0.013116602751606712f,-0.25878238863158026f,0.9658465872313212f,-0.06132403813186317f,0f,0f,0f,1f], start_interpolation: 0, interpolation_duration: 1 }
$data merge entity $(bone_head) { transformation: [0.9990482215818708f,-0.039196498335402244f,-0.019138585954661825f,-0.027502471744320123f,0.041600549111252286f,0.9881355869245312f,0.14784267370064225f,1.3971289325672807f,0.013116602751606712f,-0.14849813591946226f,0.9888256966527019f,-0.07196527414091429f,0f,0f,0f,1f], start_interpolation: 0, interpolation_duration: 1 }
$data merge entity $(bone_torso) { transformation: [0.9990482215818708f,-0.04000359526446563f,-0.01738859741376494f,0f,0.041600549111252286f,0.9937014077589593f,0.10405242203574501f,0.7139592147329963f,0.013116602751606712f,-0.10467676238678443f,0.9944197957344157f,0f,0f,0f,0f,1f], start_interpolation: 0, interpolation_duration: 1 }
$data merge entity $(bone_upper_body) { transformation: [0.9990482215818708f,-0.04000359526446563f,-0.01738859741376494f,0f,0.041600549111252286f,0.9937014077589593f,0.10405242203574501f,0.7139592147329963f,0.013116602751606712f,-0.10467676238678443f,0.9944197957344157f,0f,0f,0f,0f,1f], start_interpolation: 0, interpolation_duration: 1 }
$data merge entity $(bone_right_lower_leg) { transformation: [1f,0f,0f,-0.125f,0f,0.9993456072666884f,0.03617122111256288f,0.30241354253811153f,0f,-0.03617122111256288f,0.9993456072666884f,0.11995826490736275f,0f,0f,0f,1f], start_interpolation: 0, interpolation_duration: 1 }
$data merge entity $(bone_right_leg) { transformation: [1f,0f,0f,-0.125f,0f,0.9474551258530259f,0.319888706419634f,0.6577092147329963f,0f,-0.319888706419634f,0.9474551258530259f,0f,0f,0f,0f,1f], start_interpolation: 0, interpolation_duration: 1 }
$data merge entity $(bone_left_lower_leg) { transformation: [1f,0f,0f,0.125f,0f,0.92870888385192f,-0.3708096668838625f,0.28270921473299626f,0f,0.3708096668838625f,0.92870888385192f,0f,0f,0f,0f,1f], start_interpolation: 0, interpolation_duration: 1 }
$data merge entity $(bone_left_leg) { transformation: [1f,0f,0f,0.125f,0f,1f,0f,0.6577092147329963f,0f,0f,1f,0f,0f,0f,0f,1f], start_interpolation: 0, interpolation_duration: 1 }