# This file was generated by Animated Java via MC-Build. It is not recommended to edit this file directly.
$data merge entity $(bone_right_forearm) { transformation: [0.9268150202470707f,-0.3494669418415658f,-0.13742916285972687f,-0.3744913180707849f,0.33882431754451564f,0.9360222531403996f,-0.09518625671000619f,1.1395438578499621f,0.1619012047049525f,0.04165571012326613f,0.9859273815698657f,0.07685092756208706f,0f,0f,0f,1f], start_interpolation: 0, interpolation_duration: 1 }
$data merge entity $(bone_right_arm) { transformation: [0.9877349219656562f,0.1497856628682836f,-0.04409057868306977f,-0.337044902353714f,-0.08835568749129374f,0.7690056501887305f,0.6331062963403135f,1.3317952703971447f,0.1287361503907893f,-0.6214455448202335f,0.7728081510993807f,-0.07851045864297132f,0f,0f,0f,1f], start_interpolation: 0, interpolation_duration: 1 }
$data merge entity $(bone_left_forearm) { transformation: [0.9990482215818708f,-0.03251587748771453f,-0.029075224252017567f,0.2965180504960477f,0.0416005491112523f,0.9107078053111297f,0.4109509552964048f,1.116941180421217f,0.013116602751606712f,-0.41176936634066086f,0.911193691635136f,-0.003940325232156733f,0f,0f,0f,1f], start_interpolation: 0, interpolation_duration: 1 }
$data merge entity $(bone_left_arm) { transformation: [0.9990482215818708f,-0.03663125744436953f,-0.023681256979845744f,0.2873602361349553f,0.0416005491112523f,0.9634177326818414f,0.2647558623861276f,1.3577956135916773f,0.013116602751606712f,-0.2654890267642416f,0.9640246529005534f,-0.07031258192321713f,0f,0f,0f,1f], start_interpolation: 0, interpolation_duration: 1 }
$data merge entity $(bone_head) { transformation: [0.9990482215818708f,-0.03857812080806366f,-0.020356314720980737f,-0.027326566420317285f,0.0416005491112523f,0.9830227753311195f,0.1787053930186376f,1.4068011501296176f,0.013116602751606712f,-0.17938213895263344f,0.9836920264783255f,-0.08185267231140365f,0f,0f,0f,1f], start_interpolation: 0, interpolation_duration: 1 }
$data merge entity $(bone_torso) { transformation: [0.9990482215818708f,-0.03974773297500696f,-0.017965764037432847f,0f,0.0416005491112523f,0.9920913301633039f,0.11842375998273565f,0.7247383606423462f,0.013116602751606712f,-0.11905843245295077f,0.9928006065641292f,0f,0f,0f,0f,1f], start_interpolation: 0, interpolation_duration: 1 }
$data merge entity $(bone_upper_body) { transformation: [0.9990482215818708f,-0.03974773297500696f,-0.017965764037432847f,0f,0.0416005491112523f,0.9920913301633039f,0.11842375998273565f,0.7247383606423462f,0.013116602751606712f,-0.11905843245295077f,0.9928006065641292f,0f,0f,0f,0f,1f], start_interpolation: 0, interpolation_duration: 1 }
$data merge entity $(bone_right_lower_leg) { transformation: [1f,0f,0f,-0.125f,0f,0.9996906674543389f,0.02487105556059896f,0.3028456451215292f,0f,-0.02487105556059896f,0.9996906674543389f,0.08324905156554571f,0f,0f,0f,1f], start_interpolation: 0, interpolation_duration: 1 }
$data merge entity $(bone_right_leg) { transformation: [1f,0f,0f,-0.125f,0f,0.9750472413888454f,0.22199747084145524f,0.6684883606423462f,0f,-0.22199747084145524f,0.9750472413888454f,0f,0f,0f,0f,1f], start_interpolation: 0, interpolation_duration: 1 }
$data merge entity $(bone_left_lower_leg) { transformation: [1f,0f,0f,0.125f,0f,0.9660877543335532f,-0.2582139634619944f,0.2934883606423462f,0f,0.2582139634619944f,0.9660877543335532f,0f,0f,0f,0f,1f], start_interpolation: 0, interpolation_duration: 1 }
$data merge entity $(bone_left_leg) { transformation: [1f,0f,0f,0.125f,0f,1f,0f,0.6684883606423462f,0f,0f,1f,0f,0f,0f,0f,1f], start_interpolation: 0, interpolation_duration: 1 }