# This file was generated by Animated Java via MC-Build. It is not recommended to edit this file directly.
$data merge entity $(bone_right_forearm) { transformation: [1f,0f,0f,-0.31249999999999994f,0f,1f,0f,0.4816691049658901f,0f,0f,1f,0.010399396884391898f,0f,0f,0f,1f], start_interpolation: 0, interpolation_duration: 1 }
$data merge entity $(bone_right_arm) { transformation: [1f,0f,0f,-0.31249999999999994f,0f,1f,0f,0.7316691049658901f,0f,0f,1f,0.010399396884391898f,0f,0f,0f,1f], start_interpolation: 0, interpolation_duration: 1 }
$data merge entity $(bone_left_forearm) { transformation: [1f,0f,0f,0.31250000000000006f,0f,1f,0f,0.4816691049658901f,0f,0f,1f,0.010399396884391898f,0f,0f,0f,1f], start_interpolation: 0, interpolation_duration: 1 }
$data merge entity $(bone_left_arm) { transformation: [1f,0f,0f,0.31250000000000006f,0f,1f,0f,0.7316691049658901f,0f,0f,1f,0.010399396884391898f,0f,0f,0f,1f], start_interpolation: 0, interpolation_duration: 1 }
$data merge entity $(bone_head) { transformation: [1f,0f,0f,4.041334437186266e-17f,0f,0.3354515697502552f,-0.9420574527872967f,0.784086015462479f,0f,0.9420574527872967f,0.3354515697502552f,0.04443933657283111f,0f,0f,0f,1f], start_interpolation: 0, interpolation_duration: 1 }
$data merge entity $(bone_torso) { transformation: [1f,0f,0f,4.041334437186266e-17f,0f,0.838670567945424f,-0.5446390350150271f,0.20750000000000002f,0f,0.5446390350150271f,0.838670567945424f,-0.33f,0f,0f,0f,1f], start_interpolation: 0, interpolation_duration: 1 }
$data merge entity $(bone_upper_body) { transformation: [1f,0f,0f,4.041334437186266e-17f,0f,0.838670567945424f,-0.5446390350150271f,0.20750000000000002f,0f,0.5446390350150271f,0.838670567945424f,-0.33f,0f,0f,0f,1f], start_interpolation: 0, interpolation_duration: 1 }
$data merge entity $(bone_right_lower_leg) { transformation: [1f,0f,0f,-0.12499999999999996f,0f,0.18738131458572482f,0.9822872507286886f,0.08098200703035321f,0f,-0.9822872507286886f,0.18738131458572482f,0.038357719023258185f,0f,0f,0f,1f], start_interpolation: 0, interpolation_duration: 1 }
$data merge entity $(bone_right_leg) { transformation: [1f,0f,0f,-0.12499999999999996f,0f,0.18738131458572482f,0.9822872507286886f,0.15125000000000002f,0f,-0.9822872507286886f,0.18738131458572482f,-0.33f,0f,0f,0f,1f], start_interpolation: 0, interpolation_duration: 1 }
$data merge entity $(bone_left_lower_leg) { transformation: [1f,0f,0f,0.12500000000000003f,0f,0.18738131458572482f,0.9822872507286886f,0.08098200703035321f,0f,-0.9822872507286886f,0.18738131458572482f,0.038357719023258185f,0f,0f,0f,1f], start_interpolation: 0, interpolation_duration: 1 }
$data merge entity $(bone_left_leg) { transformation: [1f,0f,0f,0.12500000000000003f,0f,0.18738131458572482f,0.9822872507286886f,0.15125000000000002f,0f,-0.9822872507286886f,0.18738131458572482f,-0.33f,0f,0f,0f,1f], start_interpolation: 0, interpolation_duration: 1 }