# This file was generated by Animated Java via MC-Build. It is not recommended to edit this file directly.
$data merge entity $(bone_right_forearm) { transformation: [1f,0f,0f,-0.31249999999999994f,0f,1f,0f,0.4537282243121239f,0f,0f,1f,-0.05243357887030836f,0f,0f,0f,1f], start_interpolation: 0, interpolation_duration: 1 }
$data merge entity $(bone_right_arm) { transformation: [1f,0f,0f,-0.31249999999999994f,0f,1f,0f,0.7037282243121239f,0f,0f,1f,-0.05243357887030836f,0f,0f,0f,1f], start_interpolation: 0, interpolation_duration: 1 }
$data merge entity $(bone_left_forearm) { transformation: [1f,0f,0f,0.31250000000000006f,0f,1f,0f,0.4537282243121239f,0f,0f,1f,-0.05243357887030836f,0f,0f,0f,1f], start_interpolation: 0, interpolation_duration: 1 }
$data merge entity $(bone_left_arm) { transformation: [1f,0f,0f,0.31250000000000006f,0f,1f,0f,0.7037282243121239f,0f,0f,1f,-0.05243357887030836f,0f,0f,0f,1f], start_interpolation: 0, interpolation_duration: 1 }
$data merge entity $(bone_head) { transformation: [1f,0f,0f,4.592425496802574e-17f,0f,0.40217606883241763f,-0.9155623461340591f,0.7572610090294896f,0f,0.9155623461340591f,0.40217606883241763f,-0.020176936757339226f,0f,0f,0f,1f], start_interpolation: 0, interpolation_duration: 1 }
$data merge entity $(bone_torso) { transformation: [1f,0f,0f,4.592425496802574e-17f,0f,0.8565245554778514f,-0.5161062738075066f,0.16840037713846673f,0f,0.5161062738075066f,0.8565245554778514f,-0.375f,0f,0f,0f,1f], start_interpolation: 0, interpolation_duration: 1 }
$data merge entity $(bone_upper_body) { transformation: [1f,0f,0f,4.592425496802574e-17f,0f,0.8565245554778514f,-0.5161062738075066f,0.16840037713846673f,0f,0.5161062738075066f,0.8565245554778514f,-0.375f,0f,0f,0f,1f], start_interpolation: 0, interpolation_duration: 1 }
$data merge entity $(bone_right_lower_leg) { transformation: [1f,0f,0f,-0.12499999999999996f,0f,0.007392932356431112f,0.9999726719021742f,0.06681279025555724f,0f,-0.9999726719021742f,0.007392932356431112f,-0.0027507512222023633f,0f,0f,0f,1f], start_interpolation: 0, interpolation_duration: 1 }
$data merge entity $(bone_right_leg) { transformation: [1f,0f,0f,-0.12499999999999996f,0f,0.12090023168775865f,0.9926646634074603f,0.11215037713846673f,0f,-0.9926646634074603f,0.12090023168775865f,-0.375f,0f,0f,0f,1f], start_interpolation: 0, interpolation_duration: 1 }
$data merge entity $(bone_left_lower_leg) { transformation: [1f,0f,0f,0.12500000000000006f,0f,0.007392932356431112f,0.9999726719021742f,0.06681279025555724f,0f,-0.9999726719021742f,0.007392932356431112f,-0.0027507512222023633f,0f,0f,0f,1f], start_interpolation: 0, interpolation_duration: 1 }
$data merge entity $(bone_left_leg) { transformation: [1f,0f,0f,0.12500000000000006f,0f,0.12090023168775865f,0.9926646634074603f,0.11215037713846673f,0f,-0.9926646634074603f,0.12090023168775865f,-0.375f,0f,0f,0f,1f], start_interpolation: 0, interpolation_duration: 1 }
execute on vehicle unless entity @s[tag=aj.transforms_only] at @s run function animated_java:rend_fallen_tether/animations/rise_1/zzz/frames/zzz/1