# This file was generated by Animated Java via MC-Build. It is not recommended to edit this file directly.
$data merge entity $(bone_right_forearm) { transformation: [0.9266728791247778f,-0.3501281936381774f,-0.13670268144503187f,-0.37447072948361465f,0.3404614320614108f,0.9359976488137884f,-0.08941149083732652f,1.1551294581285092f,0.1592588721964597f,0.03631321294965367f,0.9865687822914248f,0.07304438181953411f,0f,0f,0f,1f], start_interpolation: 0, interpolation_duration: 1 }
$data merge entity $(bone_right_arm) { transformation: [0.9876771492567259f,0.15010447396877616f,-0.04430006468013266f,-0.3369446109914206f,-0.08732760804218845f,0.7634668761429554f,0.639915789699041f,1.3459961771642481f,0.12987585499136026f,-0.628161584249685f,0.7671670524489362f,-0.08399601424288715f,0f,0f,0f,1f], start_interpolation: 0, interpolation_duration: 1 }
$data merge entity $(bone_left_forearm) { transformation: [0.9990482215818708f,-0.03396915021386628f,-0.027363256163127937f,0.29662951244863267f,0.04160054911125229f,0.9306506100463695f,0.36353656808354556f,1.131017447474079f,0.013116602751606712f,-0.364328888305701f,0.9311779721826482f,-0.009881401055139474f,0f,0f,0f,1f], start_interpolation: 0, interpolation_duration: 1 }
$data merge entity $(bone_left_arm) { transformation: [0.9990482215818708f,-0.03667593980553577f,-0.023611996812677404f,0.2874605274972487f,0.04160054911125229f,0.9639162915388069f,0.26293492963034787f,1.3719965203587807f,0.013116602751606712f,-0.2636669458719739f,0.9645245960507187f,-0.07579813752313296f,0f,0f,0f,1f], start_interpolation: 0, interpolation_duration: 1 }
$data merge entity $(bone_head) { transformation: [0.9990482215818708f,-0.03804264060320664f,-0.02134030107651775f,-0.027216245921794537f,0.04160054911125229f,0.9781093621125934f,0.20389082878182097f,1.4209341634336137f,0.013116602751606712f,-0.20458453813431454f,0.9787610134698999f,-0.08788678347131106f,0f,0f,0f,1f], start_interpolation: 0, interpolation_duration: 1 }
$data merge entity $(bone_torso) { transformation: [0.9990482215818708f,-0.03958726679533751f,-0.018316638932291573f,0f,0.04160054911125229f,0.9910050347535863f,0.12719440006024443f,0.7396182020405231f,0.013116602751606712f,-0.1278353214128161f,0.9917086695857501f,0f,0f,0f,0f,1f], start_interpolation: 0, interpolation_duration: 1 }
$data merge entity $(bone_upper_body) { transformation: [0.9990482215818708f,-0.03958726679533751f,-0.018316638932291573f,0f,0.04160054911125229f,0.9910050347535863f,0.12719440006024443f,0.7396182020405231f,0.013116602751606712f,-0.1278353214128161f,0.9917086695857501f,0f,0f,0f,0f,1f], start_interpolation: 0, interpolation_duration: 1 }
$data merge entity $(bone_right_lower_leg) { transformation: [1f,0f,0f,-0.125f,0f,0.9998537824205518f,0.017100110505956112f,0.31280090878280176f,0f,-0.017100110505956112f,0.9998537824205518f,0.057488095877720524f,0f,0f,0f,1f], start_interpolation: 0, interpolation_duration: 1 }
$data merge entity $(bone_right_leg) { transformation: [1f,0f,0f,-0.125f,0f,0.9881794486872568f,0.15330158900725474f,0.6833682020405231f,0f,-0.15330158900725474f,0.9881794486872568f,0f,0f,0f,0f,1f], start_interpolation: 0, interpolation_duration: 1 }
$data merge entity $(bone_left_lower_leg) { transformation: [1f,0f,0f,0.125f,0f,0.9839223862777713f,-0.17859657830276648f,0.30836820204052307f,0f,0.17859657830276648f,0.9839223862777713f,0f,0f,0f,0f,1f], start_interpolation: 0, interpolation_duration: 1 }
$data merge entity $(bone_left_leg) { transformation: [1f,0f,0f,0.125f,0f,1f,0f,0.6833682020405231f,0f,0f,1f,0f,0f,0f,0f,1f], start_interpolation: 0, interpolation_duration: 1 }