# This file was generated by Animated Java via MC-Build. It is not recommended to edit this file directly.
$data merge entity $(bone_right_forearm) { transformation: [0.926704738889227f,-0.34986026781824253f,-0.13717186272117565f,-0.3744634705018501f,0.34079570588534397f,0.9362368551479907f,-0.08555020697058785f,1.1742479006477726f,0.1583559716915013f,0.03253220042892724f,0.9868460073207432f,0.0717625089195919f,0f,0f,0f,1f], start_interpolation: 0, interpolation_duration: 1 }
$data merge entity $(bone_right_arm) { transformation: [0.9876576478099501f,0.150212128943414f,-0.04436988889780494f,-0.3369104382659966f,-0.08697951009150486f,0.7615903556934838f,0.6421952155995205f,1.3646454895711435f,0.13025719000023836f,-0.6304097448746807f,0.7652559166842695f,-0.08583992729907827f,0f,0f,0f,1f], start_interpolation: 0, interpolation_duration: 1 }
$data merge entity $(bone_left_forearm) { transformation: [0.9990482215818708f,-0.035261844047939965f,-0.025675928579896215f,0.2967358368709888f,0.04160054911125229f,0.9472556442323635f,0.31776742876445363f,1.1488738800152247f,0.013116602751606709f,-0.3185331173116362f,0.9478209788288018f,-0.014706176416167324f,0f,0f,0f,1f], start_interpolation: 0, interpolation_duration: 1 }
$data merge entity $(bone_left_arm) { transformation: [0.9990482215818708f,-0.03696454659326452f,-0.023157574338767573f,0.2874947002226727f,0.04160054911125229f,0.9670878110018051f,0.2510190433520516f,1.390645832765676f,0.013116602751606709f,-0.251743496652627f,0.9677051031307861f,-0.07764205057932408f,0f,0f,0f,1f], start_interpolation: 0, interpolation_duration: 1 }
$data merge entity $(bone_head) { transformation: [0.9990482215818708f,-0.037612378781557425f,-0.022089814768209794f,-0.02717865592382812f,0.04160054911125229f,0.9738778877739754f,0.22322915136366578f,1.439559547489303f,0.013116602751606709f,-0.22393563509922393f,0.9745156674291922f,-0.0899150878331213f,0f,0f,0f,1f], start_interpolation: 0, interpolation_duration: 1 }
$data merge entity $(bone_torso) { transformation: [0.9990482215818708f,-0.039532590434659086f,-0.018434349666496815f,0f,0.04160054911125229f,0.9906221811342927f,0.13014257012361033f,0.7585067979594768f,0.013116602751606709f,-0.1307855823027219f,0.9913239057916411f,0f,0f,0f,0f,1f], start_interpolation: 0, interpolation_duration: 1 }
$data merge entity $(bone_upper_body) { transformation: [0.9990482215818708f,-0.039532590434659086f,-0.018434349666496815f,0f,0.04160054911125229f,0.9906221811342927f,0.13014257012361033f,0.7585067979594768f,0.013116602751606709f,-0.1307855823027219f,0.9913239057916411f,0f,0f,0f,0f,1f], start_interpolation: 0, interpolation_duration: 1 }
$data merge entity $(bone_right_lower_leg) { transformation: [1f,0f,0f,-0.125f,0f,0.9999308857916113f,0.011756855021797463f,0.3293542081321388f,0f,-0.011756855021797463f,0.9999308857916113f,0.03960629369259464f,0f,0f,0f,1f], start_interpolation: 0, interpolation_duration: 1 }
$data merge entity $(bone_right_leg) { transformation: [1f,0f,0f,-0.125f,0f,0.9944069062062348f,0.10561678318025237f,0.7022567979594768f,0f,-0.10561678318025237f,0.9944069062062348f,0f,0f,0f,0f,1f], start_interpolation: 0, interpolation_duration: 1 }
$data merge entity $(bone_left_lower_leg) { transformation: [1f,0f,0f,0.125f,0f,0.9923897430559618f,-0.12313650099512306f,0.3272567979594768f,0f,0.12313650099512306f,0.9923897430559618f,0f,0f,0f,0f,1f], start_interpolation: 0, interpolation_duration: 1 }
$data merge entity $(bone_left_leg) { transformation: [1f,0f,0f,0.125f,0f,1f,0f,0.7022567979594768f,0f,0f,1f,0f,0f,0f,0f,1f], start_interpolation: 0, interpolation_duration: 1 }