# This file was generated by Animated Java via MC-Build. It is not recommended to edit this file directly.
$data merge entity $(bone_right_forearm) { transformation: [0.9267669322221075f,-0.3495366337155784f,-0.1375761426643632f,-0.37444653952148826f,0.3406173302871002f,0.9363933733359402f,-0.08454161508172597f,1.189133005316945f,0.15837577986457424f,0.03148955482886079f,0.9868766489734004f,0.07182033920297262f,0f,0f,0f,1f], start_interpolation: 0, interpolation_duration: 1 }
$data merge entity $(bone_right_arm) { transformation: [0.9876566519969647f,0.15022978513066865f,-0.04433226168085488f,-0.3368890932388211f,-0.08703280090452803f,0.761662420563672f,0.6421025219291705f,1.3795486104578631f,0.13022914164218177f,-0.6303184661428549f,0.7653358752250278f,-0.08575927733274111f,0f,0f,0f,1f], start_interpolation: 0, interpolation_duration: 1 }
$data merge entity $(bone_left_forearm) { transformation: [0.9990500189395316f,-0.036368174031395244f,-0.024008656241941408f,0.29687446151462243f,0.04156127202976439f,0.9608366652562758f,0.273980954386372f,1.1624313452493928f,0.013104210170379917f,-0.2747185079619163f,0.9614353961962234f,-0.0199652820544959f,0f,0f,0f,1f], start_interpolation: 0, interpolation_duration: 1 }
$data merge entity $(bone_left_arm) { transformation: [0.9990500189395316f,-0.037429171664945124f,-0.02231852964237637f,0.28751716859838616f,0.04156127202976439f,0.9723722409082921f,0.22970608563608852f,1.405524405476466f,0.013104210170379917f,-0.23041545568703106f,0.9730041096811196f,-0.07756914597625367f,0f,0f,0f,1f], start_interpolation: 0, interpolation_duration: 1 }
$data merge entity $(bone_head) { transformation: [0.9990500189395316f,-0.03720276788058031f,-0.022693913698285408f,-0.027154558552239215f,0.04156127202976439f,0.9700123473044312f,0.23947590013238357f,1.4544514948281155f,0.013104210170379917f,-0.24019159048345365f,0.9706370483022164f,-0.08983063281994713f,0f,0f,0f,1f], start_interpolation: 0, interpolation_duration: 1 }
$data merge entity $(bone_torso) { transformation: [0.9990500189395316f,-0.03949753971234795f,-0.018412061633425535f,0f,0.04156127202976439f,0.9906397897752169f,0.1300210274585685f,0.7733866393576538f,0.013104210170379917f,-0.13066273864719583f,0.9913402687296754f,0f,0f,0f,0f,1f], start_interpolation: 0, interpolation_duration: 1 }
$data merge entity $(bone_upper_body) { transformation: [0.9990500189395316f,-0.03949753971234795f,-0.018412061633425535f,0f,0.04156127202976439f,0.9906397897752169f,0.1300210274585685f,0.7733866393576538f,0.013104210170379917f,-0.13066273864719583f,0.9913402687296754f,0f,0f,0f,0f,1f], start_interpolation: 0, interpolation_duration: 1 }
$data merge entity $(bone_right_lower_leg) { transformation: [1f,0f,0f,-0.125f,0f,0.9999673312781642f,0.00808309200901948f,0.343128519621515f,0f,-0.00808309200901948f,0.9999673312781642f,0.02725667572243671f,0f,0f,0f,1f], start_interpolation: 0, interpolation_duration: 1 }
$data merge entity $(bone_right_leg) { transformation: [1f,0f,0f,-0.125f,0f,0.9973549859630367f,0.07268446859316456f,0.7171366393576538f,0f,-0.07268446859316456f,0.9973549859630367f,0f,0f,0f,0f,1f], start_interpolation: 0, interpolation_duration: 1 }
$data merge entity $(bone_left_lower_leg) { transformation: [1f,0f,0f,0.125f,0f,0.9964004153836471f,-0.08477152955618743f,0.3421366393576538f,0f,0.08477152955618743f,0.9964004153836471f,0f,0f,0f,0f,1f], start_interpolation: 0, interpolation_duration: 1 }
$data merge entity $(bone_left_leg) { transformation: [1f,0f,0f,0.125f,0f,1f,0f,0.7171366393576538f,0f,0f,1f,0f,0f,0f,0f,1f], start_interpolation: 0, interpolation_duration: 1 }