# This file was generated by Animated Java via MC-Build. It is not recommended to edit this file directly.
$data merge entity $(bone_right_forearm) { transformation: [0.9269255633018437f,-0.34901300709825545f,-0.13783657342589772f,-0.37438255157859185f,0.3401370622237909f,0.9366000070017793f,-0.08418554380673665f,1.1998233780279237f,0.15847958543398807f,0.031150405462852693f,0.9868707479909267f,0.071772589133619f,0f,0f,0f,1f], start_interpolation: 0, interpolation_duration: 1 }
$data merge entity $(bone_right_arm) { transformation: [0.9876815992679031f,0.15005368235351102f,-0.044372861973833486f,-0.3368691309902141f,-0.08695870112506615f,0.7621045477551229f,0.6415877512777194f,1.3903495149667044f,0.1300893645392992f,-0.6298258098102292f,0.7657651118526165f,-0.08568386331893829f,0f,0f,0f,1f], start_interpolation: 0, interpolation_duration: 1 }
$data merge entity $(bone_left_forearm) { transformation: [0.99905169804734f,-0.03736142554174963f,-0.022356844817975598f,0.29704245078969466f,0.04152454538677908f,0.9720157334062242f,0.231216621680149f,1.171669470466085f,0.013092622317475919f,-0.23192571632367145f,0.972645385198842f,-0.026860869324232414f,0f,0f,0f,1f], start_interpolation: 0, interpolation_duration: 1 }
$data merge entity $(bone_left_arm) { transformation: [0.99905169804734f,-0.03801708200128512f,-0.021222773259739335f,0.2875381802893734f,0.04152454538677908f,0.9785315414694252f,0.20187058844688516f,1.4163023558334413f,0.013092622317475919f,-0.2025604201851337f,0.9791822401449457f,-0.07750097437051584f,0f,0f,0f,1f], start_interpolation: 0, interpolation_duration: 1 }
$data merge entity $(bone_head) { transformation: [0.99905169804734f,-0.036785553573318454f,-0.023292223531283185f,-0.02713202288546238f,0.04152454538677908f,0.9658736452765616f,0.2556634770368815f,1.4652419504133798f,0.013092622317475919f,-0.25638822985556736f,0.9664852088016561f,-0.08975166072919977f,0f,0f,0f,1f], start_interpolation: 0, interpolation_duration: 1 }
$data merge entity $(bone_torso) { transformation: [0.99905169804734f,-0.03946476056067255f,-0.018391228958814267f,0f,0.04152454538677908f,0.9906562402129102f,0.12990737414651246f,0.7841657852670039f,0.013092622317475919f,-0.1305478701515633f,0.9913555552069815f,0f,0f,0f,0f,1f], start_interpolation: 0, interpolation_duration: 1 }
$data merge entity $(bone_upper_body) { transformation: [0.99905169804734f,-0.03946476056067255f,-0.018391228958814267f,0f,0.04152454538677908f,0.9906562402129102f,0.12990737414651246f,0.7841657852670039f,0.013092622317475919f,-0.1305478701515633f,0.9913555552069815f,0f,0f,0f,0f,1f], start_interpolation: 0, interpolation_duration: 1 }
$data merge entity $(bone_right_lower_leg) { transformation: [1f,0f,0f,-0.125f,0f,0.99998455828414f,0.005557264909411996f,0.3533847308230371f,0f,-0.005557264909411996f,0.99998455828414f,0.018748046754006844f,0f,0f,0f,1f], start_interpolation: 0, interpolation_duration: 1 }
$data merge entity $(bone_right_leg) { transformation: [1f,0f,0f,-0.125f,0f,0.9987494785172446f,0.04999479134401825f,0.7279157852670038f,0f,-0.04999479134401825f,0.9987494785172446f,0f,0f,0f,0f,1f], start_interpolation: 0, interpolation_duration: 1 }
$data merge entity $(bone_left_lower_leg) { transformation: [1f,0f,0f,0.125f,0f,0.998298029448158f,-0.05831847391628624f,0.35291578526700385f,0f,0.05831847391628624f,0.998298029448158f,0f,0f,0f,0f,1f], start_interpolation: 0, interpolation_duration: 1 }
$data merge entity $(bone_left_leg) { transformation: [1f,0f,0f,0.125f,0f,1f,0f,0.7279157852670038f,0f,0f,1f,0f,0f,0f,0f,1f], start_interpolation: 0, interpolation_duration: 1 }