# This file was generated by Animated Java via MC-Build. It is not recommended to edit this file directly.
$data merge entity $(bone_right_forearm) { transformation: [0.9272362839790678f,-0.3479915225649404f,-0.13832849993990431f,-0.3743037636895886f,0.3392450916989136f,0.9370100367197027f,-0.08321633760708891f,1.2075478391276862f,0.15857377283424004f,0.030233943002458574f,0.986884120482055f,0.07177530185823003f,0f,0f,0f,1f], start_interpolation: 0, interpolation_duration: 1 }
$data merge entity $(bone_right_arm) { transformation: [0.987705646182541f,0.14989307979792074f,-0.04438041378607725f,-0.3368304937401084f,-0.08693113695973145f,0.762609219689451f,0.6409915408736179f,1.3982001440500489f,0.12992510891285675f,-0.6292529242469526f,0.7662638079673615f,-0.08553792920350811f,0f,0f,0f,1f], start_interpolation: 0, interpolation_duration: 1 }
$data merge entity $(bone_left_forearm) { transformation: [0.9990549430125893f,-0.03800087701312414f,-0.02109867740748905f,0.2971814681388241f,0.04145347679151537f,0.9789981285773122f,0.1996103041028092f,1.178420475081021f,0.013070199080625032f,-0.20029627452440069f,0.9796481880285588f,-0.0321457078384854f,0f,0f,0f,1f], start_interpolation: 0, interpolation_duration: 1 }
$data merge entity $(bone_left_arm) { transformation: [0.9990549430125893f,-0.038410489984256696f,-0.020343428946005923f,0.28757884564275993f,0.04145347679151537f,0.9827523678548997f,0.18022040044757204f,1.424108567044746f,0.013070199080625032f,-0.1808933877585282f,0.9834158592178771f,-0.07736905477811745f,0f,0f,0f,1f], start_interpolation: 0, interpolation_duration: 1 }
$data merge entity $(bone_head) { transformation: [0.9990549430125893f,-0.03633122275804425f,-0.023859235004862225f,-0.027088406453541682f,0.04145347679151537f,0.961495396445673f,0.27167666788974276f,1.473072357568815f,0.013070199080625032f,-0.27240896620097443f,0.9620927840023068f,-0.08959884118989407f,0f,0f,0f,1f], start_interpolation: 0, interpolation_duration: 1 }
$data merge entity $(bone_torso) { transformation: [0.9990549430125893f,-0.03940131847787881f,-0.018350938513237984f,0f,0.04145347679151537f,0.9906880323426802f,0.12968743900194762f,0.7919743353332223f,0.013070199080625032f,-0.13032558718530046f,0.9913850973364485f,0f,0f,0f,0f,1f], start_interpolation: 0, interpolation_duration: 1 }
$data merge entity $(bone_upper_body) { transformation: [0.9990549430125893f,-0.03940131847787881f,-0.018350938513237984f,0f,0.04145347679151537f,0.9906880323426802f,0.12968743900194762f,0.7919743353332223f,0.013070199080625032f,-0.13032558718530046f,0.9913850973364485f,0f,0f,0f,0f,1f], start_interpolation: 0, interpolation_duration: 1 }
$data merge entity $(bone_right_lower_leg) { transformation: [1f,0f,0f,-0.125f,0f,0.9999927010848825f,0.0038207037258881187f,0.3609460183046918f,0f,-0.0038207037258881187f,0.9999927010848825f,0.012892365386628699f,0f,0f,0f,1f], start_interpolation: 0, interpolation_duration: 1 }
$data merge entity $(bone_right_leg) { transformation: [1f,0f,0f,-0.125f,0f,0.9994088454094144f,0.034379641031009864f,0.7357243353332222f,0f,-0.034379641031009864f,0.9994088454094144f,0f,0f,0f,0f,1f], start_interpolation: 0, interpolation_duration: 1 }
$data merge entity $(bone_left_lower_leg) { transformation: [1f,0f,0f,0.125f,0f,0.999195401548972f,-0.04010672666010756f,0.36072433533322223f,0f,0.04010672666010756f,0.999195401548972f,0f,0f,0f,0f,1f], start_interpolation: 0, interpolation_duration: 1 }
$data merge entity $(bone_left_leg) { transformation: [1f,0f,0f,0.125f,0f,1f,0f,0.7357243353332222f,0f,0f,1f,0f,0f,0f,0f,1f], start_interpolation: 0, interpolation_duration: 1 }