# This file was generated by Animated Java via MC-Build. It is not recommended to edit this file directly.
$data merge entity $(bone_right_forearm) { transformation: [0.9280871995402993f,-0.34515877547593593f,-0.1397124538521786f,-0.374148186984392f,0.3368500535819655f,0.9381491385748331f,-0.08005145341045117f,1.2130359047305848f,0.15870157986381775f,0.027232581648662102f,0.9869509587844156f,0.07177363747037695f,0f,0f,0f,1f], start_interpolation: 0, interpolation_duration: 1 }
$data merge entity $(bone_right_arm) { transformation: [0.9877537699411615f,0.14956997028780447f,-0.044399481473641776f,-0.3367556944124409f,-0.0868695785029532f,0.7636087322334562f,0.6398088623858951f,1.4039380877889487f,0.12960002429684273f,-0.6281166516220686f,0.7672504842991881f,-0.08525552543514021f,0f,0f,0f,1f], start_interpolation: 0, interpolation_duration: 1 }
$data merge entity $(bone_left_forearm) { transformation: [0.9990612064432687f,-0.03833892856717369f,-0.02017008518676998f,0.29730696834125486f,0.04131595376975109f,0.9832517183286986f,0.1775078881846031f,1.1833920555021251f,0.013026808673508455f,-0.17817459123001497f,0.9839126573511496f,-0.03576828117732731f,0f,0f,0f,1f], start_interpolation: 0, interpolation_duration: 1 }
$data merge entity $(bone_left_arm) { transformation: [0.9990612064432687f,-0.038597634906611306f,-0.019670494649000187f,0.28765755961460204f,0.04131595376975109f,0.9854740135716721f,0.16472389182822228f,1.429760558895043f,0.013026808673508455f,-0.16538195534748049f,0.986143555016828f,-0.07711377001419743f,0f,0f,0f,1f], start_interpolation: 0, interpolation_duration: 1 }
$data merge entity $(bone_head) { transformation: [0.9990612064432687f,-0.03622632287391789f,-0.02375624783409741f,-0.027003974138811372f,0.04131595376975109f,0.9616787456497166f,0.2710479332695299f,1.4787711608683214f,0.013026808673508455f,-0.2717749872534675f,0.962272652920762f,-0.08930311249713571f,0f,0f,0f,1f], start_interpolation: 0, interpolation_duration: 1 }
$data merge entity $(bone_torso) { transformation: [0.9990612064432687f,-0.03927850783827109f,-0.018273056726209793f,0f,0.04131595376975109f,0.9907494004212073f,0.12926181775417697f,0.7976309480787415f,0.013026808673508455f,-0.12989543635947012f,0.9914421202817473f,0f,0f,0f,0f,1f], start_interpolation: 0, interpolation_duration: 1 }
$data merge entity $(bone_upper_body) { transformation: [0.9990612064432687f,-0.03927850783827109f,-0.018273056726209793f,0f,0.04131595376975109f,0.9907494004212073f,0.12926181775417697f,0.7976309480787415f,0.013026808673508455f,-0.12989543635947012f,0.9914421202817473f,0f,0f,0f,0f,1f], start_interpolation: 0, interpolation_duration: 1 }
$data merge entity $(bone_right_lower_leg) { transformation: [1f,0f,0f,-0.125f,0f,0.9999965499867857f,0.0026267878722769644f,0.36648573740966073f,0f,-0.0026267878722769644f,0.9999965499867857f,0.00886459346984338f,0f,0f,0f,1f], start_interpolation: 0, interpolation_duration: 1 }
$data merge entity $(bone_right_leg) { transformation: [1f,0f,0f,-0.125f,0f,0.9997205617842152f,0.023638915919582344f,0.7413809480787414f,0f,-0.023638915919582344f,0.9997205617842152f,0f,0f,0f,0f,1f], start_interpolation: 0, interpolation_duration: 1 }
$data merge entity $(bone_left_lower_leg) { transformation: [1f,0f,0f,0.125f,0f,0.999619659936623f,-0.027577807530514066f,0.36638094807874144f,0f,0.027577807530514066f,0.999619659936623f,0f,0f,0f,0f,1f], start_interpolation: 0, interpolation_duration: 1 }
$data merge entity $(bone_left_leg) { transformation: [1f,0f,0f,0.125f,0f,1f,0f,0.7413809480787414f,0f,0f,1f,0f,0f,0f,0f,1f], start_interpolation: 0, interpolation_duration: 1 }