# This file was generated by Animated Java via MC-Build. It is not recommended to edit this file directly.
$data merge entity $(bone_right_forearm) { transformation: [0.9303887654588795f,-0.3373340643828104f,-0.14346593363888202f,-0.37384091942106196f,0.3304005133992221f,0.9412108280315257f,-0.07041078001087936f,1.2167963376318562f,0.15878364479200185f,0.01810818055973351f,0.9871473283879078f,0.07175600215480502f,0f,0f,0f,1f], start_interpolation: 0, interpolation_duration: 1 }
$data merge entity $(bone_right_arm) { transformation: [0.9878499001827353f,0.14892037139519515f,-0.044444321262416216f,-0.33661082657226316f,-0.08673369315174773f,0.7655859945047235f,0.6374600783503793f,1.4081928362580372f,0.12895674151132305f,-0.6258600546461889f,0.7692004620494266f,-0.0847090115067422f,0f,0f,0f,1f], start_interpolation: 0, interpolation_duration: 1 }
$data merge entity $(bone_left_forearm) { transformation: [0.999073267478974f,-0.03840824981647661f,-0.019427108763827604f,0.2974531172171349f,0.04104983509858631f,0.9859803141710841f,0.16173351880630388f,1.1870178939258749f,0.01294284540838423f,-0.16238111470588357f,0.9866432264702422f,-0.03813047491959967f,0f,0f,0f,1f], start_interpolation: 0, interpolation_duration: 1 }
$data merge entity $(bone_left_arm) { transformation: [0.999073267478974f,-0.03857260646015729f,-0.019098697331396568f,0.2878099656020956f,0.04104983509858631f,0.9873243570751145f,0.15331511655603525f,1.4338489831946535f,0.01294284540838423f,-0.15395703282760953f,0.987992770619124f,-0.07661973312650205f,0f,0f,0f,1f], start_interpolation: 0, interpolation_duration: 1 }
$data merge entity $(bone_head) { transformation: [0.999073267478974f,-0.0360242642395436f,-0.023555436631189884f,-0.02684047353359216f,0.04104983509858631f,0.9620468883203095f,0.26977897566635667f,1.4829501336865167f,0.01294284540838423f,-0.27049590950550306f,0.9626341182887325f,-0.08873080954828434f,0f,0f,0f,1f], start_interpolation: 0, interpolation_duration: 1 }
$data merge entity $(bone_torso) { transformation: [0.999073267478974f,-0.03904068877613405f,-0.018122660642728564f,0f,0.04104983509858631f,0.9908675833627439f,0.1284380912317467f,0.8017286701246303f,0.01294284540838423f,-0.1290629957065954f,0.9915519279856069f,0f,0f,0f,0f,1f], start_interpolation: 0, interpolation_duration: 1 }
$data merge entity $(bone_upper_body) { transformation: [0.999073267478974f,-0.03904068877613405f,-0.018122660642728564f,0f,0.04104983509858631f,0.9908675833627439f,0.1284380912317467f,0.8017286701246303f,0.01294284540838423f,-0.1290629957065954f,0.9915519279856069f,0f,0f,0f,0f,1f], start_interpolation: 0, interpolation_duration: 1 }
$data merge entity $(bone_right_lower_leg) { transformation: [1f,0f,0f,-0.125f,0f,0.9999983692662594f,0.001805952607901059f,0.37052820258499775f,0f,-0.001805952607901059f,0.9999983692662594f,0.006094825002487338f,0f,0f,0f,1f], start_interpolation: 0, interpolation_duration: 1 }
$data merge entity $(bone_right_leg) { transformation: [1f,0f,0f,-0.125f,0f,0.9998679134390202f,0.01625286667329957f,0.7454786701246303f,0f,-0.01625286667329957f,0.9998679134390202f,0f,0f,0f,0f,1f], start_interpolation: 0, interpolation_duration: 1 }
$data merge entity $(bone_left_lower_leg) { transformation: [1f,0f,0f,0.125f,0f,0.9998202169434796f,-0.01896137629744678f,0.3704786701246303f,0f,0.01896137629744678f,0.9998202169434796f,0f,0f,0f,0f,1f], start_interpolation: 0, interpolation_duration: 1 }
$data merge entity $(bone_left_leg) { transformation: [1f,0f,0f,0.125f,0f,1f,0f,0.7454786701246303f,0f,0f,1f,0f,0f,0f,0f,1f], start_interpolation: 0, interpolation_duration: 1 }