# This file was generated by Animated Java via MC-Build. It is not recommended to edit this file directly.
$data merge entity $(bone_right_forearm) { transformation: [0.9364622442784196f,-0.31566256119774194f,-0.15295624374018651f,-0.3732339718168659f,0.3129553444363363f,0.9488340026994806f,-0.042106860605087004f,1.2190919160971623f,0.15842164444847662f,-0.008436988761640118f,0.9873355051809269f,0.07169074936164604f,0f,0f,0f,1f], start_interpolation: 0, interpolation_duration: 1 }
$data merge entity $(bone_right_arm) { transformation: [0.9880412414380554f,0.14761578355339317f,-0.044543076493035266f,-0.33633002592851763f,-0.08643595576236883f,0.7694875650155486f,0.6327856768589882f,1.4114638073510495f,0.1276844969798308f,-0.621368222338703f,0.7730447603461572f,-0.08365130622302971f,0f,0f,0f,1f], start_interpolation: 0, interpolation_duration: 1 }
$data merge entity $(bone_left_forearm) { transformation: [0.9990963850445291f,-0.03815518493515978f,-0.018724188994927587f,0.29767010093422636f,0.04053486783909809f,0.9878801402498885f,0.14983241634949196f,1.1896219716298022f,0.01278037089527776f,-0.15045600806356793f,0.9885340923596689f,-0.039435482563940194f,0f,0f,0f,1f], start_interpolation: 0, interpolation_duration: 1 }
$data merge entity $(bone_left_arm) { transformation: [0.9990963850445291f,-0.03825954483965289f,-0.01851001403609952f,0.2881052147243131f,0.04053486783909809f,0.9887045124827347f,0.14429245124241472f,1.436798099750486f,0.01278037089527776f,-0.1449123673981637f,0.9893619498923731f,-0.07566357441348112f,0f,0f,0f,1f], start_interpolation: 0, interpolation_duration: 1 }
$data merge entity $(bone_head) { transformation: [0.9990963850445291f,-0.03564598512266282f,-0.02314686016696243f,-0.02652364616231246f,0.04053486783909809f,0.9629164202459879f,0.26673749663277313f,1.4860743377090475f,0.01278037089527776f,-0.26743472355938885f,0.9634912198637269f,-0.08762318435008097f,0f,0f,0f,1f], start_interpolation: 0, interpolation_duration: 1 }
$data merge entity $(bone_torso) { transformation: [0.9990963850445291f,-0.038579848963363576f,-0.017832796889945948f,0f,0.04053486783909809f,0.9910941465324773f,0.1268436722833553f,0.8046971119679693f,0.01278037089527776f,-0.12745190450920868f,0.9917624081183732f,0f,0f,0f,0f,1f], start_interpolation: 0, interpolation_duration: 1 }
$data merge entity $(bone_upper_body) { transformation: [0.9990963850445291f,-0.038579848963363576f,-0.017832796889945948f,0f,0.04053486783909809f,0.9910941465324773f,0.1268436722833553f,0.8046971119679693f,0.01278037089527776f,-0.12745190450920868f,0.9917624081183732f,0f,0f,0f,0f,1f], start_interpolation: 0, interpolation_duration: 1 }
$data merge entity $(bone_right_lower_leg) { transformation: [1f,0f,0f,-0.125f,0f,0.9999992291936458f,0.0012416167340499277f,0.3734705249703516f,0f,-0.0012416167340499277f,0.9999992291936458f,0.004190370343783353f,0f,0f,0f,1f], start_interpolation: 0, interpolation_duration: 1 }
$data merge entity $(bone_right_leg) { transformation: [1f,0f,0f,-0.125f,0f,0.9999375653269805f,0.011174320916755609f,0.7484471119679693f,0f,-0.011174320916755609f,0.9999375653269805f,0f,0f,0f,0f,1f], start_interpolation: 0, interpolation_duration: 1 }
$data merge entity $(bone_left_lower_leg) { transformation: [1f,0f,0f,0.125f,0f,0.9999150197921645f,-0.013036609760030128f,0.3734471119679693f,0f,0.013036609760030128f,0.9999150197921645f,0f,0f,0f,0f,1f], start_interpolation: 0, interpolation_duration: 1 }
$data merge entity $(bone_left_leg) { transformation: [1f,0f,0f,0.125f,0f,1f,0f,0.7484471119679693f,0f,0f,1f,0f,0f,0f,0f,1f], start_interpolation: 0, interpolation_duration: 1 }
execute on vehicle unless entity @s[tag=aj.transforms_only] at @s run function animated_java:rend_fallen_tether/animations/rise_1/zzz/frames/zzz/8