# This file was generated by Animated Java via MC-Build. It is not recommended to edit this file directly.
$data merge entity $(bone_right_forearm) { transformation: [0.9514577922846251f,-0.2550239626340179f,-0.17231032465673826f,-0.3720350472622026f,0.2653355169415952f,0.9633535482733939f,0.03933197780938941f,1.2199083465070324f,0.15596516582302555f,-0.08314276583987923f,0.9842571551877544f,0.07149328541790811f,0f,0f,0f,1f], start_interpolation: 0, interpolation_duration: 1 }
$data merge entity $(bone_right_arm) { transformation: [0.9884194139674947f,0.1450005941939204f,-0.044742482894501556f,-0.3357848987137225f,-0.08578537555573137f,0.7771451164728687f,0.6234471407289744f,1.4141946256252496f,0.12517160793453477f,-0.6123890067806422f,0.7805842510205427f,-0.08160396627725244f,0f,0f,0f,1f], start_interpolation: 0, interpolation_duration: 1 }
$data merge entity $(bone_left_forearm) { transformation: [0.999140290303453f,-0.037403812773672f,-0.01787834115134209f,0.29804513305407065f,0.03953833391278094f,0.9894125890592712f,0.13964042667662965f,1.1914260478562824f,0.012465971431585956f,-0.14022725627003418f,0.9900408659016279f,-0.03966768618435662f,0f,0f,0f,1f], start_interpolation: 0, interpolation_duration: 1 }
$data merge entity $(bone_left_arm) { transformation: [0.999140290303453f,-0.03746940131254027f,-0.01774046948678322f,0.2886777827259356f,0.03953833391278094f,0.9899201458578218f,0.13599567999105724f,1.4389060843207377f,0.012465971431585956f,-0.13658019179261838f,0.990550579610228f,-0.07381273413251122f,0f,0f,0f,1f], start_interpolation: 0, interpolation_duration: 1 }
$data merge entity $(bone_head) { transformation: [0.999140290303453f,-0.03495067781318785f,-0.022296421522980305f,-0.02590891379328281f,0.03953833391278094f,0.9650719248985482f,0.25898436231558913f,1.4885206415799042f,0.012465971431585956f,-0.2596432743072881f,0.9656241347767035f,-0.08547918522537001f,0f,0f,0f,1f], start_interpolation: 0, interpolation_duration: 1 }
$data merge entity $(bone_torso) { transformation: [0.999140290303453f,-0.03768569279022954f,-0.01727625107632215f,0f,0.03953833391278094f,0.9915245857105688f,0.12375668096263029f,0.8068474889038882f,0.012465971431585956f,-0.12433336032781092f,0.9921621919151433f,0f,0f,0f,0f,1f], start_interpolation: 0, interpolation_duration: 1 }
$data merge entity $(bone_upper_body) { transformation: [0.999140290303453f,-0.03768569279022954f,-0.01727625107632215f,0f,0.03953833391278094f,0.9915245857105688f,0.12375668096263029f,0.8068474889038882f,0.012465971431585956f,-0.12433336032781092f,0.9921621919151433f,0f,0f,0f,0f,1f], start_interpolation: 0, interpolation_duration: 1 }
$data merge entity $(bone_right_lower_leg) { transformation: [1f,0f,0f,-0.125f,0f,0.9999996356594728f,0.0008536280932881684f,0.3756085556936406f,0f,-0.0008536280932881684f,0.9999996356594728f,0.0028809668239090603f,0f,0f,0f,1f], start_interpolation: 0, interpolation_duration: 1 }
$data merge entity $(bone_right_leg) { transformation: [1f,0f,0f,-0.125f,0f,0.9999704885606603f,0.007682578197090827f,0.7505974889038882f,0f,-0.007682578197090827f,0.9999704885606603f,0f,0f,0f,0f,1f], start_interpolation: 0, interpolation_duration: 1 }
$data merge entity $(bone_left_lower_leg) { transformation: [1f,0f,0f,0.125f,0f,0.9999598317233552f,-0.008962976057039523f,0.3755974889038882f,0f,0.008962976057039523f,0.9999598317233552f,0f,0f,0f,0f,1f], start_interpolation: 0, interpolation_duration: 1 }
$data merge entity $(bone_left_leg) { transformation: [1f,0f,0f,0.125f,0f,1f,0f,0.7505974889038882f,0f,0f,1f,0f,0f,0f,0f,1f], start_interpolation: 0, interpolation_duration: 1 }