# This file was generated by Animated Java via MC-Build. It is not recommended to edit this file directly.
$data merge entity $(bone_right_forearm) { transformation: [0.9805147648274865f,-0.08796058567238654f,-0.17565230235744f,-0.36966756686638247f,0.13321522118740203f,0.9548750237851107f,0.26545695281038667f,1.2188555461531487f,0.14437624735146132f,-0.2836840219673202f,0.9479867482624189f,0.07093443447529134f,0f,0f,0f,1f], start_interpolation: 0, interpolation_duration: 1 }
$data merge entity $(bone_right_arm) { transformation: [0.9891562985237684f,0.13977622955591534f,-0.04508239946907816f,-0.33472350947740365f,-0.08435889778219681f,0.7920055496426854f,0.6046575772287657f,1.4168569335638201f,0.12022226688816992f,-0.5942977494373674f,0.7952086465563298f,-0.0776400028840505f,0f,0f,0f,1f], start_interpolation: 0, interpolation_duration: 1 }
$data merge entity $(bone_left_forearm) { transformation: [0.9992221465212537f,-0.035764711215054715f,-0.01661286649443068f,0.2987415326593923f,0.037609833542248776f,0.9909620818809598f,0.1287620001983441f,1.192545397592462f,0.011857585014764877f,-0.12928664937207465f,0.9915363634137481f,-0.03850721329785672f,0f,0f,0f,1f], start_interpolation: 0, interpolation_duration: 1 }
$data merge entity $(bone_left_arm) { transformation: [0.9992221465212537f,-0.0358048022440494f,-0.016526283239813862f,0.28979033209837995f,0.037609833542248776f,0.9912707277410554f,0.1263639376746498f,1.4403630795277258f,0.011857585014764877f,-0.12688719580786298f,0.9918462770095147f,-0.07022901224982246f,0f,0f,0f,1f], start_interpolation: 0, interpolation_duration: 1 }
$data merge entity $(bone_head) { transformation: [0.9992221465212537f,-0.033698947959371124f,-0.020481279449527413f,-0.024713247558463027f,0.037609833542248776f,0.9705373477287511f,0.23799738881879656f,1.4906304822762517f,0.011857585014764877f,-0.23858255923280036f,0.9710498236998681f,-0.08132795832363013f,0f,0f,0f,1f], start_interpolation: 0, interpolation_duration: 1 }
$data merge entity $(bone_torso) { transformation: [0.9992221465212537f,-0.03594654190321895f,-0.016215672254278005f,0f,0.037609833542248776f,0.9923276116876607f,0.11777695658823761f,0.808405249240985f,0.011857585014764877f,-0.11829521210709837f,0.9929076696602531f,0f,0f,0f,0f,1f], start_interpolation: 0, interpolation_duration: 1 }
$data merge entity $(bone_upper_body) { transformation: [0.9992221465212537f,-0.03594654190321895f,-0.016215672254278005f,0f,0.037609833542248776f,0.9923276116876607f,0.11777695658823761f,0.808405249240985f,0.011857585014764877f,-0.11829521210709837f,0.9929076696602531f,0f,0f,0f,0f,1f], start_interpolation: 0, interpolation_duration: 1 }
$data merge entity $(bone_right_lower_leg) { transformation: [1f,0f,0f,-0.125f,0f,0.9999998277855205f,0.0005868806771092252f,0.3771604802437857f,0f,-0.0005868806771092252f,0.9999998277855205f,0.00198071318901457f,0f,0f,0f,1f], start_interpolation: 0, interpolation_duration: 1 }
$data merge entity $(bone_right_leg) { transformation: [1f,0f,0f,-0.125f,0f,0.9999860506591981f,0.005281901837372187f,0.752155249240985f,0f,-0.005281901837372187f,0.9999860506591981f,0f,0f,0f,0f,1f], start_interpolation: 0, interpolation_duration: 1 }
$data merge entity $(bone_left_lower_leg) { transformation: [1f,0f,0f,0.125f,0f,0.999981013413182f,-0.006162208463326035f,0.377155249240985f,0f,0.006162208463326035f,0.999981013413182f,0f,0f,0f,0f,1f], start_interpolation: 0, interpolation_duration: 1 }
$data merge entity $(bone_left_leg) { transformation: [1f,0f,0f,0.125f,0f,1f,0f,0.752155249240985f,0f,0f,1f,0f,0f,0f,0f,1f], start_interpolation: 0, interpolation_duration: 1 }