# This file was generated by Animated Java via MC-Build. It is not recommended to edit this file directly.
$data merge entity $(bone_right_forearm) { transformation: [1f,0f,0f,-0.31249999999999994f,0f,1f,0f,0.4858438810121275f,0f,0f,1f,-0.05745290922091911f,0f,0f,0f,1f], start_interpolation: 0, interpolation_duration: 1 }
$data merge entity $(bone_right_arm) { transformation: [1f,0f,0f,-0.31249999999999994f,0f,1f,0f,0.7358438810121275f,0f,0f,1f,-0.05745290922091911f,0f,0f,0f,1f], start_interpolation: 0, interpolation_duration: 1 }
$data merge entity $(bone_left_forearm) { transformation: [1f,0f,0f,0.31250000000000006f,0f,1f,0f,0.4858438810121275f,0f,0f,1f,-0.05745290922091911f,0f,0f,0f,1f], start_interpolation: 0, interpolation_duration: 1 }
$data merge entity $(bone_left_arm) { transformation: [1f,0f,0f,0.31250000000000006f,0f,1f,0f,0.7358438810121275f,0f,0f,1f,-0.05745290922091911f,0f,0f,0f,1f], start_interpolation: 0, interpolation_duration: 1 }
$data merge entity $(bone_head) { transformation: [1f,0f,0f,4.592425496802574e-17f,0f,0.4203572283095656f,-0.9073586945678649f,0.7896759202766531f,0f,0.9073586945678649f,0.4203572283095656f,-0.025698200143011052f,0f,0f,0f,1f], start_interpolation: 0, interpolation_duration: 1 }
$data merge entity $(bone_torso) { transformation: [1f,0f,0f,4.592425496802574e-17f,0f,0.861312628232409f,-0.5080753452465294f,0.19752348836687195f,0f,0.5080753452465294f,0.861312628232409f,-0.375f,0f,0f,0f,1f], start_interpolation: 0, interpolation_duration: 1 }
$data merge entity $(bone_upper_body) { transformation: [1f,0f,0f,4.592425496802574e-17f,0f,0.861312628232409f,-0.5080753452465294f,0.19752348836687195f,0f,0.5080753452465294f,0.861312628232409f,-0.375f,0f,0f,0f,1f], start_interpolation: 0, interpolation_duration: 1 }
$data merge entity $(bone_right_lower_leg) { transformation: [1f,0f,0f,-0.12499999999999996f,0f,0.012353636651504907f,0.9999236909192033f,0.06584517352586237f,0f,-0.9999236909192033f,0.012353636651504907f,-0.007664228096084358f,0f,0f,0f,1f], start_interpolation: 0, interpolation_duration: 1 }
$data merge entity $(bone_right_leg) { transformation: [1f,0f,0f,-0.12499999999999996f,0f,0.20114217290935887f,0.9795620584104416f,0.14127348836687195f,0f,-0.9795620584104416f,0.20114217290935887f,-0.375f,0f,0f,0f,1f], start_interpolation: 0, interpolation_duration: 1 }
$data merge entity $(bone_left_lower_leg) { transformation: [1f,0f,0f,0.12500000000000006f,0f,0.012353636651504907f,0.9999236909192033f,0.06584517352586237f,0f,-0.9999236909192033f,0.012353636651504907f,-0.007664228096084358f,0f,0f,0f,1f], start_interpolation: 0, interpolation_duration: 1 }
$data merge entity $(bone_left_leg) { transformation: [1f,0f,0f,0.12500000000000006f,0f,0.20114217290935887f,0.9795620584104416f,0.14127348836687195f,0f,-0.9795620584104416f,0.20114217290935887f,-0.375f,0f,0f,0f,1f], start_interpolation: 0, interpolation_duration: 1 }