# This file was generated by Animated Java via MC-Build. It is not recommended to edit this file directly.
$data merge entity $(bone_right_forearm) { transformation: [0.9923288463574408f,0.05612629586733542f,-0.11015125781906923f,-0.3649993855676034f,-0.000596284572999109f,0.8931644623560956f,0.44972979401953617f,1.2150171022677914f,0.12362485644731297f,-0.44621416617624177f,0.8863463277816536f,0.06937112016139715f,0f,0f,0f,1f], start_interpolation: 0, interpolation_duration: 1 }
$data merge entity $(bone_right_arm) { transformation: [0.9905505717566054f,0.12941511530227684f,-0.045401461694096784f,-0.3326456067420342f,-0.08119209870404182f,0.8201426804577929f,0.5663689846730129f,1.4200527723822396f,0.11053238394558978f,-0.5573308816338861f,0.8229002858648792f,-0.06996160024707437f,0f,0f,0f,1f], start_interpolation: 0, interpolation_duration: 1 }
$data merge entity $(bone_left_forearm) { transformation: [0.9993689220504972f,-0.032438627661715645f,-0.014473875605785409f,0.30007536819545017f,0.033877554450937514f,0.9929270437255179f,0.11379014519248716f,1.1929495758681479f,0.01068030636503174f,-0.11420867424993654f,0.9933993707376811f,-0.03512905788736221f,0f,0f,0f,1f], start_interpolation: 0, interpolation_duration: 1 }
$data merge entity $(bone_left_arm) { transformation: [0.9993689220504972f,-0.03246159462369436f,-0.014422292262816976f,0.2919599695395266f,0.033877554450937514f,0.9931066721837104f,0.11221162581755977f,1.4412262439140755f,0.01068030636503174f,-0.11262940352626935f,0.9935796639008196f,-0.06328640876892955f,0f,0f,0f,1f], start_interpolation: 0, interpolation_duration: 1 }
$data merge entity $(bone_head) { transformation: [0.9993689220504972f,-0.031430843548676854f,-0.016548707304371902f,-0.022377100461379175f,0.033877554450937514f,0.9834483001104418f,0.17799368616416172f,1.492750087903516f,0.01068030636503174f,-0.17844198800646932f,0.9838924676875254f,-0.07328640495880215f,0f,0f,0f,1f], start_interpolation: 0, interpolation_duration: 1 }
$data merge entity $(bone_torso) { transformation: [0.9993689220504972f,-0.03254850976200607f,-0.01422505366948641f,0f,0.033877554450937514f,0.9937692760857351f,0.10618350725257557f,0.8095337105945731f,0.01068030636503174f,-0.10659840721280313f,0.9942447941204633f,0f,0f,0f,0f,1f], start_interpolation: 0, interpolation_duration: 1 }
$data merge entity $(bone_upper_body) { transformation: [0.9993689220504972f,-0.03254850976200607f,-0.01422505366948641f,0f,0.033877554450937514f,0.9937692760857351f,0.10618350725257557f,0.8095337105945731f,0.01068030636503174f,-0.10659840721280313f,0.9942447941204633f,0f,0f,0f,0f,1f], start_interpolation: 0, interpolation_duration: 1 }
$data merge entity $(bone_right_lower_leg) { transformation: [1f,0f,0f,-0.125f,0f,0.999999918598607f,0.0004034882640821806f,0.37828618315920004f,0f,-0.0004034882640821806f,0.999999918598607f,0.0013617699352732376f,0f,0f,0f,1f], start_interpolation: 0, interpolation_duration: 1 }
$data merge entity $(bone_right_leg) { transformation: [1f,0f,0f,-0.125f,0f,0.9999934064943282f,0.003631386494061967f,0.7532837105945731f,0f,-0.003631386494061967f,0.9999934064943282f,0f,0f,0f,0f,1f], start_interpolation: 0, interpolation_duration: 1 }
$data merge entity $(bone_left_lower_leg) { transformation: [1f,0f,0f,0.125f,0f,0.9999910255097303f,-0.004236614213954206f,0.3782837105945731f,0f,0.004236614213954206f,0.9999910255097303f,0f,0f,0f,0f,1f], start_interpolation: 0, interpolation_duration: 1 }
$data merge entity $(bone_left_leg) { transformation: [1f,0f,0f,0.125f,0f,1f,0f,0.7532837105945731f,0f,0f,1f,0f,0f,0f,0f,1f], start_interpolation: 0, interpolation_duration: 1 }