# This file was generated by Animated Java via MC-Build. It is not recommended to edit this file directly.
$data merge entity $(bone_right_forearm) { transformation: [0.9940377279406147f,0.08395315685086865f,-0.0695763098003476f,-0.35584478259346763f,-0.044632331015841006f,0.8954813278294269f,0.44285567235493206f,1.2070026190908283f,0.09948341800899735f,-0.4371098934634401f,0.893889249615201f,0.0649330573022017f,0f,0f,0f,1f], start_interpolation: 0, interpolation_duration: 1 }
$data merge entity $(bone_right_arm) { transformation: [0.993024880327665f,0.10922817600683647f,-0.04439361008575736f,-0.3285377385917585f,-0.07398304022616702f,0.8704191039181997f,0.48672075494387096f,1.4246073950703781f,0.09180466659772833f,-0.4800414451903688f,0.8724288590426282f,-0.05507730399539051f,0f,0f,0f,1f], start_interpolation: 0, interpolation_duration: 1 }
$data merge entity $(bone_left_forearm) { transformation: [0.999609416415265f,-0.025799127490004074f,-0.010743353046783479f,0.302670730008033f,0.026653674714334837f,0.9956795853022f,0.08894799062745248f,1.1923229577323549f,0.008402156756199168f,-0.08919959883986847f,0.9959783307525575f,-0.027786108740073007f,0f,0f,0f,1f], start_interpolation: 0, interpolation_duration: 1 }
$data merge entity $(bone_left_arm) { transformation: [0.999609416415265f,-0.025810333361003645f,-0.010716403581760904f,0.2962181466677821f,0.026653674714334837f,0.9957719361379306f,0.08790809305370842f,1.4412659417668374f,0.008402156756199168f,-0.08815938913077206f,0.996070944195208f,-0.04982595602276602f,0f,0f,0f,1f], start_interpolation: 0, interpolation_duration: 1 }
$data merge entity $(bone_head) { transformation: [0.999609416415265f,-0.025606368747601815f,-0.011195020924284005f,-0.01777577555818701f,0.026653674714334837f,0.9939629237015375f,0.10642973236325393f,1.4951952170287268f,0.008402156756199168f,-0.10668655110300114f,0.9942572019229184f,-0.05769679300998609f,0f,0f,0f,1f], start_interpolation: 0, interpolation_duration: 1 }
$data merge entity $(bone_torso) { transformation: [0.999609416415265f,-0.025855673539181105f,-0.010606543252568464f,0f,0.026653674714334837f,0.9961367777619073f,0.08367258579933329f,0.8103511823174155f,0.008402156756199168f,-0.08392260801452522f,0.9964368518003961f,0f,0f,0f,0f,1f], start_interpolation: 0, interpolation_duration: 1 }
$data merge entity $(bone_upper_body) { transformation: [0.999609416415265f,-0.025855673539181105f,-0.010606543252568464f,0f,0.026653674714334837f,0.9961367777619073f,0.08367258579933329f,0.8103511823174155f,0.008402156756199168f,-0.08392260801452522f,0.9964368518003961f,0f,0f,0f,0f,1f], start_interpolation: 0, interpolation_duration: 1 }
$data merge entity $(bone_right_lower_leg) { transformation: [1f,0f,0f,-0.125f,0f,0.9999999615236376f,0.0002774035387483288f,0.3791023510363237f,0f,-0.0002774035387483288f,0.9999999615236376f,0.0009362359826629175f,0f,0f,0f,1f], start_interpolation: 0, interpolation_duration: 1 }
$data merge entity $(bone_right_leg) { transformation: [1f,0f,0f,-0.125f,0f,0.9999968834162448f,0.0024966292871011135f,0.7541011823174155f,0f,-0.0024966292871011135f,0.9999968834162448f,0f,0f,0f,0f,1f], start_interpolation: 0, interpolation_duration: 1 }
$data merge entity $(bone_left_lower_leg) { transformation: [1f,0f,0f,0.125f,0f,0.9999957579840179f,-0.0029127330755881107f,0.3791011823174155f,0f,0.0029127330755881107f,0.9999957579840179f,0f,0f,0f,0f,1f], start_interpolation: 0, interpolation_duration: 1 }
$data merge entity $(bone_left_leg) { transformation: [1f,0f,0f,0.125f,0f,1f,0f,0.7541011823174155f,0f,0f,1f,0f,0f,0f,0f,1f], start_interpolation: 0, interpolation_duration: 1 }