# This file was generated by Animated Java via MC-Build. It is not recommended to edit this file directly.
$data merge entity $(bone_right_forearm) { transformation: [0.9970673608912844f,0.0610028046606673f,-0.04620969236882874f,-0.33916234535797973f,-0.044005317655608216f,0.951023301267033f,0.305970934020183f,1.1943398842922448f,0.06261157930701268f,-0.3030401595014869f,0.9509187409374132f,0.04918821727300034f,0f,0f,0f,1f], start_interpolation: 0, interpolation_duration: 1 }
$data merge entity $(bone_right_arm) { transformation: [0.9968492993493288f,0.07000560616392396f,-0.03729194943113054f,-0.3216609438169987f,-0.054238455408770994f,0.9446676360976384f,0.3235139058287462f,1.4305067933166544f,0.057876284794578736f,-0.3204719526188238f,0.9454882671102034f,-0.030929770881705607f,0f,0f,0f,1f], start_interpolation: 0, interpolation_duration: 1 }
$data merge entity $(bone_left_forearm) { transformation: [0.9998770126731258f,-0.014699053969791211f,-0.005467846034688143f,0.30693788964859514f,0.014957642764187765f,0.9986010520636294f,0.05071693741100435f,1.1901964161518748f,0.004714705802574646f,-0.05079248595812138f,0.998698099987874f,-0.015456271193012563f,0f,0f,0f,1f], start_interpolation: 0, interpolation_duration: 1 }
$data merge entity $(bone_left_arm) { transformation: [0.9998770126731258f,-0.01470280217956068f,-0.005457759241171722f,0.30326218910370495f,0.014957642764187765f,0.9986356155695887f,0.050031752306788205f,1.4398553200442719f,0.004714705802574646f,-0.050107234248335554f,0.9987327153073428f,-0.02798307975509645f,0f,0f,0f,1f], start_interpolation: 0, interpolation_duration: 1 }
$data merge entity $(bone_head) { transformation: [0.9998770126731258f,-0.014679623664336712f,-0.0055197986321364354f,-0.01011931509231157f,0.014957642764187765f,0.9984154336753698f,0.0542484167673346f,1.497604825427929f,0.004714705802574646f,-0.05432430807563897f,0.9985122137967558f,-0.032402067850241134f,0f,0f,0f,1f], start_interpolation: 0, interpolation_duration: 1 }
$data merge entity $(bone_torso) { transformation: [0.9998770126731258f,-0.014719003770635012f,-0.005413913174952284f,0f,0.014957642764187765f,0.9987802999594563f,0.04705508830974143f,0.810943369205803f,0.004714705802574646f,-0.047130280509441645f,0.9988776242404754f,0f,0f,0f,0f,1f], start_interpolation: 0, interpolation_duration: 1 }
$data merge entity $(bone_upper_body) { transformation: [0.9998770126731258f,-0.014719003770635012f,-0.005413913174952284f,0f,0.014957642764187765f,0.9987802999594563f,0.04705508830974143f,0.810943369205803f,0.004714705802574646f,-0.047130280509441645f,0.9988776242404754f,0f,0f,0f,0f,1f], start_interpolation: 0, interpolation_duration: 1 }
$data merge entity $(bone_right_lower_leg) { transformation: [1f,0f,0f,-0.125f,0f,0.9999999818132049f,0.00019071861459098367f,0.37969392162957144f,0f,-0.00019071861459098367f,0.9999999818132049f,0.0006436750120745828f,0f,0f,0f,1f], start_interpolation: 0, interpolation_duration: 1 }
$data merge entity $(bone_right_leg) { transformation: [1f,0f,0f,-0.125f,0f,0.9999985268699508f,0.001716466698865554f,0.754693369205803f,0f,-0.001716466698865554f,0.9999985268699508f,0f,0f,0f,0f,1f], start_interpolation: 0, interpolation_duration: 1 }
$data merge entity $(bone_left_lower_leg) { transformation: [1f,0f,0f,0.125f,0f,0.9999979949064997f,-0.0020025441269161132f,0.379693369205803f,0f,0.0020025441269161132f,0.9999979949064997f,0f,0f,0f,0f,1f], start_interpolation: 0, interpolation_duration: 1 }
$data merge entity $(bone_left_leg) { transformation: [1f,0f,0f,0.125f,0f,1f,0f,0.754693369205803f,0f,0f,1f,0f,0f,0f,0f,1f], start_interpolation: 0, interpolation_duration: 1 }