# This file was generated by Animated Java via MC-Build. It is not recommended to edit this file directly.
$data merge entity $(bone_right_forearm) { transformation: [0.9992429040124824f,0.028542759944189325f,-0.026437277383822004f,-0.32522213598959226f,-0.0240354578776677f,0.9872416987950208f,0.1574043357882256f,1.1872441129513942f,0.030592736806497503f,-0.1566497335302234f,0.9871803003705039f,0.02488266438255232f,0f,0f,0f,1f], start_interpolation: 0, interpolation_duration: 1 }
$data merge entity $(bone_right_arm) { transformation: [0.999222822171238f,0.03175850263280163f,-0.023348429554652373f,-0.3172825103313919f,-0.027501316160921434f,0.9860348218342421f,0.16425287741690148f,1.4337528184099548f,0.028238790015920903f,-0.1634831111792192f,0.9861418980540273f,-0.015988113412252484f,0f,0f,0f,1f], start_interpolation: 0, interpolation_duration: 1 }
$data merge entity $(bone_left_forearm) { transformation: [0.9999671542967681f,-0.0076617505528211085f,-0.0026434647888585222f,0.30961269645382733f,0.007730068299617235f,0.999608724692015f,0.0268820304978373f,1.1886789258353585f,0.0024364670543313553f,-0.026901581702006804f,0.9996351176955636f,-0.007852580974084686f,0f,0f,0f,1f], start_interpolation: 0, interpolation_duration: 1 }
$data merge entity $(bone_left_arm) { transformation: [0.9999671542967681f,-0.007662941398956633f,-0.002640010746142137f,0.3076969611040882f,0.007730068299617235f,0.9996207410474283f,0.026431422812133083f,1.4385841110972155f,0.0024364670543313553f,-0.0264509621168428f,0.9996471428616132f,-0.014465321503295386f,0f,0f,0f,1f], start_interpolation: 0, interpolation_duration: 1 }
$data merge entity $(bone_head) { transformation: [0.9999671542967681f,-0.007662465985845682f,-0.0026413902853132777f,-0.005272052075017026f,0.007730068299617235f,0.9996159663205891f,0.026611387055885036f,1.4986480755387817f,0.0024364670543313553f,-0.02663093111347463f,0.9996423646166275f,-0.01674938920355133f,0f,0f,0f,1f], start_interpolation: 0, interpolation_duration: 1 }
$data merge entity $(bone_torso) { transformation: [0.9999671542967681f,-0.007668439381842947f,-0.0026239979174133422f,0f,0.007730068299617235f,0.9996737725631435f,0.02434326382093779f,0.8113723569016205f,0.0024364670543313553f,-0.024362747932438294f,0.9997002151352542f,0f,0f,0f,0f,1f], start_interpolation: 0, interpolation_duration: 1 }
$data merge entity $(bone_upper_body) { transformation: [0.9999671542967681f,-0.007668439381842947f,-0.0026239979174133422f,0f,0.007730068299617235f,0.9996737725631435f,0.02434326382093779f,0.8113723569016205f,0.0024364670543313553f,-0.024362747932438294f,0.9997002151352542f,0f,0f,0f,0f,1f], start_interpolation: 0, interpolation_duration: 1 }
$data merge entity $(bone_right_lower_leg) { transformation: [1f,0f,0f,-0.125f,0f,0.9999999914035658f,0.00013112157828276075f,0.38012261801827885f,0f,-0.00013112157828276075f,0.9999999914035658f,0.00044253522525744267f,0f,0f,0f,1f], start_interpolation: 0, interpolation_duration: 1 }
$data merge entity $(bone_right_leg) { transformation: [1f,0f,0f,-0.125f,0f,0.999999303688911f,0.001180093934019847f,0.7551223569016204f,0f,-0.001180093934019847f,0.999999303688911f,0f,0f,0f,0f,1f], start_interpolation: 0, interpolation_duration: 1 }
$data merge entity $(bone_left_lower_leg) { transformation: [1f,0f,0f,0.125f,0f,0.9999990522432797f,-0.0013767761409613612f,0.38012235690162044f,0f,0.0013767761409613612f,0.9999990522432797f,0f,0f,0f,0f,1f], start_interpolation: 0, interpolation_duration: 1 }
$data merge entity $(bone_left_leg) { transformation: [1f,0f,0f,0.125f,0f,1f,0f,0.7551223569016204f,0f,0f,1f,0f,0f,0f,0f,1f], start_interpolation: 0, interpolation_duration: 1 }