# This file was generated by Animated Java via MC-Build. It is not recommended to edit this file directly.
$data merge entity $(bone_right_forearm) { transformation: [0.9998095825893796f,0.01371860042606945f,-0.013877988499793405f,-0.31870422764178685f,-0.012564458755269726f,0.9967090330434731f,0.08008269367180335f,1.1862597260589027f,0.014930938973744317f,-0.07989307511852708f,0.9966916090794925f,0.01235546478017503f,0f,0f,0f,1f], start_interpolation: 0, interpolation_duration: 1 }
$data merge entity $(bone_right_arm) { transformation: [0.9998077340118008f,0.014881358000388584f,-0.012768719366187871f,-0.3149838881416897f,-0.013776126398197872f,0.9964821467040773f,0.0826652867985993f,1.4353802627349221f,0.01395397261173557f,-0.08247348958361148f,0.9964955645482085f,-0.008262907615727838f,0f,0f,0f,1f], start_interpolation: 0, interpolation_duration: 1 }
$data merge entity $(bone_left_forearm) { transformation: [0.9999912281658428f,-0.003976296193754063f,-0.0013163054161910322f,0.3110048009254101f,0.003994773977646212f,0.9998891114212709f,0.014345962569611402f,1.1879036674101149f,0.001259115656592973f,-0.014351095071830152f,0.9998962249643724f,-0.003962218543561212f,0f,0f,0f,1f], start_interpolation: 0, interpolation_duration: 1 }
$data merge entity $(bone_left_arm) { transformation: [0.9999912281658428f,-0.0039766858537921695f,-0.0013151277464209068f,0.31001062946196206f,0.003994773977646212f,0.9998933162433439f,0.014049836751923313f,1.4378769964709508f,0.001259115656592973f,-0.014054967147184074f,0.999900431306165f,-0.00747596033035723f,0f,0f,0f,1f], start_interpolation: 0, interpolation_duration: 1 }
$data merge entity $(bone_head) { transformation: [0.9999912281658428f,-0.003977670210424192f,-0.0013121475017165043f,-0.002735292273850177f,0.003994773977646212f,0.9999035635748863f,0.013300576345066465f,1.4991231804600689f,0.001259115656592973f,-0.013305701407311262f,0.9999106824801017f,-0.008656377370346786f,0f,0f,0f,1f], start_interpolation: 0, interpolation_duration: 1 }
$data merge entity $(bone_torso) { transformation: [0.9999912281658428f,-0.003978606943782076f,-0.0013093044550622828f,0f,0.003994773977646212f,0.9999128137141174f,0.012585974383582152f,0.8116831210316131f,0.001259115656592973f,-0.012591094356868053f,0.9999199362802302f,0f,0f,0f,0f,1f], start_interpolation: 0, interpolation_duration: 1 }
$data merge entity $(bone_upper_body) { transformation: [0.9999912281658428f,-0.003978606943782076f,-0.0013093044550622828f,0f,0.003994773977646212f,0.9999128137141174f,0.012585974383582152f,0.8116831210316131f,0.001259115656592973f,-0.012591094356868053f,0.9999199362802302f,0f,0f,0f,0f,1f], start_interpolation: 0, interpolation_duration: 1 }
$data merge entity $(bone_right_lower_leg) { transformation: [1f,0f,0f,-0.125f,0f,0.9999999959366848f,0.00009014782484225185f,0.3804332444548047f,0f,-0.00009014782484225185f,0.9999999959366848f,0.0003042488758754867f,0f,0f,0f,1f], start_interpolation: 0, interpolation_duration: 1 }
$data merge entity $(bone_right_leg) { transformation: [1f,0f,0f,-0.125f,0f,0.999999670871489f,0.0008113303356679645f,0.7554331210316131f,0f,-0.0008113303356679645f,0.999999670871489f,0f,0f,0f,0f,1f], start_interpolation: 0, interpolation_duration: 1 }
$data merge entity $(bone_left_lower_leg) { transformation: [1f,0f,0f,0.125f,0f,0.9999995520195356f,-0.0009465520207793691f,0.3804331210316131f,0f,0.0009465520207793691f,0.9999995520195356f,0f,0f,0f,0f,1f], start_interpolation: 0, interpolation_duration: 1 }
$data merge entity $(bone_left_leg) { transformation: [1f,0f,0f,0.125f,0f,1f,0f,0.7554331210316131f,0f,0f,1f,0f,0f,0f,0f,1f], start_interpolation: 0, interpolation_duration: 1 }