# This file was generated by Animated Java via MC-Build. It is not recommended to edit this file directly.
$data merge entity $(bone_right_forearm) { transformation: [0.9999525269619293f,0.006716992834699229f,-0.007058741368735393f,-0.3155724642778057f,-0.0064252188070674865f,0.9991558345464387f,0.040575052126781655f,1.186470224389749f,0.007325324957529422f,-0.040527771947990676f,0.9991515597321549f,0.006102766141469571f,0f,0f,0f,1f], start_interpolation: 0, interpolation_duration: 1 }
$data merge entity $(bone_right_arm) { transformation: [0.9999523579604878f,0.00714242821199568f,-0.006653384739893448f,-0.3137868572248068f,-0.006860044380787109f,0.9991133160931382f,0.0415393957161942f,1.4362485534130336f,0.006944177442591022f,-0.041491774180064035f,0.9991147136715764f,-0.004270177403546438f,0f,0f,0f,1f], start_interpolation: 0, interpolation_duration: 1 }
$data merge entity $(bone_left_forearm) { transformation: [0.9999976573869266f,-0.0020593307144171377f,-0.0006666165822419864f,0.31172654373716757f,0.0020644200917936733f,0.9999680216977648f,0.007726173149946017f,1.1875464394532216f,0.0006506845193028558f,-0.007727531227177692f,0.9999699304833066f,-0.0019802584301081257f,0f,0f,0f,1f], start_interpolation: 0, interpolation_duration: 1 }
$data merge entity $(bone_left_arm) { transformation: [0.9999976573869266f,-0.0020594603805813515f,-0.0006662158808355595f,0.31121167864202226f,0.0020644200917936733f,0.9999695060687319f,0.0075316068896870035f,1.4375388159704046f,0.0006506845193028558f,-0.007532964595496109f,0.9999714151184819f,-0.003863499578982153f,0f,0f,0f,1f], start_interpolation: 0, interpolation_duration: 1 }
$data merge entity $(bone_head) { transformation: [0.9999976573869266f,-0.0020599933204783834f,-0.0006645661582161941f,-0.0014163482205315067f,0.0020644200917936733f,0.9999752177067023f,0.006730686600803974f,1.4993922289098451f,0.0006506845193028558f,-0.006732042777138897f,0.9999771278432839f,-0.004473522340390725f,0f,0f,0f,1f], start_interpolation: 0, interpolation_duration: 1 }
$data merge entity $(bone_torso) { transformation: [0.9999976573869266f,-0.002060142866227646f,-0.0006641024241735049f,0f,0.0020644200917936733f,0.9999767074900129f,0.006505585839705839f,0.8119082425104611f,0.0006506845193028558f,-0.006506941586022873f,0.9999786179318297f,0f,0f,0f,0f,1f], start_interpolation: 0, interpolation_duration: 1 }
$data merge entity $(bone_upper_body) { transformation: [0.9999976573869266f,-0.002060142866227646f,-0.0006641024241735049f,0f,0.0020644200917936733f,0.9999767074900129f,0.006505585839705839f,0.8119082425104611f,0.0006506845193028558f,-0.006506941586022873f,0.9999786179318297f,0f,0f,0f,0f,1f], start_interpolation: 0, interpolation_duration: 1 }
$data merge entity $(bone_right_lower_leg) { transformation: [1f,0f,0f,-0.125f,0f,0.9999999980793746f,0.00006197782564671577f,0.3806583008494573f,0f,-0.00006197782564671577f,0.9999999980793746f,0.0002091751508441326f,0f,0f,0f,1f], start_interpolation: 0, interpolation_duration: 1 }
$data merge entity $(bone_right_leg) { transformation: [1f,0f,0f,-0.125f,0f,0.9999998444293435f,0.0005578004022510203f,0.7556582425104611f,0f,-0.0005578004022510203f,0.9999998444293435f,0f,0f,0f,0f,1f], start_interpolation: 0, interpolation_duration: 1 }
$data merge entity $(bone_left_lower_leg) { transformation: [1f,0f,0f,0.125f,0f,0.9999997882510528f,-0.0006507671237731412f,0.3806582425104611f,0f,0.0006507671237731412f,0.9999997882510528f,0f,0f,0f,0f,1f], start_interpolation: 0, interpolation_duration: 1 }
$data merge entity $(bone_left_leg) { transformation: [1f,0f,0f,0.125f,0f,1f,0f,0.7556582425104611f,0f,0f,1f,0f,0f,0f,0f,1f], start_interpolation: 0, interpolation_duration: 1 }