# This file was generated by Animated Java via MC-Build. It is not recommended to edit this file directly.
$data merge entity $(bone_right_forearm) { transformation: [0.9999881848665789f,0.0034769708981196848f,-0.003397175388246695f,-0.31403511768460873f,-0.0034053236964933986f,0.9997763326777716f,0.020873149927784662f,1.1867899612073856f,0.003468990885975462f,-0.020861334826882606f,0.9997763603984011f,0.0030085849597856905f,0f,0f,0f,1f], start_interpolation: 0, interpolation_duration: 1 }
$data merge entity $(bone_right_arm) { transformation: [0.9999881848665789f,0.0034769708981196848f,-0.003397175388246695f,-0.3131658749600788f,-0.0034053236964933986f,0.9997763326777716f,0.020873149927784662f,1.4367340443768284f,0.003468990885975462f,-0.020861334826882606f,0.9997763603984011f,-0.002206748746934961f,0f,0f,0f,1f], start_interpolation: 0, interpolation_duration: 1 }
$data merge entity $(bone_left_forearm) { transformation: [0.9999993743805244f,-0.0010654680851011683f,-0.00034061168399993866f,0.3121001010490243f,0.0010668494475809737f,0.9999911019261185f,0.004081409173719366f,1.1874030498000367f,0.0003362600419951724f,-0.004081770001697215f,0.999991613006248f,-0.0009761437202636749f,0f,0f,0f,1f], start_interpolation: 0, interpolation_duration: 1 }
$data merge entity $(bone_left_arm) { transformation: [0.9999993743805244f,-0.0010654680851011683f,-0.00034061168399993866f,0.311833734027749f,0.0010668494475809737f,0.9999911019261185f,0.004081409173719366f,1.4374008252815664f,0.0003362600419951724f,-0.004081770001697215f,0.999991613006248f,-0.0019965862206879786f,0f,0f,0f,1f], start_interpolation: 0, interpolation_duration: 1 }
$data merge entity $(bone_head) { transformation: [0.9999993743805244f,-0.0010657127458638257f,-0.0003398454103703755f,-0.0007326775127813801f,0.0010668494475809737f,0.9999937783408651f,0.0033623075137350984f,1.4995670459755015f,0.0003362600419951724f,-0.0033626679740983516f,0.9999942896803362f,-0.0023118342321926167f,0f,0f,0f,1f], start_interpolation: 0, interpolation_duration: 1 }
$data merge entity $(bone_torso) { transformation: [0.9999993743805244f,-0.0010657127458638257f,-0.0003398454103703755f,0f,0.0010668494475809737f,0.9999937783408651f,0.0033623075137350984f,0.8120713233661568f,0.0003362600419951724f,-0.0033626679740983516f,0.9999942896803362f,0f,0f,0f,0f,1f], start_interpolation: 0, interpolation_duration: 1 }
$data merge entity $(bone_upper_body) { transformation: [0.9999993743805244f,-0.0010657127458638257f,-0.0003398454103703755f,0f,0.0010668494475809737f,0.9999937783408651f,0.0033623075137350984f,0.8120713233661568f,0.0003362600419951724f,-0.0033626679740983516f,0.9999942896803362f,0f,0f,0f,0f,1f], start_interpolation: 0, interpolation_duration: 1 }
$data merge entity $(bone_right_lower_leg) { transformation: [1f,0f,0f,-0.125f,0f,1f,0f,0.3808213233661568f,0f,0f,1f,0f,0f,0f,0f,1f], start_interpolation: 0, interpolation_duration: 1 }
$data merge entity $(bone_right_leg) { transformation: [1f,0f,0f,-0.125f,0f,1f,0f,0.7558213233661568f,0f,0f,1f,0f,0f,0f,0f,1f], start_interpolation: 0, interpolation_duration: 1 }
$data merge entity $(bone_left_lower_leg) { transformation: [1f,0f,0f,0.125f,0f,1f,0f,0.3808213233661568f,0f,0f,1f,0f,0f,0f,0f,1f], start_interpolation: 0, interpolation_duration: 1 }
$data merge entity $(bone_left_leg) { transformation: [1f,0f,0f,0.125f,0f,1f,0f,0.7558213233661568f,0f,0f,1f,0f,0f,0f,0f,1f], start_interpolation: 0, interpolation_duration: 1 }