# This file was generated by Animated Java via MC-Build. It is not recommended to edit this file directly.
$data merge entity $(bone_right_forearm) { transformation: [0.9999970687587284f,0.0017054342147163745f,-0.0017187111712648508f,-0.3132706954520103f,-0.0016873118789628898f,0.99994354434682f,0.010491000797932457f,1.1870302473683645f,0.0017365058520104604f,-0.010488070044502156f,0.999943490870443f,0.0014816147938798284f,0f,0f,0f,1f], start_interpolation: 0, interpolation_duration: 1 }
$data merge entity $(bone_right_arm) { transformation: [0.9999970687587284f,0.0017054342147163745f,-0.0017187111712648508f,-0.3128443368983312f,-0.0016873118789628898f,0.99994354434682f,0.010491000797932457f,1.4370161334550695f,0.0017365058520104604f,-0.010488070044502156f,0.999943490870443f,-0.0011404027172457105f,0f,0f,0f,1f], start_interpolation: 0, interpolation_duration: 1 }
$data merge entity $(bone_left_forearm) { transformation: [0.9999998329217814f,-0.000550934444903905f,-0.00017500756157123523f,0.31229329228900815f,0.0005513253744207162f,0.9999973355236901f,0.0022416480214015344f,1.1873613779331598f,0.0001737720941593926f,-0.002241744132980386f,0.9999974721900559f,-0.0004713591251509936f,0f,0f,0f,1f], start_interpolation: 0, interpolation_duration: 1 }
$data merge entity $(bone_left_arm) { transformation: [0.9999998329217814f,-0.000550934444903905f,-0.00017500756157123523f,0.31215555867778216f,0.0005513253744207162f,0.9999973355236901f,0.0022416480214015344f,1.4373607118140823f,0.0001737720941593926f,-0.002241744132980386f,0.9999974721900559f,-0.0010317951583960901f,0f,0f,0f,1f], start_interpolation: 0, interpolation_duration: 1 }
$data merge entity $(bone_head) { transformation: [0.9999998329217814f,-0.0005510225764392154f,-0.00017472987564515866f,-0.00037882802130196063f,0.0005513253744207162f,0.999998338283724f,0.0017376622578248425f,1.4996883187773087f,0.0001737720941593926f,-0.0017377583005134406f,0.9999984749985114f,-0.0011947088316029903f,0f,0f,0f,1f], start_interpolation: 0, interpolation_duration: 1 }
$data merge entity $(bone_torso) { transformation: [0.9999998329217814f,-0.0005510225764392154f,-0.00017472987564515866f,0f,0.0005513253744207162f,0.999998338283724f,0.0017376622578248425f,0.8121894612072484f,0.0001737720941593926f,-0.0017377583005134406f,0.9999984749985114f,0f,0f,0f,0f,1f], start_interpolation: 0, interpolation_duration: 1 }
$data merge entity $(bone_upper_body) { transformation: [0.9999998329217814f,-0.0005510225764392154f,-0.00017472987564515866f,0f,0.0005513253744207162f,0.999998338283724f,0.0017376622578248425f,0.8121894612072484f,0.0001737720941593926f,-0.0017377583005134406f,0.9999984749985114f,0f,0f,0f,0f,1f], start_interpolation: 0, interpolation_duration: 1 }
$data merge entity $(bone_right_lower_leg) { transformation: [1f,0f,0f,-0.125f,0f,1f,0f,0.3809394612072484f,0f,0f,1f,0f,0f,0f,0f,1f], start_interpolation: 0, interpolation_duration: 1 }
$data merge entity $(bone_right_leg) { transformation: [1f,0f,0f,-0.125f,0f,1f,0f,0.7559394612072484f,0f,0f,1f,0f,0f,0f,0f,1f], start_interpolation: 0, interpolation_duration: 1 }
$data merge entity $(bone_left_lower_leg) { transformation: [1f,0f,0f,0.125f,0f,1f,0f,0.3809394612072484f,0f,0f,1f,0f,0f,0f,0f,1f], start_interpolation: 0, interpolation_duration: 1 }
$data merge entity $(bone_left_leg) { transformation: [1f,0f,0f,0.125f,0f,1f,0f,0.7559394612072484f,0f,0f,1f,0f,0f,0f,0f,1f], start_interpolation: 0, interpolation_duration: 1 }