# This file was generated by Animated Java via MC-Build. It is not recommended to edit this file directly.
$data merge entity $(bone_right_forearm) { transformation: [1f,0f,0f,-0.31249999999999994f,0f,1f,0f,0.5312423889984021f,0f,0f,1f,-0.062499999999999944f,0f,0f,0f,1f], start_interpolation: 0, interpolation_duration: 1 }
$data merge entity $(bone_right_arm) { transformation: [1f,0f,0f,-0.31249999999999994f,0f,1f,0f,0.7812423889984021f,0f,0f,1f,-0.062499999999999944f,0f,0f,0f,1f], start_interpolation: 0, interpolation_duration: 1 }
$data merge entity $(bone_left_forearm) { transformation: [1f,0f,0f,0.31250000000000006f,0f,1f,0f,0.5312423889984021f,0f,0f,1f,-0.062499999999999944f,0f,0f,0f,1f], start_interpolation: 0, interpolation_duration: 1 }
$data merge entity $(bone_left_arm) { transformation: [1f,0f,0f,0.31250000000000006f,0f,1f,0f,0.7812423889984021f,0f,0f,1f,-0.062499999999999944f,0f,0f,0f,1f], start_interpolation: 0, interpolation_duration: 1 }
$data merge entity $(bone_head) { transformation: [1f,0f,0f,4.592425496802574e-17f,0f,0.43837114678907735f,-0.898794046299167f,0.8353689767349296f,0f,0.898794046299167f,0.43837114678907735f,-0.031249999999999944f,0f,0f,0f,1f], start_interpolation: 0, interpolation_duration: 1 }
$data merge entity $(bone_torso) { transformation: [1f,0f,0f,4.592425496802574e-17f,0f,0.8660254037844386f,-0.5000000000000001f,0.23997651163312805f,0f,0.5000000000000001f,0.8660254037844386f,-0.375f,0f,0f,0f,1f], start_interpolation: 0, interpolation_duration: 1 }
$data merge entity $(bone_upper_body) { transformation: [1f,0f,0f,4.592425496802574e-17f,0f,0.8660254037844386f,-0.5000000000000001f,0.23997651163312805f,0f,0.5000000000000001f,0.8660254037844386f,-0.375f,0f,0f,0f,1f], start_interpolation: 0, interpolation_duration: 1 }
$data merge entity $(bone_right_lower_leg) { transformation: [1f,0f,0f,-0.12499999999999996f,0f,0.01958432228902285f,0.9998082087683017f,0.06538146249813535f,0f,-0.9998082087683017f,0.01958432228902285f,-0.019163732391938193f,0f,0f,0f,1f], start_interpolation: 0, interpolation_duration: 1 }
$data merge entity $(bone_right_leg) { transformation: [1f,0f,0f,-0.12499999999999996f,0f,0.3155867976933139f,0.9488967136214982f,0.18372651163312806f,0f,-0.9488967136214982f,0.3155867976933139f,-0.375f,0f,0f,0f,1f], start_interpolation: 0, interpolation_duration: 1 }
$data merge entity $(bone_left_lower_leg) { transformation: [1f,0f,0f,0.12500000000000006f,0f,0.01958432228902285f,0.9998082087683017f,0.06538146249813535f,0f,-0.9998082087683017f,0.01958432228902285f,-0.019163732391938193f,0f,0f,0f,1f], start_interpolation: 0, interpolation_duration: 1 }
$data merge entity $(bone_left_leg) { transformation: [1f,0f,0f,0.12500000000000006f,0f,0.3155867976933139f,0.9488967136214982f,0.18372651163312806f,0f,-0.9488967136214982f,0.3155867976933139f,-0.375f,0f,0f,0f,1f], start_interpolation: 0, interpolation_duration: 1 }