# This file was generated by Animated Java via MC-Build. It is not recommended to edit this file directly.
$data merge entity $(bone_right_forearm) { transformation: [1f,0f,0f,-0.31249999999999994f,0f,1f,0f,0.5632636666966884f,0f,0f,1f,-0.06757440998353542f,0f,0f,0f,1f], start_interpolation: 0, interpolation_duration: 1 }
$data merge entity $(bone_right_arm) { transformation: [1f,0f,0f,-0.31249999999999994f,0f,1f,0f,0.8132636666966884f,0f,0f,1f,-0.06757440998353542f,0f,0f,0f,1f], start_interpolation: 0, interpolation_duration: 1 }
$data merge entity $(bone_left_forearm) { transformation: [1f,0f,0f,0.31250000000000006f,0f,1f,0f,0.5632636666966884f,0f,0f,1f,-0.06757440998353542f,0f,0f,0f,1f], start_interpolation: 0, interpolation_duration: 1 }
$data merge entity $(bone_left_arm) { transformation: [1f,0f,0f,0.31250000000000006f,0f,1f,0f,0.8132636666966884f,0f,0f,1f,-0.06757440998353542f,0f,0f,0f,1f], start_interpolation: 0, interpolation_duration: 1 }
$data merge entity $(bone_head) { transformation: [1f,0f,0f,4.592425496802574e-17f,0f,0.456210657353163f,-0.8898718088114685f,0.8676800710802038f,0f,0.8898718088114685f,0.456210657353163f,-0.03683185098188896f,0f,0f,0f,1f], start_interpolation: 0, interpolation_duration: 1 }
$data merge entity $(bone_torso) { transformation: [1f,0f,0f,4.592425496802574e-17f,0f,0.8706624701362482f,-0.4918809440263433f,0.2690996228615332f,0f,0.4918809440263433f,0.8706624701362482f,-0.375f,0f,0f,0f,1f], start_interpolation: 0, interpolation_duration: 1 }
$data merge entity $(bone_upper_body) { transformation: [1f,0f,0f,4.592425496802574e-17f,0f,0.8706624701362482f,-0.4918809440263433f,0.2690996228615332f,0f,0.4918809440263433f,0.8706624701362482f,-0.375f,0f,0f,0f,1f], start_interpolation: 0, interpolation_duration: 1 }
$data merge entity $(bone_right_lower_leg) { transformation: [1f,0f,0f,-0.12499999999999996f,0f,0.024544060672798684f,0.9996987491668128f,0.06598850045951826f,0f,-0.9996987491668128f,0.024544060672798684f,-0.029953900577299075f,0f,0f,0f,1f], start_interpolation: 0, interpolation_duration: 1 }
$data merge entity $(bone_right_leg) { transformation: [1f,0f,0f,-0.12499999999999996f,0f,0.39162965973870656f,0.9201229317938691f,0.21284962286153322f,0f,-0.9201229317938691f,0.39162965973870656f,-0.375f,0f,0f,0f,1f], start_interpolation: 0, interpolation_duration: 1 }
$data merge entity $(bone_left_lower_leg) { transformation: [1f,0f,0f,0.12500000000000006f,0f,0.024544060672798684f,0.9996987491668128f,0.06598850045951826f,0f,-0.9996987491668128f,0.024544060672798684f,-0.029953900577299075f,0f,0f,0f,1f], start_interpolation: 0, interpolation_duration: 1 }
$data merge entity $(bone_left_leg) { transformation: [1f,0f,0f,0.12500000000000006f,0f,0.39162965973870656f,0.9201229317938691f,0.21284962286153322f,0f,-0.9201229317938691f,0.39162965973870656f,-0.375f,0f,0f,0f,1f], start_interpolation: 0, interpolation_duration: 1 }