# This file was generated by Animated Java via MC-Build. It is not recommended to edit this file directly.
$data merge entity $(bone_right_forearm) { transformation: [1f,0f,0f,-0.31249999999999994f,0f,1f,0f,0.5179001027213076f,0f,0f,1f,0.011561602947468053f,0f,0f,0f,1f], start_interpolation: 0, interpolation_duration: 1 }
$data merge entity $(bone_right_arm) { transformation: [1f,0f,0f,-0.31249999999999994f,0f,1f,0f,0.7679001027213076f,0f,0f,1f,0.011561602947468053f,0f,0f,0f,1f], start_interpolation: 0, interpolation_duration: 1 }
$data merge entity $(bone_left_forearm) { transformation: [1f,0f,0f,0.31250000000000006f,0f,1f,0f,0.5179001027213076f,0f,0f,1f,0.011561602947468053f,0f,0f,0f,1f], start_interpolation: 0, interpolation_duration: 1 }
$data merge entity $(bone_left_arm) { transformation: [1f,0f,0f,0.31250000000000006f,0f,1f,0f,0.7679001027213076f,0f,0f,1f,0.011561602947468053f,0f,0f,0f,1f], start_interpolation: 0, interpolation_duration: 1 }
$data merge entity $(bone_head) { transformation: [1f,0f,0f,3.8576374173141627e-17f,0f,0.387515586452103f,-0.9218631515885005f,0.8211901129934384f,0f,0.9218631515885005f,0.387515586452103f,0.04421776324221488f,0f,0f,0f,1f], start_interpolation: 0, interpolation_duration: 1 }
$data merge entity $(bone_torso) { transformation: [1f,0f,0f,3.8576374173141627e-17f,0f,0.8526401643540922f,-0.5224985647159489f,0.235f,0f,0.5224985647159489f,0.8526401643540922f,-0.315f,0f,0f,0f,1f], start_interpolation: 0, interpolation_duration: 1 }
$data merge entity $(bone_upper_body) { transformation: [1f,0f,0f,3.8576374173141627e-17f,0f,0.8526401643540922f,-0.5224985647159489f,0.235f,0f,0.5224985647159489f,0.8526401643540922f,-0.315f,0f,0f,0f,1f], start_interpolation: 0, interpolation_duration: 1 }
$data merge entity $(bone_right_lower_leg) { transformation: [1f,0f,0f,-0.12499999999999996f,0f,0.24868988716485485f,0.9685831611286311f,0.08549129231317942f,0f,-0.9685831611286311f,0.24868988716485485f,0.04821868542323665f,0f,0f,0f,1f], start_interpolation: 0, interpolation_duration: 1 }
$data merge entity $(bone_right_leg) { transformation: [1f,0f,0f,-0.12499999999999996f,0f,0.24868988716485485f,0.9685831611286311f,0.17875f,0f,-0.9685831611286311f,0.24868988716485485f,-0.315f,0f,0f,0f,1f], start_interpolation: 0, interpolation_duration: 1 }
$data merge entity $(bone_left_lower_leg) { transformation: [1f,0f,0f,0.12500000000000003f,0f,0.24868988716485485f,0.9685831611286311f,0.08549129231317942f,0f,-0.9685831611286311f,0.24868988716485485f,0.04821868542323665f,0f,0f,0f,1f], start_interpolation: 0, interpolation_duration: 1 }
$data merge entity $(bone_left_leg) { transformation: [1f,0f,0f,0.12500000000000003f,0f,0.24868988716485485f,0.9685831611286311f,0.17875f,0f,-0.9685831611286311f,0.24868988716485485f,-0.315f,0f,0f,0f,1f], start_interpolation: 0, interpolation_duration: 1 }