# This file was generated by Animated Java via MC-Build. It is not recommended to edit this file directly.
$data merge entity $(bone_right_forearm) { transformation: [1f,0f,0f,-0.31249999999999994f,0f,1f,0f,0.5835424636338691f,0f,0f,1f,-0.07267569555922515f,0f,0f,0f,1f], start_interpolation: 0, interpolation_duration: 1 }
$data merge entity $(bone_right_arm) { transformation: [1f,0f,0f,-0.31249999999999994f,0f,1f,0f,0.8335424636338691f,0f,0f,1f,-0.07267569555922515f,0f,0f,0f,1f], start_interpolation: 0, interpolation_duration: 1 }
$data merge entity $(bone_left_forearm) { transformation: [1f,0f,0f,0.31250000000000006f,0f,1f,0f,0.5835424636338691f,0f,0f,1f,-0.07267569555922515f,0f,0f,0f,1f], start_interpolation: 0, interpolation_duration: 1 }
$data merge entity $(bone_left_arm) { transformation: [1f,0f,0f,0.31250000000000006f,0f,1f,0f,0.8335424636338691f,0f,0f,1f,-0.07267569555922515f,0f,0f,0f,1f], start_interpolation: 0, interpolation_duration: 1 }
$data merge entity $(bone_head) { transformation: [1f,0f,0f,4.592425496802574e-17f,0f,0.4738686624729988f,-0.8805955318567378f,0.8882439275031662f,0f,0.8805955318567378f,0.4738686624729988f,-0.04244326511514762f,0f,0f,0f,1f], start_interpolation: 0, interpolation_duration: 1 }
$data merge entity $(bone_torso) { transformation: [1f,0f,0f,4.592425496802574e-17f,0f,0.8752234219087537f,-0.4837188871052398f,0.286527824940898f,0f,0.4837188871052398f,0.8752234219087537f,-0.375f,0f,0f,0f,1f], start_interpolation: 0, interpolation_duration: 1 }
$data merge entity $(bone_upper_body) { transformation: [1f,0f,0f,4.592425496802574e-17f,0f,0.8752234219087537f,-0.4837188871052398f,0.286527824940898f,0f,0.4837188871052398f,0.8752234219087537f,-0.375f,0f,0f,0f,1f], start_interpolation: 0, interpolation_duration: 1 }
$data merge entity $(bone_right_lower_leg) { transformation: [1f,0f,0f,-0.12499999999999996f,0f,0.027511845807516644f,0.9996214775305017f,0.06680427524197088f,0f,-0.9996214775305017f,0.027511845807516644f,-0.03750718741159481f,0f,0f,0f,1f], start_interpolation: 0, interpolation_duration: 1 }
$data merge entity $(bone_right_leg) { transformation: [1f,0f,0f,-0.12499999999999996f,0f,0.43592946586380565f,0.8999808335690805f,0.23027782494089802f,0f,-0.8999808335690805f,0.43592946586380565f,-0.375f,0f,0f,0f,1f], start_interpolation: 0, interpolation_duration: 1 }
$data merge entity $(bone_left_lower_leg) { transformation: [1f,0f,0f,0.12500000000000006f,0f,0.027511845807516644f,0.9996214775305017f,0.06680427524197088f,0f,-0.9996214775305017f,0.027511845807516644f,-0.03750718741159481f,0f,0f,0f,1f], start_interpolation: 0, interpolation_duration: 1 }
$data merge entity $(bone_left_leg) { transformation: [1f,0f,0f,0.12500000000000006f,0f,0.43592946586380565f,0.8999808335690805f,0.23027782494089802f,0f,-0.8999808335690805f,0.43592946586380565f,-0.375f,0f,0f,0f,1f], start_interpolation: 0, interpolation_duration: 1 }