# This file was generated by Animated Java via MC-Build. It is not recommended to edit this file directly.
$data merge entity $(bone_right_forearm) { transformation: [1f,0f,0f,-0.31249999999999994f,0f,1f,0f,0.5967748317310699f,0f,0f,1f,-0.07780341076526548f,0f,0f,0f,1f], start_interpolation: 0, interpolation_duration: 1 }
$data merge entity $(bone_right_arm) { transformation: [1f,0f,0f,-0.31249999999999994f,0f,1f,0f,0.8467748317310699f,0f,0f,1f,-0.07780341076526548f,0f,0f,0f,1f], start_interpolation: 0, interpolation_duration: 1 }
$data merge entity $(bone_left_forearm) { transformation: [1f,0f,0f,0.31250000000000006f,0f,1f,0f,0.5967748317310699f,0f,0f,1f,-0.07780341076526548f,0f,0f,0f,1f], start_interpolation: 0, interpolation_duration: 1 }
$data merge entity $(bone_left_arm) { transformation: [1f,0f,0f,0.31250000000000006f,0f,1f,0f,0.8467748317310699f,0f,0f,1f,-0.07780341076526548f,0f,0f,0f,1f], start_interpolation: 0, interpolation_duration: 1 }
$data merge entity $(bone_head) { transformation: [1f,0f,0f,4.592425496802574e-17f,0f,0.49133813683251154f,-0.870968906043124f,0.9017565730046275f,0f,0.870968906043124f,0.49133813683251154f,-0.04808375184179203f,0f,0f,0f,1f], start_interpolation: 0, interpolation_duration: 1 }
$data merge entity $(bone_torso) { transformation: [1f,0f,0f,4.592425496802574e-17f,0f,0.8797078603769184f,-0.4755145427755752f,0.29695741899549605f,0f,0.4755145427755752f,0.8797078603769184f,-0.375f,0f,0f,0f,1f], start_interpolation: 0, interpolation_duration: 1 }
$data merge entity $(bone_upper_body) { transformation: [1f,0f,0f,4.592425496802574e-17f,0f,0.8797078603769184f,-0.4755145427755752f,0.29695741899549605f,0f,0.4755145427755752f,0.8797078603769184f,-0.375f,0f,0f,0f,1f], start_interpolation: 0, interpolation_duration: 1 }
$data merge entity $(bone_right_lower_leg) { transformation: [1f,0f,0f,-0.12499999999999996f,0f,0.029287749141276576f,0.9995710218639982f,0.06747513662765106f,0f,-0.9995710218639982f,0.029287749141276576f,-0.042410799415213696f,0f,0f,0f,1f], start_interpolation: 0, interpolation_duration: 1 }
$data merge entity $(bone_right_leg) { transformation: [1f,0f,0f,-0.12499999999999996f,0f,0.46195275298092f,0.8869045348927634f,0.24070741899549605f,0f,-0.8869045348927634f,0.46195275298092f,-0.375f,0f,0f,0f,1f], start_interpolation: 0, interpolation_duration: 1 }
$data merge entity $(bone_left_lower_leg) { transformation: [1f,0f,0f,0.12500000000000006f,0f,0.029287749141276576f,0.9995710218639982f,0.06747513662765106f,0f,-0.9995710218639982f,0.029287749141276576f,-0.042410799415213696f,0f,0f,0f,1f], start_interpolation: 0, interpolation_duration: 1 }
$data merge entity $(bone_left_leg) { transformation: [1f,0f,0f,0.12500000000000006f,0f,0.46195275298092f,0.8869045348927634f,0.24070741899549605f,0f,-0.8869045348927634f,0.46195275298092f,-0.375f,0f,0f,0f,1f], start_interpolation: 0, interpolation_duration: 1 }