# This file was generated by Animated Java via MC-Build. It is not recommended to edit this file directly.
$data merge entity $(bone_right_forearm) { transformation: [1f,0f,0f,-0.31249999999999994f,0f,1f,0f,0.6057709429015049f,0f,0f,1f,-0.08295710732933625f,0f,0f,0f,1f], start_interpolation: 0, interpolation_duration: 1 }
$data merge entity $(bone_right_arm) { transformation: [1f,0f,0f,-0.31249999999999994f,0f,1f,0f,0.8557709429015049f,0f,0f,1f,-0.08295710732933625f,0f,0f,0f,1f], start_interpolation: 0, interpolation_duration: 1 }
$data merge entity $(bone_left_forearm) { transformation: [1f,0f,0f,0.31250000000000006f,0f,1f,0f,0.6057709429015049f,0f,0f,1f,-0.08295710732933625f,0f,0f,0f,1f], start_interpolation: 0, interpolation_duration: 1 }
$data merge entity $(bone_left_arm) { transformation: [1f,0f,0f,0.31250000000000006f,0f,1f,0f,0.8557709429015049f,0f,0f,1f,-0.08295710732933625f,0f,0f,0f,1f], start_interpolation: 0, interpolation_duration: 1 }
$data merge entity $(bone_head) { transformation: [1f,0f,0f,4.592425496802574e-17f,0f,0.5086121301234316f,-0.8609957613666316f,0.911028154995543f,0f,0.8609957613666316f,0.5086121301234316f,-0.053752818062269836f,0f,0f,0f,1f], start_interpolation: 0, interpolation_duration: 1 }
$data merge entity $(bone_torso) { transformation: [1f,0f,0f,4.592425496802574e-17f,0f,0.8841153935046098f,-0.46726862827306204f,0.3031988219611238f,0f,0.46726862827306204f,0.8841153935046098f,-0.375f,0f,0f,0f,1f], start_interpolation: 0, interpolation_duration: 1 }
$data merge entity $(bone_upper_body) { transformation: [1f,0f,0f,4.592425496802574e-17f,0f,0.8841153935046098f,-0.46726862827306204f,0.3031988219611238f,0f,0.46726862827306204f,0.8841153935046098f,-0.375f,0f,0f,0f,1f], start_interpolation: 0, interpolation_duration: 1 }
$data merge entity $(bone_right_lower_leg) { transformation: [1f,0f,0f,-0.12499999999999996f,0f,0.030350462693755575f,0.9995393185934583f,0.06794635267522273f,0f,-0.9995393185934583f,0.030350462693755575f,-0.04548047707373992f,0f,0f,0f,1f], start_interpolation: 0, interpolation_duration: 1 }
$data merge entity $(bone_right_leg) { transformation: [1f,0f,0f,-0.12499999999999996f,0f,0.47733991809573617f,0.8787187278033602f,0.2469488219611238f,0f,-0.8787187278033602f,0.47733991809573617f,-0.375f,0f,0f,0f,1f], start_interpolation: 0, interpolation_duration: 1 }
$data merge entity $(bone_left_lower_leg) { transformation: [1f,0f,0f,0.12500000000000006f,0f,0.030350462693755575f,0.9995393185934583f,0.06794635267522273f,0f,-0.9995393185934583f,0.030350462693755575f,-0.04548047707373992f,0f,0f,0f,1f], start_interpolation: 0, interpolation_duration: 1 }
$data merge entity $(bone_left_leg) { transformation: [1f,0f,0f,0.12500000000000006f,0f,0.47733991809573617f,0.8787187278033602f,0.2469488219611238f,0f,-0.8787187278033602f,0.47733991809573617f,-0.375f,0f,0f,0f,1f], start_interpolation: 0, interpolation_duration: 1 }