# This file was generated by Animated Java via MC-Build. It is not recommended to edit this file directly.
$data merge entity $(bone_right_forearm) { transformation: [1f,0f,0f,-0.31249999999999994f,0f,1f,0f,0.5448339912361199f,0f,0f,1f,0.01228585836124041f,0f,0f,0f,1f], start_interpolation: 0, interpolation_duration: 1 }
$data merge entity $(bone_right_arm) { transformation: [1f,0f,0f,-0.31249999999999994f,0f,1f,0f,0.7948339912361199f,0f,0f,1f,0.01228585836124041f,0f,0f,0f,1f], start_interpolation: 0, interpolation_duration: 1 }
$data merge entity $(bone_left_forearm) { transformation: [1f,0f,0f,0.31250000000000006f,0f,1f,0f,0.5448339912361199f,0f,0f,1f,0.01228585836124041f,0f,0f,0f,1f], start_interpolation: 0, interpolation_duration: 1 }
$data merge entity $(bone_left_arm) { transformation: [1f,0f,0f,0.31250000000000006f,0f,1f,0f,0.7948339912361199f,0f,0f,1f,0.01228585836124041f,0f,0f,0f,1f], start_interpolation: 0, interpolation_duration: 1 }
$data merge entity $(bone_head) { transformation: [1f,0f,0f,3.719864652410085e-17f,0f,0.42577929156507277f,-0.9048270524660195f,0.8487548903597318f,0f,0.9048270524660195f,0.42577929156507277f,0.0438894441973644f,0f,0f,0f,1f], start_interpolation: 0, interpolation_duration: 1 }
$data merge entity $(bone_torso) { transformation: [1f,0f,0f,3.719864652410085e-17f,0f,0.8627343859777918f,-0.5056573733779846f,0.255625f,0f,0.5056573733779846f,0.8627343859777918f,-0.30374999999999996f,0f,0f,0f,1f], start_interpolation: 0, interpolation_duration: 1 }
$data merge entity $(bone_upper_body) { transformation: [1f,0f,0f,3.719864652410085e-17f,0f,0.8627343859777918f,-0.5056573733779846f,0.255625f,0f,0.5056573733779846f,0.8627343859777918f,-0.30374999999999996f,0f,0f,0f,1f], start_interpolation: 0, interpolation_duration: 1 }
$data merge entity $(bone_right_lower_leg) { transformation: [1f,0f,0f,-0.12499999999999996f,0f,0.29404032523230406f,0.95579301479833f,0.08910987803788598f,0f,-0.95579301479833f,0.29404032523230406f,0.05467238054937379f,0f,0f,0f,1f], start_interpolation: 0, interpolation_duration: 1 }
$data merge entity $(bone_right_leg) { transformation: [1f,0f,0f,-0.12499999999999996f,0f,0.29404032523230406f,0.95579301479833f,0.199375f,0f,-0.95579301479833f,0.29404032523230406f,-0.30374999999999996f,0f,0f,0f,1f], start_interpolation: 0, interpolation_duration: 1 }
$data merge entity $(bone_left_lower_leg) { transformation: [1f,0f,0f,0.12500000000000003f,0f,0.29404032523230406f,0.95579301479833f,0.08910987803788598f,0f,-0.95579301479833f,0.29404032523230406f,0.05467238054937379f,0f,0f,0f,1f], start_interpolation: 0, interpolation_duration: 1 }
$data merge entity $(bone_left_leg) { transformation: [1f,0f,0f,0.12500000000000003f,0f,0.29404032523230406f,0.95579301479833f,0.199375f,0f,-0.95579301479833f,0.29404032523230406f,-0.30374999999999996f,0f,0f,0f,1f], start_interpolation: 0, interpolation_duration: 1 }