# This file was generated by Animated Java via MC-Build. It is not recommended to edit this file directly.
$data merge entity $(bone_right_forearm) { transformation: [1f,0f,0f,-0.31249999999999994f,0f,1f,0f,0.6122123997890397f,0f,0f,1f,-0.08813633470778892f,0f,0f,0f,1f], start_interpolation: 0, interpolation_duration: 1 }
$data merge entity $(bone_right_arm) { transformation: [1f,0f,0f,-0.31249999999999994f,0f,1f,0f,0.8622123997890397f,0f,0f,1f,-0.08813633470778892f,0f,0f,0f,1f], start_interpolation: 0, interpolation_duration: 1 }
$data merge entity $(bone_left_forearm) { transformation: [1f,0f,0f,0.31250000000000006f,0f,1f,0f,0.6122123997890397f,0f,0f,1f,-0.08813633470778892f,0f,0f,0f,1f], start_interpolation: 0, interpolation_duration: 1 }
$data merge entity $(bone_left_arm) { transformation: [1f,0f,0f,0.31250000000000006f,0f,1f,0f,0.8622123997890397f,0f,0f,1f,-0.08813633470778892f,0f,0f,0f,1f], start_interpolation: 0, interpolation_duration: 1 }
$data merge entity $(bone_head) { transformation: [1f,0f,0f,4.592425496802574e-17f,0f,0.5256837698105046f,-0.8506800656873396f,0.9177402520377193f,0f,0.8506800656873396f,0.5256837698105046f,-0.05944996817856779f,0f,0f,0f,1f], start_interpolation: 0, interpolation_duration: 1 }
$data merge entity $(bone_torso) { transformation: [1f,0f,0f,4.592425496802574e-17f,0f,0.8884456359788723f,-0.45898186446753775f,0.30693387730224453f,0f,0.45898186446753775f,0.8884456359788723f,-0.375f,0f,0f,0f,1f], start_interpolation: 0, interpolation_duration: 1 }
$data merge entity $(bone_upper_body) { transformation: [1f,0f,0f,4.592425496802574e-17f,0f,0.8884456359788723f,-0.45898186446753775f,0.30693387730224453f,0f,0.45898186446753775f,0.8884456359788723f,-0.375f,0f,0f,0f,1f], start_interpolation: 0, interpolation_duration: 1 }
$data merge entity $(bone_right_lower_leg) { transformation: [1f,0f,0f,-0.12499999999999996f,0f,0.030986408172907598f,0.9995198059611136f,0.06825423866287028f,0f,-0.9995198059611136f,0.030986408172907598f,-0.04736540636570846f,0f,0f,0f,1f], start_interpolation: 0, interpolation_duration: 1 }
$data merge entity $(bone_right_leg) { transformation: [1f,0f,0f,-0.12499999999999996f,0f,0.48647903637166456f,0.8736922496914441f,0.2506838773022445f,0f,-0.8736922496914441f,0.48647903637166456f,-0.375f,0f,0f,0f,1f], start_interpolation: 0, interpolation_duration: 1 }
$data merge entity $(bone_left_lower_leg) { transformation: [1f,0f,0f,0.12500000000000006f,0f,0.030986408172907598f,0.9995198059611136f,0.06825423866287028f,0f,-0.9995198059611136f,0.030986408172907598f,-0.04736540636570846f,0f,0f,0f,1f], start_interpolation: 0, interpolation_duration: 1 }
$data merge entity $(bone_left_leg) { transformation: [1f,0f,0f,0.12500000000000006f,0f,0.48647903637166456f,0.8736922496914441f,0.2506838773022445f,0f,-0.8736922496914441f,0.48647903637166456f,-0.375f,0f,0f,0f,1f], start_interpolation: 0, interpolation_duration: 1 }