# This file was generated by Animated Java via MC-Build. It is not recommended to edit this file directly.
$data merge entity $(bone_right_forearm) { transformation: [1f,0f,0f,-0.31249999999999994f,0f,1f,0f,0.6171054347662279f,0f,0f,1f,-0.09334064012503424f,0f,0f,0f,1f], start_interpolation: 0, interpolation_duration: 1 }
$data merge entity $(bone_right_arm) { transformation: [1f,0f,0f,-0.31249999999999994f,0f,1f,0f,0.8671054347662279f,0f,0f,1f,-0.09334064012503424f,0f,0f,0f,1f], start_interpolation: 0, interpolation_duration: 1 }
$data merge entity $(bone_left_forearm) { transformation: [1f,0f,0f,0.31250000000000006f,0f,1f,0f,0.6171054347662279f,0f,0f,1f,-0.09334064012503424f,0f,0f,0f,1f], start_interpolation: 0, interpolation_duration: 1 }
$data merge entity $(bone_left_arm) { transformation: [1f,0f,0f,0.31250000000000006f,0f,1f,0f,0.8671054347662279f,0f,0f,1f,-0.09334064012503424f,0f,0f,0f,1f], start_interpolation: 0, interpolation_duration: 1 }
$data merge entity $(bone_head) { transformation: [1f,0f,0f,4.592425496802574e-17f,0f,0.5425462638657594f,-0.8400259231507714f,0.9228990728439536f,0f,0.8400259231507714f,0.5425462638657594f,-0.06517470413753768f,0f,0f,0f,1f], start_interpolation: 0, interpolation_duration: 1 }
$data merge entity $(bone_torso) { transformation: [1f,0f,0f,4.592425496802574e-17f,0f,0.8926982092436115f,-0.45065497579994523f,0.30916905398897065f,0f,0.45065497579994523f,0.8926982092436115f,-0.375f,0f,0f,0f,1f], start_interpolation: 0, interpolation_duration: 1 }
$data merge entity $(bone_upper_body) { transformation: [1f,0f,0f,4.592425496802574e-17f,0f,0.8926982092436115f,-0.45065497579994523f,0.30916905398897065f,0f,0.45065497579994523f,0.8926982092436115f,-0.375f,0f,0f,0f,1f], start_interpolation: 0, interpolation_duration: 1 }
$data merge entity $(bone_right_lower_leg) { transformation: [1f,0f,0f,-0.12499999999999996f,0f,0.03136697232340868f,0.9995079354598754f,0.06844795574730062f,0f,-0.9995079354598754f,0.03136697232340868f,-0.04851046890671651f,0f,0f,0f,1f], start_interpolation: 0, interpolation_duration: 1 }
$data merge entity $(bone_right_leg) { transformation: [1f,0f,0f,-0.12499999999999996f,0f,0.4919229286444534f,0.8706387495820893f,0.25291905398897063f,0f,-0.8706387495820893f,0.4919229286444534f,-0.375f,0f,0f,0f,1f], start_interpolation: 0, interpolation_duration: 1 }
$data merge entity $(bone_left_lower_leg) { transformation: [1f,0f,0f,0.12500000000000006f,0f,0.03136697232340868f,0.9995079354598754f,0.06844795574730062f,0f,-0.9995079354598754f,0.03136697232340868f,-0.04851046890671651f,0f,0f,0f,1f], start_interpolation: 0, interpolation_duration: 1 }
$data merge entity $(bone_left_leg) { transformation: [1f,0f,0f,0.12500000000000006f,0f,0.4919229286444534f,0.8706387495820893f,0.25291905398897063f,0f,-0.8706387495820893f,0.4919229286444534f,-0.375f,0f,0f,0f,1f], start_interpolation: 0, interpolation_duration: 1 }