# This file was generated by Animated Java via MC-Build. It is not recommended to edit this file directly.
$data merge entity $(bone_right_forearm) { transformation: [1f,0f,0f,-0.31249999999999994f,0f,0.9999999999999999f,0f,0.6210521187311122f,0f,0f,0.9999999999999999f,-0.09856956861312416f,0f,0f,0f,1f], start_interpolation: 0, interpolation_duration: 1 }
$data merge entity $(bone_right_arm) { transformation: [1f,0f,0f,-0.31249999999999994f,0f,0.9999999999999999f,0f,0.8710521187311122f,0f,0f,0.9999999999999999f,-0.09856956861312416f,0f,0f,0f,1f], start_interpolation: 0, interpolation_duration: 1 }
$data merge entity $(bone_left_forearm) { transformation: [1f,0f,0f,0.31250000000000006f,0f,0.9999999999999999f,0f,0.6210521187311122f,0f,0f,0.9999999999999999f,-0.09856956861312416f,0f,0f,0f,1f], start_interpolation: 0, interpolation_duration: 1 }
$data merge entity $(bone_left_arm) { transformation: [1f,0f,0f,0.31250000000000006f,0f,0.9999999999999999f,0f,0.8710521187311122f,0f,0f,0.9999999999999999f,-0.09856956861312416f,0f,0f,0f,1f], start_interpolation: 0, interpolation_duration: 1 }
$data merge entity $(bone_head) { transformation: [1f,0f,0f,4.592425496802574e-17f,0f,0.559192903470747f,-0.8290375725550416f,0.9271066650769053f,0f,0.8290375725550416f,0.559192903470747f,-0.07092652547443662f,0f,0f,0f,1f], start_interpolation: 0, interpolation_duration: 1 }
$data merge entity $(bone_torso) { transformation: [1f,0f,0f,4.592425496802574e-17f,0f,0.8968727415326883f,-0.4422886902190013f,0.31050665527318205f,0f,0.4422886902190013f,0.8968727415326883f,-0.375f,0f,0f,0f,1f], start_interpolation: 0, interpolation_duration: 1 }
$data merge entity $(bone_upper_body) { transformation: [1f,0f,0f,4.592425496802574e-17f,0f,0.8968727415326883f,-0.4422886902190013f,0.31050665527318205f,0f,0.4422886902190013f,0.8968727415326883f,-0.375f,0f,0f,0f,1f], start_interpolation: 0, interpolation_duration: 1 }
$data merge entity $(bone_right_lower_leg) { transformation: [1f,0f,0f,-0.12499999999999996f,0f,0.03159471192277652f,0.9995007624702028f,0.06856731452644615f,0f,-0.9995007624702028f,0.03159471192277652f,-0.04920179752944831f,0f,0f,0f,1f], start_interpolation: 0, interpolation_duration: 1 }
$data merge entity $(bone_right_leg) { transformation: [1f,0f,0f,-0.12499999999999996f,0f,0.4951715753246292f,0.8687952065881378f,0.2542566552731821f,0f,-0.8687952065881378f,0.4951715753246292f,-0.375f,0f,0f,0f,1f], start_interpolation: 0, interpolation_duration: 1 }
$data merge entity $(bone_left_lower_leg) { transformation: [1f,0f,0f,0.12500000000000006f,0f,0.03159471192277652f,0.9995007624702028f,0.06856731452644615f,0f,-0.9995007624702028f,0.03159471192277652f,-0.04920179752944831f,0f,0f,0f,1f], start_interpolation: 0, interpolation_duration: 1 }
$data merge entity $(bone_left_leg) { transformation: [1f,0f,0f,0.12500000000000006f,0f,0.4951715753246292f,0.8687952065881378f,0.2542566552731821f,0f,-0.8687952065881378f,0.4951715753246292f,-0.375f,0f,0f,0f,1f], start_interpolation: 0, interpolation_duration: 1 }