# This file was generated by Animated Java via MC-Build. It is not recommended to edit this file directly.
$data merge entity $(bone_right_forearm) { transformation: [1f,0f,0f,-0.31249999999999994f,0f,1f,0f,0.6274025355583841f,0f,0f,1f,-0.109099464207085f,0f,0f,0f,1f], start_interpolation: 0, interpolation_duration: 1 }
$data merge entity $(bone_right_arm) { transformation: [1f,0f,0f,-0.31249999999999994f,0f,1f,0f,0.8774025355583841f,0f,0f,1f,-0.109099464207085f,0f,0f,0f,1f], start_interpolation: 0, interpolation_duration: 1 }
$data merge entity $(bone_left_forearm) { transformation: [1f,0f,0f,0.31250000000000006f,0f,1f,0f,0.6274025355583841f,0f,0f,1f,-0.109099464207085f,0f,0f,0f,1f], start_interpolation: 0, interpolation_duration: 1 }
$data merge entity $(bone_left_arm) { transformation: [1f,0f,0f,0.31250000000000006f,0f,1f,0f,0.8774025355583841f,0f,0f,1f,-0.109099464207085f,0f,0f,0f,1f], start_interpolation: 0, interpolation_duration: 1 }
$data merge entity $(bone_head) { transformation: [1f,0f,0f,4.592425496802574e-17f,0f,0.5918122160843677f,-0.806075865470062f,0.9339641749498515f,0f,0.806075865470062f,0.5918122160843677f,-0.08250941062779349f,0f,0f,0f,1f], start_interpolation: 0, interpolation_duration: 1 }
$data merge entity $(bone_torso) { transformation: [1f,0f,0f,4.592425496802574e-17f,0f,0.9049862302634799f,-0.425440857268664f,0.31178614164370916f,0f,0.425440857268664f,0.9049862302634799f,-0.375f,0f,0f,0f,1f], start_interpolation: 0, interpolation_duration: 1 }
$data merge entity $(bone_upper_body) { transformation: [1f,0f,0f,4.592425496802574e-17f,0f,0.9049862302634799f,-0.425440857268664f,0.31178614164370916f,0f,0.425440857268664f,0.9049862302634799f,-0.375f,0f,0f,0f,1f], start_interpolation: 0, interpolation_duration: 1 }
$data merge entity $(bone_right_lower_leg) { transformation: [1f,0f,0f,-0.12499999999999996f,0f,0.031812555359329586f,0.9994938525681434f,0.06868391168592045f,0f,-0.9994938525681434f,0.031812555359329586f,-0.04986734375058288f,0f,0f,0f,1f], start_interpolation: 0, interpolation_duration: 1 }
$data merge entity $(bone_right_leg) { transformation: [1f,0f,0f,-0.12499999999999996f,0f,0.49827261322077f,0.8670204166651123f,0.2555361416437092f,0f,-0.8670204166651123f,0.49827261322077f,-0.375f,0f,0f,0f,1f], start_interpolation: 0, interpolation_duration: 1 }
$data merge entity $(bone_left_lower_leg) { transformation: [1f,0f,0f,0.12500000000000006f,0f,0.031812555359329586f,0.9994938525681434f,0.06868391168592045f,0f,-0.9994938525681434f,0.031812555359329586f,-0.04986734375058288f,0f,0f,0f,1f], start_interpolation: 0, interpolation_duration: 1 }
$data merge entity $(bone_left_leg) { transformation: [1f,0f,0f,0.12500000000000006f,0f,0.49827261322077f,0.8670204166651123f,0.2555361416437092f,0f,-0.8670204166651123f,0.49827261322077f,-0.375f,0f,0f,0f,1f], start_interpolation: 0, interpolation_duration: 1 }