# This file was generated by Animated Java via MC-Build. It is not recommended to edit this file directly.
$data merge entity $(bone_right_forearm) { transformation: [1f,0f,0f,-0.31249999999999994f,0f,1f,0f,0.6301506026894276f,0f,0f,1f,-0.11439951077416993f,0f,0f,0f,1f], start_interpolation: 0, interpolation_duration: 1 }
$data merge entity $(bone_right_arm) { transformation: [1f,0f,0f,-0.31249999999999994f,0f,1f,0f,0.8801506026894276f,0f,0f,1f,-0.11439951077416993f,0f,0f,0f,1f], start_interpolation: 0, interpolation_duration: 1 }
$data merge entity $(bone_left_forearm) { transformation: [1f,0f,0f,0.31250000000000006f,0f,1f,0f,0.6301506026894276f,0f,0f,1f,-0.11439951077416993f,0f,0f,0f,1f], start_interpolation: 0, interpolation_duration: 1 }
$data merge entity $(bone_left_arm) { transformation: [1f,0f,0f,0.31250000000000006f,0f,1f,0f,0.8801506026894276f,0f,0f,1f,-0.11439951077416993f,0f,0f,0f,1f], start_interpolation: 0, interpolation_duration: 1 }
$data merge entity $(bone_head) { transformation: [1f,0f,0f,4.592425496802574e-17f,0f,0.60777191135403f,-0.7941116443983611f,0.9369583825276908f,0f,0.7941116443983611f,0.60777191135403f,-0.08833946185158692f,0f,0f,0f,1f], start_interpolation: 0, interpolation_duration: 1 }
$data merge entity $(bone_torso) { transformation: [1f,0f,0f,4.592425496802574e-17f,0f,0.9089244774122108f,-0.4169607827613281f,0.31207280430679585f,0f,0.4169607827613281f,0.9089244774122108f,-0.375f,0f,0f,0f,1f], start_interpolation: 0, interpolation_duration: 1 }
$data merge entity $(bone_upper_body) { transformation: [1f,0f,0f,4.592425496802574e-17f,0f,0.9089244774122108f,-0.4169607827613281f,0.31207280430679585f,0f,0.4169607827613281f,0.9089244774122108f,-0.375f,0f,0f,0f,1f], start_interpolation: 0, interpolation_duration: 1 }
$data merge entity $(bone_right_lower_leg) { transformation: [1f,0f,0f,-0.12499999999999996f,0f,0.03186136190892186f,0.9994922979279575f,0.06871036127287822f,0f,-0.9994922979279575f,0.03186136190892186f,-0.05001702558152532f,0f,0f,0f,1f], start_interpolation: 0, interpolation_duration: 1 }
$data merge entity $(bone_right_leg) { transformation: [1f,0f,0f,-0.12499999999999996f,0f,0.4989665147571136f,0.8666212651159324f,0.2558228043067958f,0f,-0.8666212651159324f,0.4989665147571136f,-0.375f,0f,0f,0f,1f], start_interpolation: 0, interpolation_duration: 1 }
$data merge entity $(bone_left_lower_leg) { transformation: [1f,0f,0f,0.12500000000000006f,0f,0.03186136190892186f,0.9994922979279575f,0.06871036127287822f,0f,-0.9994922979279575f,0.03186136190892186f,-0.05001702558152532f,0f,0f,0f,1f], start_interpolation: 0, interpolation_duration: 1 }
$data merge entity $(bone_left_leg) { transformation: [1f,0f,0f,0.12500000000000006f,0f,0.4989665147571136f,0.8666212651159324f,0.2558228043067958f,0f,-0.8666212651159324f,0.4989665147571136f,-0.375f,0f,0f,0f,1f], start_interpolation: 0, interpolation_duration: 1 }