# This file was generated by Animated Java via MC-Build. It is not recommended to edit this file directly.
$data merge entity $(bone_right_forearm) { transformation: [1f,0f,0f,-0.31249999999999994f,0f,1f,0f,0.6327338930846641f,0f,0f,1f,-0.11972233941500238f,0f,0f,0f,1f], start_interpolation: 0, interpolation_duration: 1 }
$data merge entity $(bone_right_arm) { transformation: [1f,0f,0f,-0.31249999999999994f,0f,1f,0f,0.8827338930846641f,0f,0f,1f,-0.11972233941500238f,0f,0f,0f,1f], start_interpolation: 0, interpolation_duration: 1 }
$data merge entity $(bone_left_forearm) { transformation: [1f,0f,0f,0.31250000000000006f,0f,1f,0f,0.6327338930846641f,0f,0f,1f,-0.11972233941500238f,0f,0f,0f,1f], start_interpolation: 0, interpolation_duration: 1 }
$data merge entity $(bone_left_arm) { transformation: [1f,0f,0f,0.31250000000000006f,0f,1f,0f,0.8827338930846641f,0f,0f,1f,-0.11972233941500238f,0f,0f,0f,1f], start_interpolation: 0, interpolation_duration: 1 }
$data merge entity $(bone_head) { transformation: [1f,0f,0f,4.592425496802574e-17f,0f,0.6234898018587336f,-0.7818314824680298f,0.9397828471509965f,0f,0.7818314824680298f,0.6234898018587336f,-0.09419457335650261f,0f,0f,0f,1f], start_interpolation: 0, interpolation_duration: 1 }
$data merge entity $(bone_torso) { transformation: [1f,0f,0f,4.592425496802574e-17f,0f,0.9127832650613189f,-0.4084442569359962f,0.31224435242133974f,0f,0.4084442569359962f,0.9127832650613189f,-0.375f,0f,0f,0f,1f], start_interpolation: 0, interpolation_duration: 1 }
$data merge entity $(bone_upper_body) { transformation: [1f,0f,0f,4.592425496802574e-17f,0f,0.9127832650613189f,-0.4084442569359962f,0.31224435242133974f,0f,0.4084442569359962f,0.9127832650613189f,-0.375f,0f,0f,0f,1f], start_interpolation: 0, interpolation_duration: 1 }
$data merge entity $(bone_right_lower_leg) { transformation: [1f,0f,0f,-0.12499999999999996f,0f,0.03189056927431677f,0.9994913664416316f,0.0687262468898169f,0f,-0.9994913664416316f,0.03189056927431677f,-0.05010669959102815f,0f,0f,0f,1f], start_interpolation: 0, interpolation_duration: 1 }
$data merge entity $(bone_right_leg) { transformation: [1f,0f,0f,-0.12499999999999996f,0f,0.4993816147507275f,0.866382134423925f,0.2559943524213397f,0f,-0.866382134423925f,0.4993816147507275f,-0.375f,0f,0f,0f,1f], start_interpolation: 0, interpolation_duration: 1 }
$data merge entity $(bone_left_lower_leg) { transformation: [1f,0f,0f,0.12500000000000006f,0f,0.03189056927431677f,0.9994913664416316f,0.0687262468898169f,0f,-0.9994913664416316f,0.03189056927431677f,-0.05010669959102815f,0f,0f,0f,1f], start_interpolation: 0, interpolation_duration: 1 }
$data merge entity $(bone_left_leg) { transformation: [1f,0f,0f,0.12500000000000006f,0f,0.4993816147507275f,0.866382134423925f,0.2559943524213397f,0f,-0.866382134423925f,0.4993816147507275f,-0.375f,0f,0f,0f,1f], start_interpolation: 0, interpolation_duration: 1 }