# This file was generated by Animated Java via MC-Build. It is not recommended to edit this file directly.
$data merge entity $(bone_right_forearm) { transformation: [1f,0f,0f,-0.31249999999999994f,0f,1f,0f,0.6351984222236002f,0f,0f,1f,-0.12506748480016183f,0f,0f,0f,1f], start_interpolation: 0, interpolation_duration: 1 }
$data merge entity $(bone_right_arm) { transformation: [1f,0f,0f,-0.31249999999999994f,0f,1f,0f,0.8851984222236002f,0f,0f,1f,-0.12506748480016183f,0f,0f,0f,1f], start_interpolation: 0, interpolation_duration: 1 }
$data merge entity $(bone_left_forearm) { transformation: [1f,0f,0f,0.31250000000000006f,0f,1f,0f,0.6351984222236002f,0f,0f,1f,-0.12506748480016183f,0f,0f,0f,1f], start_interpolation: 0, interpolation_duration: 1 }
$data merge entity $(bone_left_arm) { transformation: [1f,0f,0f,0.31250000000000006f,0f,1f,0f,0.8851984222236002f,0f,0f,1f,-0.12506748480016183f,0f,0f,0f,1f], start_interpolation: 0, interpolation_duration: 1 }
$data merge entity $(bone_head) { transformation: [1f,0f,0f,4.592425496802574e-17f,0f,0.6389596341656559f,-0.7692402653962487f,0.9424835632154737f,0f,0.7692402653962487f,0.6389596341656559f,-0.100074233280178f,0f,0f,0f,1f], start_interpolation: 0, interpolation_duration: 1 }
$data merge entity $(bone_torso) { transformation: [1f,0f,0f,4.592425496802574e-17f,0f,0.9165622558699762f,-0.3998920243197411f,0.31234701230486506f,0f,0.3998920243197411f,0.9165622558699762f,-0.375f,0f,0f,0f,1f], start_interpolation: 0, interpolation_duration: 1 }
$data merge entity $(bone_upper_body) { transformation: [1f,0f,0f,4.592425496802574e-17f,0f,0.9165622558699762f,-0.3998920243197411f,0.31234701230486506f,0f,0.3998920243197411f,0.9165622558699762f,-0.375f,0f,0f,0f,1f], start_interpolation: 0, interpolation_duration: 1 }
$data merge entity $(bone_right_lower_leg) { transformation: [1f,0f,0f,-0.12499999999999996f,0f,0.0319080478837635f,0.9994908086021839f,0.06873577390387128f,0f,-0.9994908086021839f,0.0319080478837635f,-0.050160399050783844f,0f,0f,0f,1f], start_interpolation: 0, interpolation_duration: 1 }
$data merge entity $(bone_right_leg) { transformation: [1f,0f,0f,-0.12499999999999996f,0f,0.49962996906931667f,0.8662389358645763f,0.25609701230486503f,0f,-0.8662389358645763f,0.49962996906931667f,-0.375f,0f,0f,0f,1f], start_interpolation: 0, interpolation_duration: 1 }
$data merge entity $(bone_left_lower_leg) { transformation: [1f,0f,0f,0.12500000000000006f,0f,0.0319080478837635f,0.9994908086021839f,0.06873577390387128f,0f,-0.9994908086021839f,0.0319080478837635f,-0.050160399050783844f,0f,0f,0f,1f], start_interpolation: 0, interpolation_duration: 1 }
$data merge entity $(bone_left_leg) { transformation: [1f,0f,0f,0.12500000000000006f,0f,0.49962996906931667f,0.8662389358645763f,0.25609701230486503f,0f,-0.8662389358645763f,0.49962996906931667f,-0.375f,0f,0f,0f,1f], start_interpolation: 0, interpolation_duration: 1 }