# This file was generated by Animated Java via MC-Build. It is not recommended to edit this file directly.
$data merge entity $(bone_right_forearm) { transformation: [1f,0f,0f,-0.31249999999999994f,0f,1f,0f,0.6068672734144012f,0f,0f,1f,0.013509075203194665f,0f,0f,0f,1f], start_interpolation: 0, interpolation_duration: 1 }
$data merge entity $(bone_right_arm) { transformation: [1f,0f,0f,-0.31249999999999994f,0f,1f,0f,0.8568672734144012f,0f,0f,1f,0.013509075203194665f,0f,0f,0f,1f], start_interpolation: 0, interpolation_duration: 1 }
$data merge entity $(bone_left_forearm) { transformation: [1f,0f,0f,0.31250000000000006f,0f,1f,0f,0.6068672734144012f,0f,0f,1f,0.013509075203194665f,0f,0f,0f,1f], start_interpolation: 0, interpolation_duration: 1 }
$data merge entity $(bone_left_arm) { transformation: [1f,0f,0f,0.31250000000000006f,0f,1f,0f,0.8568672734144012f,0f,0f,1f,0.013509075203194665f,0f,0f,0f,1f], start_interpolation: 0, interpolation_duration: 1 }
$data merge entity $(bone_head) { transformation: [1f,0f,0f,3.398394867633905e-17f,0f,0.5120428648705716f,-0.8589598969306644f,0.9121790007558412f,0f,0.8589598969306644f,0.5120428648705716f,0.04260998272351413f,0f,0f,0f,1f], start_interpolation: 0, interpolation_duration: 1 }
$data merge entity $(bone_torso) { transformation: [1f,0f,0f,3.398394867633905e-17f,0f,0.8849876374630419f,-0.4656145203251114f,0.30375f,0f,0.4656145203251114f,0.8849876374630419f,-0.27749999999999997f,0f,0f,0f,1f], start_interpolation: 0, interpolation_duration: 1 }
$data merge entity $(bone_upper_body) { transformation: [1f,0f,0f,3.398394867633905e-17f,0f,0.8849876374630419f,-0.4656145203251114f,0.30375f,0f,0.4656145203251114f,0.8849876374630419f,-0.27749999999999997f,0f,0f,0f,1f], start_interpolation: 0, interpolation_duration: 1 }
$data merge entity $(bone_right_lower_leg) { transformation: [1f,0f,0f,-0.12499999999999997f,0f,0.3971478906347805f,0.9177546256839813f,0.09856954101195733f,0f,-0.9177546256839813f,0.3971478906347805f,0.06665798463149297f,0f,0f,0f,1f], start_interpolation: 0, interpolation_duration: 1 }
$data merge entity $(bone_right_leg) { transformation: [1f,0f,0f,-0.12499999999999997f,0f,0.3971478906347805f,0.9177546256839813f,0.24750000000000003f,0f,-0.9177546256839813f,0.3971478906347805f,-0.27749999999999997f,0f,0f,0f,1f], start_interpolation: 0, interpolation_duration: 1 }
$data merge entity $(bone_left_lower_leg) { transformation: [1f,0f,0f,0.12500000000000003f,0f,0.3971478906347805f,0.9177546256839813f,0.09856954101195733f,0f,-0.9177546256839813f,0.3971478906347805f,0.06665798463149297f,0f,0f,0f,1f], start_interpolation: 0, interpolation_duration: 1 }
$data merge entity $(bone_left_leg) { transformation: [1f,0f,0f,0.12500000000000003f,0f,0.3971478906347805f,0.9177546256839813f,0.24750000000000003f,0f,-0.9177546256839813f,0.3971478906347805f,-0.27749999999999997f,0f,0f,0f,1f], start_interpolation: 0, interpolation_duration: 1 }