# This file was generated by Animated Java via MC-Build. It is not recommended to edit this file directly.
$data merge entity $(bone_right_forearm) { transformation: [1f,0f,0f,-0.31249999999999994f,0f,1f,0f,0.6376631996708191f,0f,0f,1f,-0.13043447964926563f,0f,0f,0f,1f], start_interpolation: 0, interpolation_duration: 1 }
$data merge entity $(bone_right_arm) { transformation: [1f,0f,0f,-0.31249999999999994f,0f,1f,0f,0.8876631996708191f,0f,0f,1f,-0.13043447964926563f,0f,0f,0f,1f], start_interpolation: 0, interpolation_duration: 1 }
$data merge entity $(bone_left_forearm) { transformation: [1f,0f,0f,0.31250000000000006f,0f,1f,0f,0.6376631996708191f,0f,0f,1f,-0.13043447964926563f,0f,0f,0f,1f], start_interpolation: 0, interpolation_duration: 1 }
$data merge entity $(bone_left_arm) { transformation: [1f,0f,0f,0.31250000000000006f,0f,1f,0f,0.8876631996708191f,0f,0f,1f,-0.13043447964926563f,0f,0f,0f,1f], start_interpolation: 0, interpolation_duration: 1 }
$data merge entity $(bone_head) { transformation: [1f,0f,0f,4.592425496802574e-17f,0f,0.6541752535330345f,-0.7563430026548734f,0.945179519637901f,0f,0.7563430026548734f,0.6541752535330345f,-0.10597792761419222f,0f,0f,0f,1f], start_interpolation: 0, interpolation_duration: 1 }
$data merge entity $(bone_torso) { transformation: [1f,0f,0f,4.592425496802574e-17f,0f,0.9202611194733106f,-0.391304832561175f,0.3125f,0f,0.391304832561175f,0.9202611194733106f,-0.375f,0f,0f,0f,1f], start_interpolation: 0, interpolation_duration: 1 }
$data merge entity $(bone_upper_body) { transformation: [1f,0f,0f,4.592425496802574e-17f,0f,0.9202611194733106f,-0.391304832561175f,0.3125f,0f,0.391304832561175f,0.9202611194733106f,-0.375f,0f,0f,0f,1f], start_interpolation: 0, interpolation_duration: 1 }
$data merge entity $(bone_right_lower_leg) { transformation: [1f,0f,0f,-0.12499999999999996f,0f,0.03193409515970658f,0.999489976721293f,0.06874999999999998f,0f,-0.999489976721293f,0.03193409515970658f,-0.0502404735808355f,0f,0f,0f,1f], start_interpolation: 0, interpolation_duration: 1 }
$data merge entity $(bone_right_leg) { transformation: [1f,0f,0f,-0.12499999999999996f,0f,0.5f,0.8660254037844386f,0.25625f,0f,-0.8660254037844386f,0.5f,-0.375f,0f,0f,0f,1f], start_interpolation: 0, interpolation_duration: 1 }
$data merge entity $(bone_left_lower_leg) { transformation: [1f,0f,0f,0.12500000000000006f,0f,0.03193409515970658f,0.999489976721293f,0.06874999999999998f,0f,-0.999489976721293f,0.03193409515970658f,-0.0502404735808355f,0f,0f,0f,1f], start_interpolation: 0, interpolation_duration: 1 }
$data merge entity $(bone_left_leg) { transformation: [1f,0f,0f,0.12500000000000006f,0f,0.5f,0.8660254037844386f,0.25625f,0f,-0.8660254037844386f,0.5f,-0.375f,0f,0f,0f,1f], start_interpolation: 0, interpolation_duration: 1 }
execute on vehicle unless entity @s[tag=aj.transforms_only] at @s run function animated_java:rend_fallen_tether/animations/rise_1/zzz/frames/zzz/2