# This file was generated by Animated Java via MC-Build. It is not recommended to edit this file directly.
$data merge entity $(bone_right_forearm) { transformation: [1f,0f,0f,-0.31249999999999994f,0f,1f,0f,0.63996244034625f,0f,0f,1f,-0.13580398850847097f,0f,0f,0f,1f], start_interpolation: 0, interpolation_duration: 1 }
$data merge entity $(bone_right_arm) { transformation: [1f,0f,0f,-0.31249999999999994f,0f,1f,0f,0.88996244034625f,0f,0f,1f,-0.13580398850847097f,0f,0f,0f,1f], start_interpolation: 0, interpolation_duration: 1 }
$data merge entity $(bone_left_forearm) { transformation: [1f,0f,0f,0.31250000000000006f,0f,1f,0f,0.63996244034625f,0f,0f,1f,-0.13580398850847097f,0f,0f,0f,1f], start_interpolation: 0, interpolation_duration: 1 }
$data merge entity $(bone_left_arm) { transformation: [1f,0f,0f,0.31250000000000006f,0f,1f,0f,0.88996244034625f,0f,0f,1f,-0.13580398850847097f,0f,0f,0f,1f], start_interpolation: 0, interpolation_duration: 1 }
$data merge entity $(bone_head) { transformation: [1f,0f,0f,4.5921944517123655e-17f,0f,0.6691306063588582f,-0.7431448254773941f,0.9477049111282054f,0f,0.7431448254773941f,0.6691306063588582f,-0.11188627398565287f,0f,0f,0f,1f], start_interpolation: 0, interpolation_duration: 1 }
$data merge entity $(bone_torso) { transformation: [1f,0f,0f,4.5921944517123655e-17f,0f,0.9238795325112867f,-0.3826834323650898f,0.31253773252669576f,0f,0.3826834323650898f,0.9238795325112867f,-0.3749811337366521f,0f,0f,0f,1f], start_interpolation: 0, interpolation_duration: 1 }
$data merge entity $(bone_upper_body) { transformation: [1f,0f,0f,4.5921944517123655e-17f,0f,0.9238795325112867f,-0.3826834323650898f,0.31253773252669576f,0f,0.3826834323650898f,0.9238795325112867f,-0.3749811337366521f,0f,0f,0f,1f], start_interpolation: 0, interpolation_duration: 1 }
$data merge entity $(bone_right_lower_leg) { transformation: [1f,0f,0f,-0.12499999999999996f,0f,0.02635601240190194f,0.9996526199686924f,0.06836278406017507f,0f,-0.9996526199686924f,0.02635601240190194f,-0.05046732240675578f,0f,0f,0f,1f], start_interpolation: 0, interpolation_duration: 1 }
$data merge entity $(bone_right_leg) { transformation: [1f,0f,0f,-0.12499999999999996f,0f,0.5011331959107219f,0.8653701635463902f,0.2562877325266958f,0f,-0.8653701635463902f,0.5011331959107219f,-0.3749811337366521f,0f,0f,0f,1f], start_interpolation: 0, interpolation_duration: 1 }
$data merge entity $(bone_left_lower_leg) { transformation: [1f,0f,0f,0.12500000000000006f,0f,0.02635601240190194f,0.9996526199686924f,0.06836278406017507f,0f,-0.9996526199686924f,0.02635601240190194f,-0.05046732240675578f,0f,0f,0f,1f], start_interpolation: 0, interpolation_duration: 1 }
$data merge entity $(bone_left_leg) { transformation: [1f,0f,0f,0.12500000000000006f,0f,0.5011331959107219f,0.8653701635463902f,0.2562877325266958f,0f,-0.8653701635463902f,0.5011331959107219f,-0.3749811337366521f,0f,0f,0f,1f], start_interpolation: 0, interpolation_duration: 1 }