# This file was generated by Animated Java via MC-Build. It is not recommended to edit this file directly.
$data merge entity $(bone_right_forearm) { transformation: [1f,0f,0f,-0.31249999999999994f,0f,1f,0f,0.6424375968741753f,0f,0f,1f,-0.14108120900144935f,0f,0f,0f,1f], start_interpolation: 0, interpolation_duration: 1 }
$data merge entity $(bone_right_arm) { transformation: [1f,0f,0f,-0.31249999999999994f,0f,1f,0f,0.8924375968741753f,0f,0f,1f,-0.14108120900144935f,0f,0f,0f,1f], start_interpolation: 0, interpolation_duration: 1 }
$data merge entity $(bone_left_forearm) { transformation: [1f,0f,0f,0.31250000000000006f,0f,1f,0f,0.6424375968741753f,0f,0f,1f,-0.14108120900144935f,0f,0f,0f,1f], start_interpolation: 0, interpolation_duration: 1 }
$data merge entity $(bone_left_arm) { transformation: [1f,0f,0f,0.31250000000000006f,0f,1f,0f,0.8924375968741753f,0f,0f,1f,-0.14108120900144935f,0f,0f,0f,1f], start_interpolation: 0, interpolation_duration: 1 }
$data merge entity $(bone_head) { transformation: [1f,0f,0f,4.590577136080906e-17f,0f,0.6838197425893202f,-0.7296509848174508f,0.9504011705402364f,0f,0.7296509848174508f,0.6838197425893202f,-0.11770442291227262f,0f,0f,0f,1f], start_interpolation: 0, interpolation_duration: 1 }
$data merge entity $(bone_torso) { transformation: [1f,0f,0f,4.590577136080906e-17f,0f,0.9274171786569749f,-0.3740285774268281f,0.3128018602135661f,0f,0.3740285774268281f,0.9274171786569749f,-0.3748490698932169f,0f,0f,0f,1f], start_interpolation: 0, interpolation_duration: 1 }
$data merge entity $(bone_upper_body) { transformation: [1f,0f,0f,4.590577136080906e-17f,0f,0.9274171786569749f,-0.3740285774268281f,0.3128018602135661f,0f,0.3740285774268281f,0.9274171786569749f,-0.3748490698932169f,0f,0f,0f,1f], start_interpolation: 0, interpolation_duration: 1 }
$data merge entity $(bone_right_lower_leg) { transformation: [1f,0f,0f,-0.12499999999999996f,0f,0.023394463425863765f,0.9997263120879714f,0.06735400128293387f,0f,-0.9997263120879714f,0.023394463425863765f,-0.05107573841567753f,0f,0f,0f,1f], start_interpolation: 0, interpolation_duration: 1 }
$data merge entity $(bone_right_leg) { transformation: [1f,0f,0f,-0.12499999999999996f,0f,0.5045276238150194f,0.8633955506067716f,0.25655186021356613f,0f,-0.8633955506067716f,0.5045276238150194f,-0.3748490698932169f,0f,0f,0f,1f], start_interpolation: 0, interpolation_duration: 1 }
$data merge entity $(bone_left_lower_leg) { transformation: [1f,0f,0f,0.12500000000000006f,0f,0.023394463425863765f,0.9997263120879714f,0.06735400128293387f,0f,-0.9997263120879714f,0.023394463425863765f,-0.05107573841567753f,0f,0f,0f,1f], start_interpolation: 0, interpolation_duration: 1 }
$data merge entity $(bone_left_leg) { transformation: [1f,0f,0f,0.12500000000000006f,0f,0.5045276238150194f,0.8633955506067716f,0.25655186021356613f,0f,-0.8633955506067716f,0.5045276238150194f,-0.3748490698932169f,0f,0f,0f,1f], start_interpolation: 0, interpolation_duration: 1 }