# This file was generated by Animated Java via MC-Build. It is not recommended to edit this file directly.
$data merge entity $(bone_right_forearm) { transformation: [1f,0f,0f,-0.31249999999999994f,0f,1f,0f,0.6330992374812076f,0f,0f,1f,0.013843245993264142f,0f,0f,0f,1f], start_interpolation: 0, interpolation_duration: 1 }
$data merge entity $(bone_right_arm) { transformation: [1f,0f,0f,-0.31249999999999994f,0f,1f,0f,0.8830992374812076f,0f,0f,1f,0.013843245993264142f,0f,0f,0f,1f], start_interpolation: 0, interpolation_duration: 1 }
$data merge entity $(bone_left_forearm) { transformation: [1f,0f,0f,0.31250000000000006f,0f,1f,0f,0.6330992374812076f,0f,0f,1f,0.013843245993264142f,0f,0f,0f,1f], start_interpolation: 0, interpolation_duration: 1 }
$data merge entity $(bone_left_arm) { transformation: [1f,0f,0f,0.31250000000000006f,0f,1f,0f,0.8830992374812076f,0f,0f,1f,0.013843245993264142f,0f,0f,0f,1f], start_interpolation: 0, interpolation_duration: 1 }
$data merge entity $(bone_head) { transformation: [1f,0f,0f,3.260622102729828e-17f,0f,0.5475632234925503f,-0.8367643134589616f,0.9389716612293283f,0f,0.8367643134589616f,0.5475632234925503f,0.04185257059259051f,0f,0f,0f,1f], start_interpolation: 0, interpolation_duration: 1 }
$data merge entity $(bone_torso) { transformation: [1f,0f,0f,3.260622102729828e-17f,0f,0.8939587799699321f,-0.44814919358922256f,0.32437499999999997f,0f,0.44814919358922256f,0.8939587799699321f,-0.26625f,0f,0f,0f,1f], start_interpolation: 0, interpolation_duration: 1 }
$data merge entity $(bone_upper_body) { transformation: [1f,0f,0f,3.260622102729828e-17f,0f,0.8939587799699321f,-0.44814919358922256f,0.32437499999999997f,0f,0.44814919358922256f,0.8939587799699321f,-0.26625f,0f,0f,0f,1f], start_interpolation: 0, interpolation_duration: 1 }
$data merge entity $(bone_right_lower_leg) { transformation: [1f,0f,0f,-0.12499999999999997f,0f,0.4399391698559152f,0.8980275757606155f,0.10314781130403175f,0f,-0.8980275757606155f,0.4399391698559152f,0.07051034091023084f,0f,0f,0f,1f], start_interpolation: 0, interpolation_duration: 1 }
$data merge entity $(bone_right_leg) { transformation: [1f,0f,0f,-0.12499999999999997f,0f,0.4399391698559152f,0.8980275757606155f,0.26812499999999995f,0f,-0.8980275757606155f,0.4399391698559152f,-0.26625f,0f,0f,0f,1f], start_interpolation: 0, interpolation_duration: 1 }
$data merge entity $(bone_left_lower_leg) { transformation: [1f,0f,0f,0.12500000000000003f,0f,0.4399391698559152f,0.8980275757606155f,0.10314781130403175f,0f,-0.8980275757606155f,0.4399391698559152f,0.07051034091023084f,0f,0f,0f,1f], start_interpolation: 0, interpolation_duration: 1 }
$data merge entity $(bone_left_leg) { transformation: [1f,0f,0f,0.12500000000000003f,0f,0.4399391698559152f,0.8980275757606155f,0.26812499999999995f,0f,-0.8980275757606155f,0.4399391698559152f,-0.26625f,0f,0f,0f,1f], start_interpolation: 0, interpolation_duration: 1 }