# This file was generated by Animated Java via MC-Build. It is not recommended to edit this file directly.
$data merge entity $(bone_right_forearm) { transformation: [1f,0f,0f,-0.31249999999999994f,0f,1f,0f,0.6453148711234132f,0f,0f,1f,-0.1461524706606103f,0f,0f,0f,1f], start_interpolation: 0, interpolation_duration: 1 }
$data merge entity $(bone_right_arm) { transformation: [1f,0f,0f,-0.31249999999999994f,0f,1f,0f,0.8953148711234132f,0f,0f,1f,-0.1461524706606103f,0f,0f,0f,1f], start_interpolation: 0, interpolation_duration: 1 }
$data merge entity $(bone_left_forearm) { transformation: [1f,0f,0f,0.31250000000000006f,0f,1f,0f,0.6453148711234132f,0f,0f,1f,-0.1461524706606103f,0f,0f,0f,1f], start_interpolation: 0, interpolation_duration: 1 }
$data merge entity $(bone_left_arm) { transformation: [1f,0f,0f,0.31250000000000006f,0f,1f,0f,0.8953148711234132f,0f,0f,1f,-0.1461524706606103f,0f,0f,0f,1f], start_interpolation: 0, interpolation_duration: 1 }
$data merge entity $(bone_head) { transformation: [1f,0f,0f,4.586187279366944e-17f,0f,0.6982368180860727f,-0.7158668492597184f,0.953494480413676f,0f,0.7158668492597184f,0.6982368180860727f,-0.12331865663771058f,0f,0f,0f,1f], start_interpolation: 0, interpolation_duration: 1 }
$data merge entity $(bone_torso) { transformation: [1f,0f,0f,4.586187279366944e-17f,0f,0.9308737486442042f,-0.3653410243663951f,0.31351877822078555f,0f,0.3653410243663951f,0.9308737486442042f,-0.3744906108896072f,0f,0f,0f,1f], start_interpolation: 0, interpolation_duration: 1 }
$data merge entity $(bone_upper_body) { transformation: [1f,0f,0f,4.586187279366944e-17f,0f,0.9308737486442042f,-0.3653410243663951f,0.31351877822078555f,0f,0.3653410243663951f,0.9308737486442042f,-0.3744906108896072f,0f,0f,0f,1f], start_interpolation: 0, interpolation_duration: 1 }
$data merge entity $(bone_right_lower_leg) { transformation: [1f,0f,0f,-0.12499999999999996f,0f,0.023050083444042413f,0.9997343115314302f,0.06595589522343859f,0f,-0.9997343115314302f,0.023050083444042413f,-0.0519625023482842f,0f,0f,0f,1f], start_interpolation: 0, interpolation_duration: 1 }
$data merge entity $(bone_right_leg) { transformation: [1f,0f,0f,-0.12499999999999996f,0f,0.5101676879929252f,0.8600749561101947f,0.25726877822078553f,0f,-0.8600749561101947f,0.5101676879929252f,-0.3744906108896072f,0f,0f,0f,1f], start_interpolation: 0, interpolation_duration: 1 }
$data merge entity $(bone_left_lower_leg) { transformation: [1f,0f,0f,0.12500000000000006f,0f,0.023050083444042413f,0.9997343115314302f,0.06595589522343859f,0f,-0.9997343115314302f,0.023050083444042413f,-0.0519625023482842f,0f,0f,0f,1f], start_interpolation: 0, interpolation_duration: 1 }
$data merge entity $(bone_left_leg) { transformation: [1f,0f,0f,0.12500000000000006f,0f,0.5101676879929252f,0.8600749561101947f,0.25726877822078553f,0f,-0.8600749561101947f,0.5101676879929252f,-0.3744906108896072f,0f,0f,0f,1f], start_interpolation: 0, interpolation_duration: 1 }