# This file was generated by Animated Java via MC-Build. It is not recommended to edit this file directly.
$data merge entity $(bone_right_forearm) { transformation: [1f,0f,0f,-0.31249999999999994f,0f,0.9999999999999999f,0f,0.6488204693926537f,0f,0f,0.9999999999999999f,-0.15090410123179f,0f,0f,0f,1f], start_interpolation: 0, interpolation_duration: 1 }
$data merge entity $(bone_right_arm) { transformation: [1f,0f,0f,-0.31249999999999994f,0f,0.9999999999999999f,0f,0.8988204693926537f,0f,0f,0.9999999999999999f,-0.15090410123179f,0f,0f,0f,1f], start_interpolation: 0, interpolation_duration: 1 }
$data merge entity $(bone_left_forearm) { transformation: [1f,0f,0f,0.31250000000000006f,0f,0.9999999999999999f,0f,0.6488204693926537f,0f,0f,0.9999999999999999f,-0.15090410123179f,0f,0f,0f,1f], start_interpolation: 0, interpolation_duration: 1 }
$data merge entity $(bone_left_arm) { transformation: [1f,0f,0f,0.31250000000000006f,0f,0.9999999999999999f,0f,0.8988204693926537f,0f,0f,0.9999999999999999f,-0.15090410123179f,0f,0f,0f,1f], start_interpolation: 0, interpolation_duration: 1 }
$data merge entity $(bone_head) { transformation: [1f,0f,0f,4.577638611029228e-17f,0f,0.7123760969513449f,-0.7017979028839912f,0.9572110281610662f,0f,0.7017979028839912f,0.7123760969513449f,-0.12861525544039543f,0f,0f,0f,1f], start_interpolation: 0, interpolation_duration: 1 }
$data merge entity $(bone_torso) { transformation: [1f,0f,0f,4.577638611029228e-17f,0f,0.9342489402945998f,-0.356621532662313f,0.31491488170852877f,0f,0.356621532662313f,0.9342489402945998f,-0.3737925591457356f,0f,0f,0f,1f], start_interpolation: 0, interpolation_duration: 1 }
$data merge entity $(bone_upper_body) { transformation: [1f,0f,0f,4.577638611029228e-17f,0f,0.9342489402945998f,-0.356621532662313f,0.31491488170852877f,0f,0.356621532662313f,0.9342489402945998f,-0.3737925591457356f,0f,0f,0f,1f], start_interpolation: 0, interpolation_duration: 1 }
$data merge entity $(bone_right_lower_leg) { transformation: [1f,0f,0f,-0.12499999999999996f,0f,0.02532293886522302f,0.9996793229667342f,0.06440475319360497f,0f,-0.9996793229667342f,0.02532293886522302f,-0.053030961585545655f,0f,0f,0f,1f], start_interpolation: 0, interpolation_duration: 1 }
$data merge entity $(bone_right_leg) { transformation: [1f,0f,0f,-0.12499999999999996f,0f,0.5180270093731301f,0.8553642601605066f,0.25866488170852875f,0f,-0.8553642601605066f,0.5180270093731301f,-0.3737925591457356f,0f,0f,0f,1f], start_interpolation: 0, interpolation_duration: 1 }
$data merge entity $(bone_left_lower_leg) { transformation: [1f,0f,0f,0.12500000000000006f,0f,0.02532293886522302f,0.9996793229667342f,0.06440475319360497f,0f,-0.9996793229667342f,0.02532293886522302f,-0.053030961585545655f,0f,0f,0f,1f], start_interpolation: 0, interpolation_duration: 1 }
$data merge entity $(bone_left_leg) { transformation: [1f,0f,0f,0.12500000000000006f,0f,0.5180270093731301f,0.8553642601605066f,0.25866488170852875f,0f,-0.8553642601605066f,0.5180270093731301f,-0.3737925591457356f,0f,0f,0f,1f], start_interpolation: 0, interpolation_duration: 1 }