# This file was generated by Animated Java via MC-Build. It is not recommended to edit this file directly.
$data merge entity $(bone_right_forearm) { transformation: [1f,0f,0f,-0.31249999999999994f,0f,0.9999999999999998f,0f,0.6591158027186628f,0f,0f,0.9999999999999998f,0.014069435505184469f,0f,0f,0f,1f], start_interpolation: 0, interpolation_duration: 1 }
$data merge entity $(bone_right_arm) { transformation: [1f,0f,0f,-0.31249999999999994f,0f,0.9999999999999998f,0f,0.9091158027186628f,0f,0f,0.9999999999999998f,0.014069435505184469f,0f,0f,0f,1f], start_interpolation: 0, interpolation_duration: 1 }
$data merge entity $(bone_left_forearm) { transformation: [1f,0f,0f,0.31250000000000006f,0f,0.9999999999999998f,0f,0.6591158027186628f,0f,0f,0.9999999999999998f,0.014069435505184469f,0f,0f,0f,1f], start_interpolation: 0, interpolation_duration: 1 }
$data merge entity $(bone_left_arm) { transformation: [1f,0f,0f,0.31250000000000006f,0f,0.9999999999999998f,0f,0.9091158027186628f,0f,0f,0.9999999999999998f,0.014069435505184469f,0f,0f,0f,1f], start_interpolation: 0, interpolation_duration: 1 }
$data merge entity $(bone_head) { transformation: [1f,0f,0f,3.1228493378257505e-17f,0f,0.5821229701572894f,-0.8131007610470276f,0.9655273829905291f,0f,0.8131007610470276f,0.5821229701572894f,0.04097637905570295f,0f,0f,0f,1f], start_interpolation: 0, interpolation_duration: 1 }
$data merge entity $(bone_torso) { transformation: [1f,0f,0f,3.1228493378257505e-17f,0f,0.9025852843498605f,-0.4305110968082952f,0.345f,0f,0.4305110968082952f,0.9025852843498605f,-0.255f,0f,0f,0f,1f], start_interpolation: 0, interpolation_duration: 1 }
$data merge entity $(bone_upper_body) { transformation: [1f,0f,0f,3.1228493378257505e-17f,0f,0.9025852843498605f,-0.4305110968082952f,0.345f,0f,0.4305110968082952f,0.9025852843498605f,-0.255f,0f,0f,0f,1f], start_interpolation: 0, interpolation_duration: 1 }
$data merge entity $(bone_right_lower_leg) { transformation: [1f,0f,0f,-0.12499999999999997f,0f,0.4817536741017152f,0.8763066800438636f,0.10809237221185675f,0f,-0.8763066800438636f,0.4817536741017152f,0.07361500501644885f,0f,0f,0f,1f], start_interpolation: 0, interpolation_duration: 1 }
$data merge entity $(bone_right_leg) { transformation: [1f,0f,0f,-0.12499999999999997f,0f,0.4817536741017152f,0.8763066800438636f,0.28874999999999995f,0f,-0.8763066800438636f,0.4817536741017152f,-0.255f,0f,0f,0f,1f], start_interpolation: 0, interpolation_duration: 1 }
$data merge entity $(bone_left_lower_leg) { transformation: [1f,0f,0f,0.12500000000000003f,0f,0.4817536741017152f,0.8763066800438636f,0.10809237221185675f,0f,-0.8763066800438636f,0.4817536741017152f,0.07361500501644885f,0f,0f,0f,1f], start_interpolation: 0, interpolation_duration: 1 }
$data merge entity $(bone_left_leg) { transformation: [1f,0f,0f,0.12500000000000003f,0f,0.4817536741017152f,0.8763066800438636f,0.28874999999999995f,0f,-0.8763066800438636f,0.4817536741017152f,-0.255f,0f,0f,0f,1f], start_interpolation: 0, interpolation_duration: 1 }