# This file was generated by Animated Java via MC-Build. It is not recommended to edit this file directly.
$data merge entity $(bone_right_forearm) { transformation: [1f,0f,0f,-0.31249999999999994f,0f,1f,0f,0.6531806024269698f,0f,0f,1f,-0.1552224267157478f,0f,0f,0f,1f], start_interpolation: 0, interpolation_duration: 1 }
$data merge entity $(bone_right_arm) { transformation: [1f,0f,0f,-0.31249999999999994f,0f,1f,0f,0.9031806024269698f,0f,0f,1f,-0.1552224267157478f,0f,0f,0f,1f], start_interpolation: 0, interpolation_duration: 1 }
$data merge entity $(bone_left_forearm) { transformation: [1f,0f,0f,0.31250000000000006f,0f,1f,0f,0.6531806024269698f,0f,0f,1f,-0.1552224267157478f,0f,0f,0f,1f], start_interpolation: 0, interpolation_duration: 1 }
$data merge entity $(bone_left_arm) { transformation: [1f,0f,0f,0.31250000000000006f,0f,1f,0f,0.9031806024269698f,0f,0f,1f,-0.1552224267157478f,0f,0f,0f,1f], start_interpolation: 0, interpolation_duration: 1 }
$data merge entity $(bone_head) { transformation: [1f,0f,0f,4.563544860526507e-17f,0f,0.7262319538099931f,-0.687449743083318f,0.9617770060859698f,0f,0.687449743083318f,0.7262319538099931f,-0.13348049767917108f,0f,0f,0f,1f], start_interpolation: 0, interpolation_duration: 1 }
$data merge entity $(bone_torso) { transformation: [1f,0f,0f,4.563544860526507e-17f,0f,0.9375424585439992f,-0.34787086458522726f,0.31721656583697033f,0f,0.34787086458522726f,0.9375424585439992f,-0.37264171708151483f,0f,0f,0f,1f], start_interpolation: 0, interpolation_duration: 1 }
$data merge entity $(bone_upper_body) { transformation: [1f,0f,0f,4.563544860526507e-17f,0f,0.9375424585439992f,-0.34787086458522726f,0.31721656583697033f,0f,0.34787086458522726f,0.9375424585439992f,-0.37264171708151483f,0f,0f,0f,1f], start_interpolation: 0, interpolation_duration: 1 }
$data merge entity $(bone_right_lower_leg) { transformation: [1f,0f,0f,-0.12499999999999996f,0f,0.03021256269650935f,0.9995434963298544f,0.06294112184308231f,0f,-0.9995434963298544f,0.03021256269650935f,-0.05419089900904772f,0f,0f,0f,1f], start_interpolation: 0, interpolation_duration: 1 }
$data merge entity $(bone_right_leg) { transformation: [1f,0f,0f,-0.12499999999999996f,0f,0.528067850650368f,0.8492021815265789f,0.2609665658369703f,0f,-0.8492021815265789f,0.528067850650368f,-0.37264171708151483f,0f,0f,0f,1f], start_interpolation: 0, interpolation_duration: 1 }
$data merge entity $(bone_left_lower_leg) { transformation: [1f,0f,0f,0.12500000000000006f,0f,0.03021256269650935f,0.9995434963298544f,0.06294112184308231f,0f,-0.9995434963298544f,0.03021256269650935f,-0.05419089900904772f,0f,0f,0f,1f], start_interpolation: 0, interpolation_duration: 1 }
$data merge entity $(bone_left_leg) { transformation: [1f,0f,0f,0.12500000000000006f,0f,0.528067850650368f,0.8492021815265789f,0.2609665658369703f,0f,-0.8492021815265789f,0.528067850650368f,-0.37264171708151483f,0f,0f,0f,1f], start_interpolation: 0, interpolation_duration: 1 }