# This file was generated by Animated Java via MC-Build. It is not recommended to edit this file directly.
$data merge entity $(bone_right_forearm) { transformation: [1f,0f,0f,-0.31249999999999994f,0f,1f,0f,0.6586214854339394f,0f,0f,1f,-0.1589937714098159f,0f,0f,0f,1f], start_interpolation: 0, interpolation_duration: 1 }
$data merge entity $(bone_right_arm) { transformation: [1f,0f,0f,-0.31249999999999994f,0f,1f,0f,0.9086214854339394f,0f,0f,1f,-0.1589937714098159f,0f,0f,0f,1f], start_interpolation: 0, interpolation_duration: 1 }
$data merge entity $(bone_left_forearm) { transformation: [1f,0f,0f,0.31250000000000006f,0f,1f,0f,0.6586214854339394f,0f,0f,1f,-0.1589937714098159f,0f,0f,0f,1f], start_interpolation: 0, interpolation_duration: 1 }
$data merge entity $(bone_left_arm) { transformation: [1f,0f,0f,0.31250000000000006f,0f,1f,0f,0.9086214854339394f,0f,0f,1f,-0.1589937714098159f,0f,0f,0f,1f], start_interpolation: 0, interpolation_duration: 1 }
$data merge entity $(bone_head) { transformation: [1f,0f,0f,4.54251975731753e-17f,0f,0.7397988760475839f,-0.672828078337053f,0.9674186114007048f,0f,0.672828078337053f,0.7397988760475839f,-0.13780065983911172f,0f,0f,0f,1f], start_interpolation: 0, interpolation_duration: 1 }
$data merge entity $(bone_torso) { transformation: [1f,0f,0f,4.54251975731753e-17f,0f,0.9407540154682473f,-0.33908978513126675f,0.3206502257662847f,0f,0.33908978513126675f,0.9407540154682473f,-0.3709248871168576f,0f,0f,0f,1f], start_interpolation: 0, interpolation_duration: 1 }
$data merge entity $(bone_upper_body) { transformation: [1f,0f,0f,4.54251975731753e-17f,0f,0.9407540154682473f,-0.33908978513126675f,0.3206502257662847f,0f,0.33908978513126675f,0.9407540154682473f,-0.3709248871168576f,0f,0f,0f,1f], start_interpolation: 0, interpolation_duration: 1 }
$data merge entity $(bone_right_lower_leg) { transformation: [1f,0f,0f,-0.12499999999999996f,0f,0.03771772090532188f,0.9992884336014844f,0.06181010558716407f,0f,-0.9992884336014844f,0.03771772090532188f,-0.05535834388736782f,0f,0f,0f,1f], start_interpolation: 0, interpolation_duration: 1 }
$data merge entity $(bone_right_leg) { transformation: [1f,0f,0f,-0.12499999999999996f,0f,0.5402403204776551f,0.8415107819453062f,0.26440022576628475f,0f,-0.8415107819453062f,0.5402403204776551f,-0.3709248871168576f,0f,0f,0f,1f], start_interpolation: 0, interpolation_duration: 1 }
$data merge entity $(bone_left_lower_leg) { transformation: [1f,0f,0f,0.12500000000000006f,0f,0.03771772090532188f,0.9992884336014844f,0.06181010558716407f,0f,-0.9992884336014844f,0.03771772090532188f,-0.05535834388736782f,0f,0f,0f,1f], start_interpolation: 0, interpolation_duration: 1 }
$data merge entity $(bone_left_leg) { transformation: [1f,0f,0f,0.12500000000000006f,0f,0.5402403204776551f,0.8415107819453062f,0.26440022576628475f,0f,-0.8415107819453062f,0.5402403204776551f,-0.3709248871168576f,0f,0f,0f,1f], start_interpolation: 0, interpolation_duration: 1 }