# This file was generated by Animated Java via MC-Build. It is not recommended to edit this file directly.
$data merge entity $(bone_right_forearm) { transformation: [1f,0f,0f,-0.31249999999999994f,0f,0.9999999999999999f,0f,0.667739763061222f,0f,0f,0.9999999999999999f,0.01412156955044569f,0f,0f,0f,1f], start_interpolation: 0, interpolation_duration: 1 }
$data merge entity $(bone_right_arm) { transformation: [1f,0f,0f,-0.31249999999999994f,0f,0.9999999999999999f,0f,0.917739763061222f,0f,0f,0.9999999999999999f,0.01412156955044569f,0f,0f,0f,1f], start_interpolation: 0, interpolation_duration: 1 }
$data merge entity $(bone_left_forearm) { transformation: [1f,0f,0f,0.31250000000000006f,0f,0.9999999999999999f,0f,0.667739763061222f,0f,0f,0.9999999999999999f,0.01412156955044569f,0f,0f,0f,1f], start_interpolation: 0, interpolation_duration: 1 }
$data merge entity $(bone_left_arm) { transformation: [1f,0f,0f,0.31250000000000006f,0f,0.9999999999999999f,0f,0.917739763061222f,0f,0f,0.9999999999999999f,0.01412156955044569f,0f,0f,0f,1f], start_interpolation: 0, interpolation_duration: 1 }
$data merge entity $(bone_head) { transformation: [1f,0f,0f,3.076925082857725e-17f,0f,0.5934188866037015f,-0.804893797355914f,0.9743262393673442f,0f,0.804893797355914f,0.5934188866037015f,0.04065872650549024f,0f,0f,0f,1f], start_interpolation: 0, interpolation_duration: 1 }
$data merge entity $(bone_torso) { transformation: [1f,0f,0f,3.076925082857725e-17f,0f,0.9053836208979552f,-0.4245945112807131f,0.35187499999999994f,0f,0.4245945112807131f,0.9053836208979552f,-0.25125000000000003f,0f,0f,0f,1f], start_interpolation: 0, interpolation_duration: 1 }
$data merge entity $(bone_upper_body) { transformation: [1f,0f,0f,3.076925082857725e-17f,0f,0.9053836208979552f,-0.4245945112807131f,0.35187499999999994f,0f,0.4245945112807131f,0.9053836208979552f,-0.25125000000000003f,0f,0f,0f,1f], start_interpolation: 0, interpolation_duration: 1 }
$data merge entity $(bone_right_lower_leg) { transformation: [1f,0f,0f,-0.12499999999999997f,0f,0.4954586684324075f,0.8686315144381913f,0.1098279993378471f,0f,-0.8686315144381913f,0.4954586684324075f,0.07448681791432171f,0f,0f,0f,1f], start_interpolation: 0, interpolation_duration: 1 }
$data merge entity $(bone_right_leg) { transformation: [1f,0f,0f,-0.12499999999999997f,0f,0.4954586684324075f,0.8686315144381913f,0.2956249999999999f,0f,-0.8686315144381913f,0.4954586684324075f,-0.25125000000000003f,0f,0f,0f,1f], start_interpolation: 0, interpolation_duration: 1 }
$data merge entity $(bone_left_lower_leg) { transformation: [1f,0f,0f,0.12500000000000003f,0f,0.4954586684324075f,0.8686315144381913f,0.1098279993378471f,0f,-0.8686315144381913f,0.4954586684324075f,0.07448681791432171f,0f,0f,0f,1f], start_interpolation: 0, interpolation_duration: 1 }
$data merge entity $(bone_left_leg) { transformation: [1f,0f,0f,0.12500000000000003f,0f,0.4954586684324075f,0.8686315144381913f,0.2956249999999999f,0f,-0.8686315144381913f,0.4954586684324075f,-0.25125000000000003f,0f,0f,0f,1f], start_interpolation: 0, interpolation_duration: 1 }