# This file was generated by Animated Java via MC-Build. It is not recommended to edit this file directly.
$data merge entity $(bone_right_forearm) { transformation: [1f,0f,0f,-0.31249999999999994f,0f,1f,0f,0.6653693380993764f,0f,0f,1f,-0.16210445794969724f,0f,0f,0f,1f], start_interpolation: 0, interpolation_duration: 1 }
$data merge entity $(bone_right_arm) { transformation: [1f,0f,0f,-0.31249999999999994f,0f,1f,0f,0.9153693380993764f,0f,0f,1f,-0.16210445794969724f,0f,0f,0f,1f], start_interpolation: 0, interpolation_duration: 1 }
$data merge entity $(bone_left_forearm) { transformation: [1f,0f,0f,0.31250000000000006f,0f,1f,0f,0.6653693380993764f,0f,0f,1f,-0.16210445794969724f,0f,0f,0f,1f], start_interpolation: 0, interpolation_duration: 1 }
$data merge entity $(bone_left_arm) { transformation: [1f,0f,0f,0.31250000000000006f,0f,1f,0f,0.9153693380993764f,0f,0f,1f,-0.16210445794969724f,0f,0f,0f,1f], start_interpolation: 0, interpolation_duration: 1 }
$data merge entity $(bone_head) { transformation: [1f,0f,0f,4.5131770308610455e-17f,0f,0.753071466003611f,-0.6579387259397127f,0.9743620462436493f,0f,0.6579387259397127f,0.753071466003611f,-0.14146201657749932f,0f,0f,0f,1f], start_interpolation: 0, interpolation_duration: 1 }
$data merge entity $(bone_torso) { transformation: [1f,0f,0f,4.5131770308610455e-17f,0f,0.9438833303083676f,-0.3302790619551671f,0.3254422566566466f,0f,0.3302790619551671f,0.9438833303083676f,-0.3685288716716767f,0f,0f,0f,1f], start_interpolation: 0, interpolation_duration: 1 }
$data merge entity $(bone_upper_body) { transformation: [1f,0f,0f,4.5131770308610455e-17f,0f,0.9438833303083676f,-0.3302790619551671f,0.3254422566566466f,0f,0.3302790619551671f,0.9438833303083676f,-0.3685288716716767f,0f,0f,0f,1f], start_interpolation: 0, interpolation_duration: 1 }
$data merge entity $(bone_right_lower_leg) { transformation: [1f,0f,0f,-0.12499999999999996f,0f,0.04783590988149061f,0.9988552075880717f,0.06126174434071163f,0f,-0.9988552075880717f,0.04783590988149061f,-0.05645531936704323f,0f,0f,0f,1f], start_interpolation: 0, interpolation_duration: 1 }
$data merge entity $(bone_right_leg) { transformation: [1f,0f,0f,-0.12499999999999996f,0f,0.5544813661758266f,0.8321961394790226f,0.2691922566566466f,0f,-0.8321961394790226f,0.5544813661758266f,-0.3685288716716767f,0f,0f,0f,1f], start_interpolation: 0, interpolation_duration: 1 }
$data merge entity $(bone_left_lower_leg) { transformation: [1f,0f,0f,0.12500000000000006f,0f,0.04783590988149061f,0.9988552075880717f,0.06126174434071163f,0f,-0.9988552075880717f,0.04783590988149061f,-0.05645531936704323f,0f,0f,0f,1f], start_interpolation: 0, interpolation_duration: 1 }
$data merge entity $(bone_left_leg) { transformation: [1f,0f,0f,0.12500000000000006f,0f,0.5544813661758266f,0.8321961394790226f,0.2691922566566466f,0f,-0.8321961394790226f,0.5544813661758266f,-0.3685288716716767f,0f,0f,0f,1f], start_interpolation: 0, interpolation_duration: 1 }