# This file was generated by Animated Java via MC-Build. It is not recommended to edit this file directly.
$data merge entity $(bone_right_forearm) { transformation: [1f,0f,0f,-0.31249999999999994f,0f,0.9999999999999999f,0f,0.6763394836406758f,0f,0f,0.9999999999999999f,0.014162335960892614f,0f,0f,0f,1f], start_interpolation: 0, interpolation_duration: 1 }
$data merge entity $(bone_right_arm) { transformation: [1f,0f,0f,-0.31249999999999994f,0f,0.9999999999999999f,0f,0.9263394836406758f,0f,0f,0.9999999999999999f,0.014162335960892614f,0f,0f,0f,1f], start_interpolation: 0, interpolation_duration: 1 }
$data merge entity $(bone_left_forearm) { transformation: [1f,0f,0f,0.31250000000000006f,0f,0.9999999999999999f,0f,0.6763394836406758f,0f,0f,0.9999999999999999f,0.014162335960892614f,0f,0f,0f,1f], start_interpolation: 0, interpolation_duration: 1 }
$data merge entity $(bone_left_arm) { transformation: [1f,0f,0f,0.31250000000000006f,0f,0.9999999999999999f,0f,0.9263394836406758f,0f,0f,0.9999999999999999f,0.014162335960892614f,0f,0f,0f,1f], start_interpolation: 0, interpolation_duration: 1 }
$data merge entity $(bone_head) { transformation: [1f,0f,0f,3.031000827889699e-17f,0f,0.6045991148623748f,-0.7965299180241963f,0.9830984320047433f,0f,0.7965299180241963f,0.6045991148623748f,0.04032856955698183f,0f,0f,0f,1f], start_interpolation: 0, interpolation_duration: 1 }
$data merge entity $(bone_torso) { transformation: [1f,0f,0f,3.031000827889699e-17f,0f,0.9081431738250813f,-0.41865973753742813f,0.35875f,0f,0.41865973753742813f,0.9081431738250813f,-0.2475f,0f,0f,0f,1f], start_interpolation: 0, interpolation_duration: 1 }
$data merge entity $(bone_upper_body) { transformation: [1f,0f,0f,3.031000827889699e-17f,0f,0.9081431738250813f,-0.41865973753742813f,0.35875f,0f,0.41865973753742813f,0.9081431738250813f,-0.2475f,0f,0f,0f,1f], start_interpolation: 0, interpolation_duration: 1 }
$data merge entity $(bone_right_lower_leg) { transformation: [1f,0f,0f,-0.12499999999999997f,0f,0.5090414157503713f,0.8607420270039436f,0.11160946909361075f,0f,-0.8607420270039436f,0.5090414157503713f,0.07527826012647887f,0f,0f,0f,1f], start_interpolation: 0, interpolation_duration: 1 }
$data merge entity $(bone_right_leg) { transformation: [1f,0f,0f,-0.12499999999999997f,0f,0.5090414157503713f,0.8607420270039436f,0.3025f,0f,-0.8607420270039436f,0.5090414157503713f,-0.2475f,0f,0f,0f,1f], start_interpolation: 0, interpolation_duration: 1 }
$data merge entity $(bone_left_lower_leg) { transformation: [1f,0f,0f,0.12500000000000003f,0f,0.5090414157503713f,0.8607420270039436f,0.11160946909361075f,0f,-0.8607420270039436f,0.5090414157503713f,0.07527826012647887f,0f,0f,0f,1f], start_interpolation: 0, interpolation_duration: 1 }
$data merge entity $(bone_left_leg) { transformation: [1f,0f,0f,0.12500000000000003f,0f,0.5090414157503713f,0.8607420270039436f,0.3025f,0f,-0.8607420270039436f,0.5090414157503713f,-0.2475f,0f,0f,0f,1f], start_interpolation: 0, interpolation_duration: 1 }