# This file was generated by Animated Java via MC-Build. It is not recommended to edit this file directly.
$data merge entity $(bone_right_forearm) { transformation: [1f,0f,0f,-0.31249999999999994f,0f,1f,0f,0.6736503846026716f,0f,0f,1f,-0.16444080735140876f,0f,0f,0f,1f], start_interpolation: 0, interpolation_duration: 1 }
$data merge entity $(bone_right_arm) { transformation: [1f,0f,0f,-0.31249999999999994f,0f,1f,0f,0.9236503846026716f,0f,0f,1f,-0.16444080735140876f,0f,0f,0f,1f], start_interpolation: 0, interpolation_duration: 1 }
$data merge entity $(bone_left_forearm) { transformation: [1f,0f,0f,0.31250000000000006f,0f,1f,0f,0.6736503846026716f,0f,0f,1f,-0.16444080735140876f,0f,0f,0f,1f], start_interpolation: 0, interpolation_duration: 1 }
$data merge entity $(bone_left_arm) { transformation: [1f,0f,0f,0.31250000000000006f,0f,1f,0f,0.9236503846026716f,0f,0f,1f,-0.16444080735140876f,0f,0f,0f,1f], start_interpolation: 0, interpolation_duration: 1 }
$data merge entity $(bone_head) { transformation: [1f,0f,0f,4.474130410615802e-17f,0f,0.7660444431189781f,-0.6427876096865394f,0.9828335176961156f,0f,0.6427876096865394f,0.7660444431189781f,-0.14435084076996116f,0f,0f,0f,1f], start_interpolation: 0, interpolation_duration: 1 }
$data merge entity $(bone_torso) { transformation: [1f,0f,0f,4.474130410615802e-17f,0f,0.9469301294951057f,-0.3214394653031616f,0.33181905366823045f,0f,0.3214394653031616f,0.9469301294951057f,-0.36534047316588475f,0f,0f,0f,1f], start_interpolation: 0, interpolation_duration: 1 }
$data merge entity $(bone_upper_body) { transformation: [1f,0f,0f,4.474130410615802e-17f,0f,0.9469301294951057f,-0.3214394653031616f,0.33181905366823045f,0f,0.3214394653031616f,0.9469301294951057f,-0.36534047316588475f,0f,0f,0f,1f], start_interpolation: 0, interpolation_duration: 1 }
$data merge entity $(bone_right_lower_leg) { transformation: [1f,0f,0f,-0.12499999999999996f,0f,0.06056258539979953f,0.9981644019146807f,0.06155146578656859f,0f,-0.9981644019146807f,0.06056258539979953f,-0.05740951974074576f,0f,0f,0f,1f], start_interpolation: 0, interpolation_duration: 1 }
$data merge entity $(bone_right_leg) { transformation: [1f,0f,0f,-0.12499999999999996f,0f,0.5707135676844317f,0.821149209133704f,0.2755690536682305f,0f,-0.821149209133704f,0.5707135676844317f,-0.36534047316588475f,0f,0f,0f,1f], start_interpolation: 0, interpolation_duration: 1 }
$data merge entity $(bone_left_lower_leg) { transformation: [1f,0f,0f,0.12500000000000006f,0f,0.06056258539979953f,0.9981644019146807f,0.06155146578656859f,0f,-0.9981644019146807f,0.06056258539979953f,-0.05740951974074576f,0f,0f,0f,1f], start_interpolation: 0, interpolation_duration: 1 }
$data merge entity $(bone_left_leg) { transformation: [1f,0f,0f,0.12500000000000006f,0f,0.5707135676844317f,0.821149209133704f,0.2755690536682305f,0f,-0.821149209133704f,0.5707135676844317f,-0.36534047316588475f,0f,0f,0f,1f], start_interpolation: 0, interpolation_duration: 1 }