# This file was generated by Animated Java via MC-Build. It is not recommended to edit this file directly.
$data merge entity $(bone_right_forearm) { transformation: [1f,0f,0f,-0.31249999999999994f,0f,1f,0f,0.6934659110266255f,0f,0f,1f,0.01421040192237516f,0f,0f,0f,1f], start_interpolation: 0, interpolation_duration: 1 }
$data merge entity $(bone_right_arm) { transformation: [1f,0f,0f,-0.31249999999999994f,0f,1f,0f,0.9434659110266255f,0f,0f,1f,0.01421040192237516f,0f,0f,0f,1f], start_interpolation: 0, interpolation_duration: 1 }
$data merge entity $(bone_left_forearm) { transformation: [1f,0f,0f,0.31250000000000006f,0f,1f,0f,0.6934659110266255f,0f,0f,1f,0.01421040192237516f,0f,0f,0f,1f], start_interpolation: 0, interpolation_duration: 1 }
$data merge entity $(bone_left_arm) { transformation: [1f,0f,0f,0.31250000000000006f,0f,1f,0f,0.9434659110266255f,0f,0f,1f,0.01421040192237516f,0f,0f,0f,1f], start_interpolation: 0, interpolation_duration: 1 }
$data merge entity $(bone_head) { transformation: [1f,0f,0f,2.9391523179536474e-17f,0f,0.6266038113644605f,-0.7793379649314741f,1.000562502129288f,0f,0.7793379649314741f,0.6266038113644605f,0.03963144211461267f,0f,0f,0f,1f], start_interpolation: 0, interpolation_duration: 1 }
$data merge entity $(bone_torso) { transformation: [1f,0f,0f,2.9391523179536474e-17f,0f,0.9135454576426009f,-0.40673664307580026f,0.3725f,0f,0.40673664307580026f,0.9135454576426009f,-0.24f,0f,0f,0f,1f], start_interpolation: 0, interpolation_duration: 1 }
$data merge entity $(bone_upper_body) { transformation: [1f,0f,0f,2.9391523179536474e-17f,0f,0.9135454576426009f,-0.40673664307580026f,0.3725f,0f,0.40673664307580026f,0.9135454576426009f,-0.24f,0f,0f,0f,1f], start_interpolation: 0, interpolation_duration: 1 }
$data merge entity $(bone_right_lower_leg) { transformation: [1f,0f,0f,-0.12499999999999997f,0f,0.5358267949789965f,0.8443279255020152f,0.11531495188287633f,0f,-0.8443279255020152f,0.5358267949789965f,0.07662297206325569f,0f,0f,0f,1f], start_interpolation: 0, interpolation_duration: 1 }
$data merge entity $(bone_right_leg) { transformation: [1f,0f,0f,-0.12499999999999997f,0f,0.5358267949789965f,0.8443279255020152f,0.31625000000000003f,0f,-0.8443279255020152f,0.5358267949789965f,-0.24f,0f,0f,0f,1f], start_interpolation: 0, interpolation_duration: 1 }
$data merge entity $(bone_left_lower_leg) { transformation: [1f,0f,0f,0.12500000000000003f,0f,0.5358267949789965f,0.8443279255020152f,0.11531495188287633f,0f,-0.8443279255020152f,0.5358267949789965f,0.07662297206325569f,0f,0f,0f,1f], start_interpolation: 0, interpolation_duration: 1 }
$data merge entity $(bone_left_leg) { transformation: [1f,0f,0f,0.12500000000000003f,0f,0.5358267949789965f,0.8443279255020152f,0.31625000000000003f,0f,-0.8443279255020152f,0.5358267949789965f,-0.24f,0f,0f,0f,1f], start_interpolation: 0, interpolation_duration: 1 }