# This file was generated by Animated Java via MC-Build. It is not recommended to edit this file directly.
$data merge entity $(bone_right_forearm) { transformation: [1f,0f,0f,-0.31249999999999994f,0f,1f,0f,0.6836908536317398f,0f,0f,1f,-0.16588913905336672f,0f,0f,0f,1f], start_interpolation: 0, interpolation_duration: 1 }
$data merge entity $(bone_right_arm) { transformation: [1f,0f,0f,-0.31249999999999994f,0f,1f,0f,0.9336908536317398f,0f,0f,1f,-0.16588913905336672f,0f,0f,0f,1f], start_interpolation: 0, interpolation_duration: 1 }
$data merge entity $(bone_left_forearm) { transformation: [1f,0f,0f,0.31250000000000006f,0f,1f,0f,0.6836908536317398f,0f,0f,1f,-0.16588913905336672f,0f,0f,0f,1f], start_interpolation: 0, interpolation_duration: 1 }
$data merge entity $(bone_left_arm) { transformation: [1f,0f,0f,0.31250000000000006f,0f,1f,0f,0.9336908536317398f,0f,0f,1f,-0.16588913905336672f,0f,0f,0f,1f], start_interpolation: 0, interpolation_duration: 1 }
$data merge entity $(bone_head) { transformation: [1f,0f,0f,4.42399362604055e-17f,0f,0.7787126460368942f,-0.6273807575166923f,0.9930592377987926f,0f,0.6273807575166923f,0.7787126460368942f,-0.14635340355676396f,0f,0f,0f,1f], start_interpolation: 0, interpolation_duration: 1 }
$data merge entity $(bone_torso) { transformation: [1f,0f,0f,4.42399362604055e-17f,0f,0.949894146672846f,-0.31257176794564445f,0.34000701196121097f,0f,0.31257176794564445f,0.949894146672846f,-0.3612464940193945f,0f,0f,0f,1f], start_interpolation: 0, interpolation_duration: 1 }
$data merge entity $(bone_upper_body) { transformation: [1f,0f,0f,4.42399362604055e-17f,0f,0.949894146672846f,-0.31257176794564445f,0.34000701196121097f,0f,0.31257176794564445f,0.949894146672846f,-0.3612464940193945f,0f,0f,0f,1f], start_interpolation: 0, interpolation_duration: 1 }
$data merge entity $(bone_right_lower_leg) { transformation: [1f,0f,0f,-0.12499999999999996f,0f,0.07589012396049116f,0.9971161863520528f,0.06294060601785845f,0f,-0.9971161863520528f,0.07589012396049116f,-0.0581539093752621f,0f,0f,0f,1f], start_interpolation: 0, interpolation_duration: 1 }
$data merge entity $(bone_right_leg) { transformation: [1f,0f,0f,-0.12499999999999996f,0f,0.5888437491822733f,0.8082468923843531f,0.28375701196121095f,0f,-0.8082468923843531f,0.5888437491822733f,-0.3612464940193945f,0f,0f,0f,1f], start_interpolation: 0, interpolation_duration: 1 }
$data merge entity $(bone_left_lower_leg) { transformation: [1f,0f,0f,0.12500000000000006f,0f,0.07589012396049116f,0.9971161863520528f,0.06294060601785845f,0f,-0.9971161863520528f,0.07589012396049116f,-0.0581539093752621f,0f,0f,0f,1f], start_interpolation: 0, interpolation_duration: 1 }
$data merge entity $(bone_left_leg) { transformation: [1f,0f,0f,0.12500000000000006f,0f,0.5888437491822733f,0.8082468923843531f,0.28375701196121095f,0f,-0.8082468923843531f,0.5888437491822733f,-0.3612464940193945f,0f,0f,0f,1f], start_interpolation: 0, interpolation_duration: 1 }