# This file was generated by Animated Java via MC-Build. It is not recommended to edit this file directly.
$data merge entity $(bone_right_forearm) { transformation: [1f,0f,0f,-0.31249999999999994f,0f,1f,0f,0.6957169783975728f,0f,0f,1f,-0.1663357709586095f,0f,0f,0f,1f], start_interpolation: 0, interpolation_duration: 1 }
$data merge entity $(bone_right_arm) { transformation: [1f,0f,0f,-0.31249999999999994f,0f,1f,0f,0.9457169783975728f,0f,0f,1f,-0.1663357709586095f,0f,0f,0f,1f], start_interpolation: 0, interpolation_duration: 1 }
$data merge entity $(bone_left_forearm) { transformation: [1f,0f,0f,0.31250000000000006f,0f,1f,0f,0.6957169783975728f,0f,0f,1f,-0.1663357709586095f,0f,0f,0f,1f], start_interpolation: 0, interpolation_duration: 1 }
$data merge entity $(bone_left_arm) { transformation: [1f,0f,0f,0.31250000000000006f,0f,1f,0f,0.9457169783975728f,0f,0f,1f,-0.1663357709586095f,0f,0f,0f,1f], start_interpolation: 0, interpolation_duration: 1 }
$data merge entity $(bone_head) { transformation: [1f,0f,0f,4.361380406594036e-17f,0f,0.7910710346563413f,-0.6117242991150063f,1.0052654235677538f,0f,0.6117242991150063f,0.7910710346563413f,-0.14735597438925857f,0f,0f,0f,1f], start_interpolation: 0, interpolation_duration: 1 }
$data merge entity $(bone_torso) { transformation: [1f,0f,0f,4.361380406594036e-17f,0f,0.9527751227228963f,-0.3036767451096147f,0.35023252669576266f,0f,0.3036767451096147f,0.9527751227228963f,-0.35613373665211867f,0f,0f,0f,1f], start_interpolation: 0, interpolation_duration: 1 }
$data merge entity $(bone_upper_body) { transformation: [1f,0f,0f,4.361380406594036e-17f,0f,0.9527751227228963f,-0.3036767451096147f,0.35023252669576266f,0f,0.3036767451096147f,0.9527751227228963f,-0.35613373665211867f,0f,0f,0f,1f], start_interpolation: 0, interpolation_duration: 1 }
$data merge entity $(bone_right_lower_leg) { transformation: [1f,0f,0f,-0.12499999999999996f,0f,0.09380651819490687f,0.995590446491f,0.06569699081749239f,0f,-0.995590446491f,0.09380651819490687f,-0.058626234042905456f,0f,0f,0f,1f], start_interpolation: 0, interpolation_duration: 1 }
$data merge entity $(bone_right_leg) { transformation: [1f,0f,0f,-0.12499999999999996f,0f,0.6087614290087207f,0.7933533402912352f,0.29398252669576264f,0f,-0.7933533402912352f,0.6087614290087207f,-0.35613373665211867f,0f,0f,0f,1f], start_interpolation: 0, interpolation_duration: 1 }
$data merge entity $(bone_left_lower_leg) { transformation: [1f,0f,0f,0.12500000000000006f,0f,0.09380651819490687f,0.995590446491f,0.06569699081749239f,0f,-0.995590446491f,0.09380651819490687f,-0.058626234042905456f,0f,0f,0f,1f], start_interpolation: 0, interpolation_duration: 1 }
$data merge entity $(bone_left_leg) { transformation: [1f,0f,0f,0.12500000000000006f,0f,0.6087614290087207f,0.7933533402912352f,0.29398252669576264f,0f,-0.7933533402912352f,0.6087614290087207f,-0.35613373665211867f,0f,0f,0f,1f], start_interpolation: 0, interpolation_duration: 1 }