# This file was generated by Animated Java via MC-Build. It is not recommended to edit this file directly.
$data merge entity $(bone_right_forearm) { transformation: [1f,0f,0f,-0.31249999999999994f,0f,0.9999999999999999f,0f,0.709954996648398f,0f,0f,0.9999999999999999f,-0.1656670194771548f,0f,0f,0f,1f], start_interpolation: 0, interpolation_duration: 1 }
$data merge entity $(bone_right_arm) { transformation: [1f,0f,0f,-0.31249999999999994f,0f,0.9999999999999999f,0f,0.959954996648398f,0f,0f,0.9999999999999999f,-0.1656670194771548f,0f,0f,0f,1f], start_interpolation: 0, interpolation_duration: 1 }
$data merge entity $(bone_left_forearm) { transformation: [1f,0f,0f,0.31250000000000006f,0f,0.9999999999999999f,0f,0.709954996648398f,0f,0f,0.9999999999999999f,-0.1656670194771548f,0f,0f,0f,1f], start_interpolation: 0, interpolation_duration: 1 }
$data merge entity $(bone_left_arm) { transformation: [1f,0f,0f,0.31250000000000006f,0f,0.9999999999999999f,0f,0.959954996648398f,0f,0f,0.9999999999999999f,-0.1656670194771548f,0f,0f,0f,1f], start_interpolation: 0, interpolation_duration: 1 }
$data merge entity $(bone_head) { transformation: [1f,0f,0f,4.2849044817350094e-17f,0f,0.8031146921373018f,-0.5958244634732673f,1.0196782970100318f,0f,0.5958244634732673f,0.8031146921373018f,-0.14724482107647327f,0f,0f,0f,1f], start_interpolation: 0, interpolation_duration: 1 }
$data merge entity $(bone_torso) { transformation: [1f,0f,0f,4.2849044817350094e-17f,0f,0.9555728057861407f,-0.29475517441090426f,0.36272199303206004f,0f,0.29475517441090426f,0.9555728057861407f,-0.34988900348396995f,0f,0f,0f,1f], start_interpolation: 0, interpolation_duration: 1 }
$data merge entity $(bone_upper_body) { transformation: [1f,0f,0f,4.2849044817350094e-17f,0f,0.9555728057861407f,-0.29475517441090426f,0.36272199303206004f,0f,0.29475517441090426f,0.9555728057861407f,-0.34988900348396995f,0f,0f,0f,1f], start_interpolation: 0, interpolation_duration: 1 }
$data merge entity $(bone_right_lower_leg) { transformation: [1f,0f,0f,-0.12499999999999996f,0f,0.11429380928045929f,0.9934469916206712f,0.07009556805117675f,0f,-0.9934469916206712f,0.11429380928045929f,-0.05876843445241414f,0f,0f,0f,1f], start_interpolation: 0, interpolation_duration: 1 }
$data merge entity $(bone_right_leg) { transformation: [1f,0f,0f,-0.12499999999999996f,0f,0.6303371332823555f,0.7763215174174821f,0.3064719930320601f,0f,-0.7763215174174821f,0.6303371332823555f,-0.34988900348396995f,0f,0f,0f,1f], start_interpolation: 0, interpolation_duration: 1 }
$data merge entity $(bone_left_lower_leg) { transformation: [1f,0f,0f,0.12500000000000006f,0f,0.11429380928045929f,0.9934469916206712f,0.07009556805117675f,0f,-0.9934469916206712f,0.11429380928045929f,-0.05876843445241414f,0f,0f,0f,1f], start_interpolation: 0, interpolation_duration: 1 }
$data merge entity $(bone_left_leg) { transformation: [1f,0f,0f,0.12500000000000006f,0f,0.6303371332823555f,0.7763215174174821f,0.3064719930320601f,0f,-0.7763215174174821f,0.6303371332823555f,-0.34988900348396995f,0f,0f,0f,1f], start_interpolation: 0, interpolation_duration: 1 }