# This file was generated by Animated Java via MC-Build. It is not recommended to edit this file directly.
$data merge entity $(bone_right_forearm) { transformation: [1f,0f,0f,-0.31249999999999994f,0f,1f,0f,0.7266311506834386f,0f,0f,1f,-0.1637691995684875f,0f,0f,0f,1f], start_interpolation: 0, interpolation_duration: 1 }
$data merge entity $(bone_right_arm) { transformation: [1f,0f,0f,-0.31249999999999994f,0f,1f,0f,0.9766311506834386f,0f,0f,1f,-0.1637691995684875f,0f,0f,0f,1f], start_interpolation: 0, interpolation_duration: 1 }
$data merge entity $(bone_left_forearm) { transformation: [1f,0f,0f,0.31250000000000006f,0f,1f,0f,0.7266311506834386f,0f,0f,1f,-0.1637691995684875f,0f,0f,0f,1f], start_interpolation: 0, interpolation_duration: 1 }
$data merge entity $(bone_left_arm) { transformation: [1f,0f,0f,0.31250000000000006f,0f,1f,0f,0.9766311506834386f,0f,0f,1f,-0.1637691995684875f,0f,0f,0f,1f], start_interpolation: 0, interpolation_duration: 1 }
$data merge entity $(bone_head) { transformation: [1f,0f,0f,4.1931795809222195e-17f,0f,0.814838826856945f,-0.5796875764119822f,1.0365240851387547f,0f,0.5796875764119822f,0.814838826856945f,-0.14590620983185015f,0f,0f,0f,1f], start_interpolation: 0, interpolation_duration: 1 }
$data merge entity $(bone_torso) { transformation: [1f,0f,0f,4.1931795809222195e-17f,0f,0.9582869512850574f,-0.28580783578619773f,0.3777018061302778f,0f,0.28580783578619773f,0.9582869512850574f,-0.3423990969348611f,0f,0f,0f,1f], start_interpolation: 0, interpolation_duration: 1 }
$data merge entity $(bone_upper_body) { transformation: [1f,0f,0f,4.1931795809222195e-17f,0f,0.9582869512850574f,-0.28580783578619773f,0.3777018061302778f,0f,0.28580783578619773f,0.9582869512850574f,-0.3423990969348611f,0f,0f,0f,1f], start_interpolation: 0, interpolation_duration: 1 }
$data merge entity $(bone_right_lower_leg) { transformation: [1f,0f,0f,-0.12499999999999996f,0f,0.13732626112674456f,0.9905258694274215f,0.07641907963398828f,0f,-0.9905258694274215f,0.13732626112674456f,-0.058525951065452386f,0f,0f,0f,1f], start_interpolation: 0, interpolation_duration: 1 }
$data merge entity $(bone_right_leg) { transformation: [1f,0f,0f,-0.12499999999999996f,0f,0.6534206039901054f,0.7569950556517565f,0.3214518061302778f,0f,-0.7569950556517565f,0.6534206039901054f,-0.3423990969348611f,0f,0f,0f,1f], start_interpolation: 0, interpolation_duration: 1 }
$data merge entity $(bone_left_lower_leg) { transformation: [1f,0f,0f,0.12500000000000006f,0f,0.13732626112674456f,0.9905258694274215f,0.07641907963398828f,0f,-0.9905258694274215f,0.13732626112674456f,-0.058525951065452386f,0f,0f,0f,1f], start_interpolation: 0, interpolation_duration: 1 }
$data merge entity $(bone_left_leg) { transformation: [1f,0f,0f,0.12500000000000006f,0f,0.6534206039901054f,0.7569950556517565f,0.3214518061302778f,0f,-0.7569950556517565f,0.6534206039901054f,-0.3423990969348611f,0f,0f,0f,1f], start_interpolation: 0, interpolation_duration: 1 }