# This file was generated by Animated Java via MC-Build. It is not recommended to edit this file directly.
$data merge entity $(bone_right_forearm) { transformation: [1f,0f,0f,-0.31249999999999994f,0f,1f,0f,0.7189719407644952f,0f,0f,1f,0.014201231345247256f,0f,0f,0f,1f], start_interpolation: 0, interpolation_duration: 1 }
$data merge entity $(bone_right_arm) { transformation: [1f,0f,0f,-0.31249999999999994f,0f,1f,0f,0.9689719407644952f,0f,0f,1f,0.014201231345247256f,0f,0f,0f,1f], start_interpolation: 0, interpolation_duration: 1 }
$data merge entity $(bone_left_forearm) { transformation: [1f,0f,0f,0.31250000000000006f,0f,1f,0f,0.7189719407644952f,0f,0f,1f,0.014201231345247256f,0f,0f,0f,1f], start_interpolation: 0, interpolation_duration: 1 }
$data merge entity $(bone_left_arm) { transformation: [1f,0f,0f,0.31250000000000006f,0f,1f,0f,0.9689719407644952f,0f,0f,1f,0.014201231345247256f,0f,0f,0f,1f], start_interpolation: 0, interpolation_duration: 1 }
$data merge entity $(bone_head) { transformation: [1f,0f,0f,2.801379553049571e-17f,0f,0.6586894601186806f,-0.7524149088957244f,1.0265566348409447f,0f,0.7524149088957244f,0.6586894601186806f,0.038496354479771955f,0f,0f,0f,1f], start_interpolation: 0, interpolation_duration: 1 }
$data merge entity $(bone_torso) { transformation: [1f,0f,0f,2.801379553049571e-17f,0f,0.9213551052231924f,-0.3887219701523956f,0.393125f,0f,0.3887219701523956f,0.9213551052231924f,-0.22875f,0f,0f,0f,1f], start_interpolation: 0, interpolation_duration: 1 }
$data merge entity $(bone_upper_body) { transformation: [1f,0f,0f,2.801379553049571e-17f,0f,0.9213551052231924f,-0.3887219701523956f,0.393125f,0f,0.3887219701523956f,0.9213551052231924f,-0.22875f,0f,0f,0f,1f], start_interpolation: 0, interpolation_duration: 1 }
$data merge entity $(bone_right_lower_leg) { transformation: [1f,0f,0f,-0.12499999999999997f,0f,0.5750052520432787f,0.8181497174250234f,0.12124803048377053f,0f,-0.8181497174250234f,0.5750052520432787f,0.07805614403438377f,0f,0f,0f,1f], start_interpolation: 0, interpolation_duration: 1 }
$data merge entity $(bone_right_leg) { transformation: [1f,0f,0f,-0.12499999999999997f,0f,0.5750052520432787f,0.8181497174250234f,0.33687500000000004f,0f,-0.8181497174250234f,0.5750052520432787f,-0.22875f,0f,0f,0f,1f], start_interpolation: 0, interpolation_duration: 1 }
$data merge entity $(bone_left_lower_leg) { transformation: [1f,0f,0f,0.12500000000000003f,0f,0.5750052520432787f,0.8181497174250234f,0.12124803048377053f,0f,-0.8181497174250234f,0.5750052520432787f,0.07805614403438377f,0f,0f,0f,1f], start_interpolation: 0, interpolation_duration: 1 }
$data merge entity $(bone_left_leg) { transformation: [1f,0f,0f,0.12500000000000003f,0f,0.5750052520432787f,0.8181497174250234f,0.33687500000000004f,0f,-0.8181497174250234f,0.5750052520432787f,-0.22875f,0f,0f,0f,1f], start_interpolation: 0, interpolation_duration: 1 }