# This file was generated by Animated Java via MC-Build. It is not recommended to edit this file directly.
$data merge entity $(bone_right_forearm) { transformation: [1f,0f,0f,-0.31249999999999994f,0f,0.9999999999999999f,0f,0.4081356214843421f,0f,0f,0.9999999999999999f,0.007365782682795641f,0f,0f,0f,1f], start_interpolation: 0, interpolation_duration: 1 }
$data merge entity $(bone_right_arm) { transformation: [1f,0f,0f,-0.31249999999999994f,0f,0.9999999999999999f,0f,0.6581356214843421f,0f,0f,0.9999999999999999f,0.007365782682795641f,0f,0f,0f,1f], start_interpolation: 0, interpolation_duration: 1 }
$data merge entity $(bone_left_forearm) { transformation: [1f,0f,0f,0.31250000000000006f,0f,0.9999999999999999f,0f,0.4081356214843421f,0f,0f,0.9999999999999999f,0.007365782682795641f,0f,0f,0f,1f], start_interpolation: 0, interpolation_duration: 1 }
$data merge entity $(bone_left_arm) { transformation: [1f,0f,0f,0.31250000000000006f,0f,0.9999999999999999f,0f,0.6581356214843421f,0f,0f,0.9999999999999999f,0.007365782682795641f,0f,0f,0f,1f], start_interpolation: 0, interpolation_duration: 1 }
$data merge entity $(bone_head) { transformation: [1f,0f,0f,4.4087284769304716e-17f,0f,0.2283508701106559f,-0.9735789028731602f,0.7086991836327764f,0f,0.9735789028731602f,0.2283508701106559f,0.044102360951075226f,0f,0f,0f,1f], start_interpolation: 0, interpolation_duration: 1 }
$data merge entity $(bone_torso) { transformation: [1f,0f,0f,4.4087284769304716e-17f,0f,0.8090169943749475f,-0.587785252292473f,0.1525f,0f,0.587785252292473f,0.8090169943749475f,-0.36f,0f,0f,0f,1f], start_interpolation: 0, interpolation_duration: 1 }
$data merge entity $(bone_upper_body) { transformation: [1f,0f,0f,4.4087284769304716e-17f,0f,0.8090169943749475f,-0.587785252292473f,0.1525f,0f,0.587785252292473f,0.8090169943749475f,-0.36f,0f,0f,0f,1f], start_interpolation: 0, interpolation_duration: 1 }
$data merge entity $(bone_right_lower_leg) { transformation: [1f,0f,0f,-0.12499999999999996f,0f,0.06279051952931358f,0.9980267284282716f,0.07270355517650741f,0f,-0.9980267284282716f,0.06279051952931358f,0.01426002316060182f,0f,0f,0f,1f], start_interpolation: 0, interpolation_duration: 1 }
$data merge entity $(bone_right_leg) { transformation: [1f,0f,0f,-0.12499999999999996f,0f,0.06279051952931358f,0.9980267284282716f,0.09625f,0f,-0.9980267284282716f,0.06279051952931358f,-0.36f,0f,0f,0f,1f], start_interpolation: 0, interpolation_duration: 1 }
$data merge entity $(bone_left_lower_leg) { transformation: [1f,0f,0f,0.12500000000000006f,0f,0.06279051952931358f,0.9980267284282716f,0.07270355517650741f,0f,-0.9980267284282716f,0.06279051952931358f,0.01426002316060182f,0f,0f,0f,1f], start_interpolation: 0, interpolation_duration: 1 }
$data merge entity $(bone_left_leg) { transformation: [1f,0f,0f,0.12500000000000006f,0f,0.06279051952931358f,0.9980267284282716f,0.09625f,0f,-0.9980267284282716f,0.06279051952931358f,-0.36f,0f,0f,0f,1f], start_interpolation: 0, interpolation_duration: 1 }