# This file was generated by Animated Java via MC-Build. It is not recommended to edit this file directly.
$data merge entity $(bone_right_forearm) { transformation: [1f,0f,0f,-0.31249999999999994f,0f,0.9999999999999999f,0f,0.7459716873662776f,0f,0f,0.9999999999999999f,-0.1605286247841739f,0f,0f,0f,1f], start_interpolation: 0, interpolation_duration: 1 }
$data merge entity $(bone_right_arm) { transformation: [1f,0f,0f,-0.31249999999999994f,0f,0.9999999999999999f,0f,0.9959716873662776f,0f,0f,0.9999999999999999f,-0.1605286247841739f,0f,0f,0f,1f], start_interpolation: 0, interpolation_duration: 1 }
$data merge entity $(bone_left_forearm) { transformation: [1f,0f,0f,0.31250000000000006f,0f,0.9999999999999999f,0f,0.7459716873662776f,0f,0f,0.9999999999999999f,-0.1605286247841739f,0f,0f,0f,1f], start_interpolation: 0, interpolation_duration: 1 }
$data merge entity $(bone_left_arm) { transformation: [1f,0f,0f,0.31250000000000006f,0f,0.9999999999999999f,0f,0.9959716873662776f,0f,0f,0.9999999999999999f,-0.1605286247841739f,0f,0f,0f,1f], start_interpolation: 0, interpolation_duration: 1 }
$data merge entity $(bone_head) { transformation: [1f,0f,0f,4.084819433614415e-17f,0f,0.8262387743159949f,-0.563320058063622f,1.0560290199878464f,0f,0.563320058063622f,0.8262387743159949f,-0.1432264053201208f,0f,0f,0f,1f], start_interpolation: 0, interpolation_duration: 1 }
$data merge entity $(bone_torso) { transformation: [1f,0f,0f,4.084819433614415e-17f,0f,0.9609173219450995f,-0.2768355114248494f,0.39539836115059046f,0f,0.2768355114248494f,0.9609173219450995f,-0.33355081942470477f,0f,0f,0f,1f], start_interpolation: 0, interpolation_duration: 1 }
$data merge entity $(bone_upper_body) { transformation: [1f,0f,0f,4.084819433614415e-17f,0f,0.9609173219450995f,-0.2768355114248494f,0.39539836115059046f,0f,0.2768355114248494f,0.9609173219450995f,-0.33355081942470477f,0f,0f,0f,1f], start_interpolation: 0, interpolation_duration: 1 }
$data merge entity $(bone_right_lower_leg) { transformation: [1f,0f,0f,-0.12499999999999996f,0f,0.16286828358323097f,0.9866478207560447f,0.084958759274188f,0f,-0.9866478207560447f,0.16286828358323097f,-0.05784690886499577f,0f,0f,0f,1f], start_interpolation: 0, interpolation_duration: 1 }
$data merge entity $(bone_right_leg) { transformation: [1f,0f,0f,-0.12499999999999996f,0f,0.6778389383370732f,0.735210428159224f,0.33914836115059044f,0f,-0.735210428159224f,0.6778389383370732f,-0.33355081942470477f,0f,0f,0f,1f], start_interpolation: 0, interpolation_duration: 1 }
$data merge entity $(bone_left_lower_leg) { transformation: [1f,0f,0f,0.12500000000000003f,0f,0.16286828358323097f,0.9866478207560447f,0.084958759274188f,0f,-0.9866478207560447f,0.16286828358323097f,-0.05784690886499577f,0f,0f,0f,1f], start_interpolation: 0, interpolation_duration: 1 }
$data merge entity $(bone_left_leg) { transformation: [1f,0f,0f,0.12500000000000003f,0f,0.6778389383370732f,0.735210428159224f,0.33914836115059044f,0f,-0.735210428159224f,0.6778389383370732f,-0.33355081942470477f,0f,0f,0f,1f], start_interpolation: 0, interpolation_duration: 1 }