# This file was generated by Animated Java via MC-Build. It is not recommended to edit this file directly.
$data merge entity $(bone_right_forearm) { transformation: [1f,0f,0f,-0.31249999999999994f,0f,1f,0f,0.768202858137822f,0f,0f,1f,-0.1558316073105993f,0f,0f,0f,1f], start_interpolation: 0, interpolation_duration: 1 }
$data merge entity $(bone_right_arm) { transformation: [1f,0f,0f,-0.31249999999999994f,0f,1f,0f,1.018202858137822f,0f,0f,1f,-0.1558316073105993f,0f,0f,0f,1f], start_interpolation: 0, interpolation_duration: 1 }
$data merge entity $(bone_left_forearm) { transformation: [1f,0f,0f,0.31250000000000006f,0f,1f,0f,0.768202858137822f,0f,0f,1f,-0.1558316073105993f,0f,0f,0f,1f], start_interpolation: 0, interpolation_duration: 1 }
$data merge entity $(bone_left_arm) { transformation: [1f,0f,0f,0.31250000000000006f,0f,1f,0f,1.018202858137822f,0f,0f,1f,-0.1558316073105993f,0f,0f,0f,1f], start_interpolation: 0, interpolation_duration: 1 }
$data merge entity $(bone_head) { transformation: [1f,0f,0f,3.958437769270345e-17f,0f,0.8373099989945233f,-0.5467284203183436f,1.0784193386262868f,0f,0.5467284203183436f,0.8373099989945233f,-0.13909167070431785f,0f,0f,0f,1f], start_interpolation: 0, interpolation_duration: 1 }
$data merge entity $(bone_torso) { transformation: [1f,0f,0f,3.958437769270345e-17f,0f,0.963463687815439f,-0.2678389857005031f,0.41603805325317256f,0f,0.2678389857005031f,0.963463687815439f,-0.3232309733734137f,0f,0f,0f,1f], start_interpolation: 0, interpolation_duration: 1 }
$data merge entity $(bone_upper_body) { transformation: [1f,0f,0f,3.958437769270345e-17f,0f,0.963463687815439f,-0.2678389857005031f,0.41603805325317256f,0f,0.2678389857005031f,0.963463687815439f,-0.3232309733734137f,0f,0f,0f,1f], start_interpolation: 0, interpolation_duration: 1 }
$data merge entity $(bone_right_lower_leg) { transformation: [1f,0f,0f,-0.12499999999999996f,0f,0.19087211518447844f,0.9816149120938431f,0.09601503969923364f,0f,-0.9816149120938431f,0.19087211518447844f,-0.05668117067104145f,0f,0f,0f,1f], start_interpolation: 0, interpolation_duration: 1 }
$data merge entity $(bone_right_leg) { transformation: [1f,0f,0f,-0.12499999999999996f,0f,0.7033947028105036f,0.7107994738729927f,0.35978805325317254f,0f,-0.7107994738729927f,0.7033947028105036f,-0.3232309733734137f,0f,0f,0f,1f], start_interpolation: 0, interpolation_duration: 1 }
$data merge entity $(bone_left_lower_leg) { transformation: [1f,0f,0f,0.12500000000000003f,0f,0.19087211518447844f,0.9816149120938431f,0.09601503969923364f,0f,-0.9816149120938431f,0.19087211518447844f,-0.05668117067104145f,0f,0f,0f,1f], start_interpolation: 0, interpolation_duration: 1 }
$data merge entity $(bone_left_leg) { transformation: [1f,0f,0f,0.12500000000000003f,0f,0.7033947028105036f,0.7107994738729927f,0.35978805325317254f,0f,-0.7107994738729927f,0.7033947028105036f,-0.3232309733734137f,0f,0f,0f,1f], start_interpolation: 0, interpolation_duration: 1 }