# This file was generated by Animated Java via MC-Build. It is not recommended to edit this file directly.
$data merge entity $(bone_right_forearm) { transformation: [1f,0f,0f,-0.31249999999999994f,0f,1f,0f,0.7935509190288665f,0f,0f,1f,-0.14956445801182502f,0f,0f,0f,1f], start_interpolation: 0, interpolation_duration: 1 }
$data merge entity $(bone_right_arm) { transformation: [1f,0f,0f,-0.31249999999999994f,0f,1f,0f,1.0435509190288665f,0f,0f,1f,-0.14956445801182502f,0f,0f,0f,1f], start_interpolation: 0, interpolation_duration: 1 }
$data merge entity $(bone_left_forearm) { transformation: [1f,0f,0f,0.31250000000000006f,0f,1f,0f,0.7935509190288665f,0f,0f,1f,-0.14956445801182502f,0f,0f,0f,1f], start_interpolation: 0, interpolation_duration: 1 }
$data merge entity $(bone_left_arm) { transformation: [1f,0f,0f,0.31250000000000006f,0f,1f,0f,1.0435509190288665f,0f,0f,1f,-0.14956445801182502f,0f,0f,0f,1f], start_interpolation: 0, interpolation_duration: 1 }
$data merge entity $(bone_head) { transformation: [1f,0f,0f,3.812648317348755e-17f,0f,0.8480480961564261f,-0.5299192642332049f,1.1039212831719334f,0f,0.5299192642332049f,0.8480480961564261f,-0.13338826769291748f,0f,0f,0f,1f], start_interpolation: 0, interpolation_duration: 1 }
$data merge entity $(bone_torso) { transformation: [1f,0f,0f,3.812648317348755e-17f,0f,0.9659258262890683f,-0.2588190451025208f,0.43984727759819897f,0f,0.2588190451025208f,0.9659258262890683f,-0.3113263612009005f,0f,0f,0f,1f], start_interpolation: 0, interpolation_duration: 1 }
$data merge entity $(bone_upper_body) { transformation: [1f,0f,0f,3.812648317348755e-17f,0f,0.9659258262890683f,-0.2588190451025208f,0.43984727759819897f,0f,0.2588190451025208f,0.9659258262890683f,-0.3113263612009005f,0f,0f,0f,1f], start_interpolation: 0, interpolation_duration: 1 }
$data merge entity $(bone_right_lower_leg) { transformation: [1f,0f,0f,-0.12499999999999996f,0f,0.22127528009013075f,0.9752113875570949f,0.10989825033651052f,0f,-0.9752113875570949f,0.22127528009013075f,-0.05497924794232378f,0f,0f,0f,1f], start_interpolation: 0, interpolation_duration: 1 }
$data merge entity $(bone_right_leg) { transformation: [1f,0f,0f,-0.12499999999999996f,0f,0.7298640726978358f,0.6835923020228712f,0.38359727759819895f,0f,-0.6835923020228712f,0.7298640726978358f,-0.3113263612009005f,0f,0f,0f,1f], start_interpolation: 0, interpolation_duration: 1 }
$data merge entity $(bone_left_lower_leg) { transformation: [1f,0f,0f,0.12500000000000003f,0f,0.22127528009013075f,0.9752113875570949f,0.10989825033651052f,0f,-0.9752113875570949f,0.22127528009013075f,-0.05497924794232378f,0f,0f,0f,1f], start_interpolation: 0, interpolation_duration: 1 }
$data merge entity $(bone_left_leg) { transformation: [1f,0f,0f,0.12500000000000003f,0f,0.7298640726978358f,0.6835923020228712f,0.38359727759819895f,0f,-0.6835923020228712f,0.7298640726978358f,-0.3113263612009005f,0f,0f,0f,1f], start_interpolation: 0, interpolation_duration: 1 }