# This file was generated by Animated Java via MC-Build. It is not recommended to edit this file directly.
$data merge entity $(bone_right_forearm) { transformation: [1f,0f,0f,-0.31249999999999994f,0f,1f,0f,0.8222421306722572f,0f,0f,1f,-0.14161348647256136f,0f,0f,0f,1f], start_interpolation: 0, interpolation_duration: 1 }
$data merge entity $(bone_right_arm) { transformation: [1f,0f,0f,-0.31249999999999994f,0f,1f,0f,1.0722421306722572f,0f,0f,1f,-0.14161348647256136f,0f,0f,0f,1f], start_interpolation: 0, interpolation_duration: 1 }
$data merge entity $(bone_left_forearm) { transformation: [1f,0f,0f,0.31250000000000006f,0f,1f,0f,0.8222421306722572f,0f,0f,1f,-0.14161348647256136f,0f,0f,0f,1f], start_interpolation: 0, interpolation_duration: 1 }
$data merge entity $(bone_left_arm) { transformation: [1f,0f,0f,0.31250000000000006f,0f,1f,0f,1.0722421306722572f,0f,0f,1f,-0.14161348647256136f,0f,0f,0f,1f], start_interpolation: 0, interpolation_duration: 1 }
$data merge entity $(bone_head) { transformation: [1f,0f,0f,3.6460648073083997e-17f,0f,0.8584487936018661f,-0.5128992774059061f,1.1327611008048986f,0f,0.5128992774059061f,0.8584487936018661f,-0.12600245658710968f,0f,0f,0f,1f], start_interpolation: 0, interpolation_duration: 1 }
$data merge entity $(bone_torso) { transformation: [1f,0f,0f,3.6460648073083997e-17f,0f,0.9683035221222615f,-0.24977647816722687f,0.4670524293458437f,0f,0.24977647816722687f,0.9683035221222615f,-0.29772378532707816f,0f,0f,0f,1f], start_interpolation: 0, interpolation_duration: 1 }
$data merge entity $(bone_upper_body) { transformation: [1f,0f,0f,3.6460648073083997e-17f,0f,0.9683035221222615f,-0.24977647816722687f,0.4670524293458437f,0f,0.24977647816722687f,0.9683035221222615f,-0.29772378532707816f,0f,0f,0f,1f], start_interpolation: 0, interpolation_duration: 1 }
$data merge entity $(bone_right_lower_leg) { transformation: [1f,0f,0f,-0.12499999999999996f,0f,0.2539978389827174f,0.9672047858608379f,0.12692928347643506f,0f,-0.9672047858608379f,0.2539978389827174f,-0.05269105883078856f,0f,0f,0f,1f], start_interpolation: 0, interpolation_duration: 1 }
$data merge entity $(bone_right_leg) { transformation: [1f,0f,0f,-0.12499999999999996f,0f,0.7569950556517563f,0.6534206039901056f,0.41080242934584366f,0f,-0.6534206039901056f,0.7569950556517563f,-0.29772378532707816f,0f,0f,0f,1f], start_interpolation: 0, interpolation_duration: 1 }
$data merge entity $(bone_left_lower_leg) { transformation: [1f,0f,0f,0.12500000000000003f,0f,0.2539978389827174f,0.9672047858608379f,0.12692928347643506f,0f,-0.9672047858608379f,0.2539978389827174f,-0.05269105883078856f,0f,0f,0f,1f], start_interpolation: 0, interpolation_duration: 1 }
$data merge entity $(bone_left_leg) { transformation: [1f,0f,0f,0.12500000000000003f,0f,0.7569950556517563f,0.6534206039901056f,0.41080242934584366f,0f,-0.6534206039901056f,0.7569950556517563f,-0.29772378532707816f,0f,0f,0f,1f], start_interpolation: 0, interpolation_duration: 1 }