# This file was generated by Animated Java via MC-Build. It is not recommended to edit this file directly.
$data merge entity $(bone_right_forearm) { transformation: [1f,0f,0f,-0.31249999999999994f,0f,1f,0f,0.8545027583146512f,0f,0f,1f,-0.13186500104125096f,0f,0f,0f,1f], start_interpolation: 0, interpolation_duration: 1 }
$data merge entity $(bone_right_arm) { transformation: [1f,0f,0f,-0.31249999999999994f,0f,1f,0f,1.1045027583146512f,0f,0f,1f,-0.13186500104125096f,0f,0f,0f,1f], start_interpolation: 0, interpolation_duration: 1 }
$data merge entity $(bone_left_forearm) { transformation: [1f,0f,0f,0.31250000000000006f,0f,1f,0f,0.8545027583146512f,0f,0f,1f,-0.13186500104125096f,0f,0f,0f,1f], start_interpolation: 0, interpolation_duration: 1 }
$data merge entity $(bone_left_arm) { transformation: [1f,0f,0f,0.31250000000000006f,0f,1f,0f,1.1045027583146512f,0f,0f,1f,-0.13186500104125096f,0f,0f,0f,1f], start_interpolation: 0, interpolation_duration: 1 }
$data merge entity $(bone_head) { transformation: [1f,0f,0f,3.457300968608023e-17f,0f,0.868507953366989f,-0.4956752313140974f,1.1651650437804881f,0f,0.4956752313140974f,0.868507953366989f,-0.11682049632819014f,0f,0f,0f,1f], start_interpolation: 0, interpolation_duration: 1 }
$data merge entity $(bone_torso) { transformation: [1f,0f,0f,3.457300968608023e-17f,0f,0.970596567453391f,-0.24071207540897296f,0.4978799036562819f,0f,0.24071207540897296f,0.970596567453391f,-0.28231004817185906f,0f,0f,0f,1f], start_interpolation: 0, interpolation_duration: 1 }
$data merge entity $(bone_upper_body) { transformation: [1f,0f,0f,3.457300968608023e-17f,0f,0.970596567453391f,-0.24071207540897296f,0.4978799036562819f,0f,0.24071207540897296f,0.970596567453391f,-0.28231004817185906f,0f,0f,0f,1f], start_interpolation: 0, interpolation_duration: 1 }
$data merge entity $(bone_right_lower_leg) { transformation: [1f,0f,0f,-0.12499999999999997f,0f,0.288939459831296f,0.9573473708912552f,0.14744020382453144f,0f,-0.9573473708912552f,0.288939459831296f,-0.04976452464387415f,0f,0f,0f,1f], start_interpolation: 0, interpolation_duration: 1 }
$data merge entity $(bone_right_leg) { transformation: [1f,0f,0f,-0.12499999999999997f,0f,0.7845058662180011f,0.6201213960746265f,0.44162990365628185f,0f,-0.6201213960746265f,0.7845058662180011f,-0.28231004817185906f,0f,0f,0f,1f], start_interpolation: 0, interpolation_duration: 1 }
$data merge entity $(bone_left_lower_leg) { transformation: [1f,0f,0f,0.12500000000000003f,0f,0.288939459831296f,0.9573473708912552f,0.14744020382453144f,0f,-0.9573473708912552f,0.288939459831296f,-0.04976452464387415f,0f,0f,0f,1f], start_interpolation: 0, interpolation_duration: 1 }
$data merge entity $(bone_left_leg) { transformation: [1f,0f,0f,0.12500000000000003f,0f,0.7845058662180011f,0.6201213960746265f,0.44162990365628185f,0f,-0.6201213960746265f,0.7845058662180011f,-0.28231004817185906f,0f,0f,0f,1f], start_interpolation: 0, interpolation_duration: 1 }