# This file was generated by Animated Java via MC-Build. It is not recommended to edit this file directly.
$data merge entity $(bone_right_forearm) { transformation: [1f,0f,0f,-0.3125f,0f,1f,0f,0.7609877665607512f,0f,0f,1f,0.013979968465812703f,0f,0f,0f,1f], start_interpolation: 0, interpolation_duration: 1 }
$data merge entity $(bone_right_arm) { transformation: [1f,0f,0f,-0.3125f,0f,1f,0f,1.0109877665607512f,0f,0f,1f,0.013979968465812703f,0f,0f,0f,1f], start_interpolation: 0, interpolation_duration: 1 }
$data merge entity $(bone_left_forearm) { transformation: [1f,0f,0f,0.3125f,0f,1f,0f,0.7609877665607512f,0f,0f,1f,0.013979968465812703f,0f,0f,0f,1f], start_interpolation: 0, interpolation_duration: 1 }
$data merge entity $(bone_left_arm) { transformation: [1f,0f,0f,0.3125f,0f,1f,0f,1.0109877665607512f,0f,0f,1f,0.013979968465812703f,0f,0f,0f,1f], start_interpolation: 0, interpolation_duration: 1 }
$data merge entity $(bone_head) { transformation: [1f,0f,0f,2.5717582782094413e-17f,0f,0.7095707365365209f,-0.7046342099635947f,1.0693365432168263f,0f,0.7046342099635947f,0.7095707365365209f,0.036377965312393956f,0f,0f,0f,1f], start_interpolation: 0, interpolation_duration: 1 }
$data merge entity $(bone_torso) { transformation: [1f,0f,0f,2.5717582782094413e-17f,0f,0.9335804264972017f,-0.35836794954530027f,0.42750000000000005f,0f,0.35836794954530027f,0.9335804264972017f,-0.20999999999999996f,0f,0f,0f,1f], start_interpolation: 0, interpolation_duration: 1 }
$data merge entity $(bone_upper_body) { transformation: [1f,0f,0f,2.5717582782094413e-17f,0f,0.9335804264972017f,-0.35836794954530027f,0.42750000000000005f,0f,0.35836794954530027f,0.9335804264972017f,-0.20999999999999996f,0f,0f,0f,1f], start_interpolation: 0, interpolation_duration: 1 }
$data merge entity $(bone_right_lower_leg) { transformation: [1f,0f,0f,-0.12499999999999997f,0f,0.6374239897486899f,0.7705132427757891f,0.13221600384424137f,0f,-0.7705132427757891f,0.6374239897486899f,0.07894246604092098f,0f,0f,0f,1f], start_interpolation: 0, interpolation_duration: 1 }
$data merge entity $(bone_right_leg) { transformation: [1f,0f,0f,-0.12499999999999997f,0f,0.6374239897486899f,0.7705132427757891f,0.3712500000000001f,0f,-0.7705132427757891f,0.6374239897486899f,-0.20999999999999996f,0f,0f,0f,1f], start_interpolation: 0, interpolation_duration: 1 }
$data merge entity $(bone_left_lower_leg) { transformation: [1f,0f,0f,0.12500000000000003f,0f,0.6374239897486899f,0.7705132427757891f,0.13221600384424137f,0f,-0.7705132427757891f,0.6374239897486899f,0.07894246604092098f,0f,0f,0f,1f], start_interpolation: 0, interpolation_duration: 1 }
$data merge entity $(bone_left_leg) { transformation: [1f,0f,0f,0.12500000000000003f,0f,0.6374239897486899f,0.7705132427757891f,0.3712500000000001f,0f,-0.7705132427757891f,0.6374239897486899f,-0.20999999999999996f,0f,0f,0f,1f], start_interpolation: 0, interpolation_duration: 1 }