# This file was generated by Animated Java via MC-Build. It is not recommended to edit this file directly.
$data merge entity $(bone_right_forearm) { transformation: [1f,0f,0f,-0.31249999999999994f,0f,1f,0f,0.8905590718278749f,0f,0f,1f,-0.12020530887326222f,0f,0f,0f,1f], start_interpolation: 0, interpolation_duration: 1 }
$data merge entity $(bone_right_arm) { transformation: [1f,0f,0f,-0.31249999999999994f,0f,1f,0f,1.1405590718278749f,0f,0f,1f,-0.12020530887326222f,0f,0f,0f,1f], start_interpolation: 0, interpolation_duration: 1 }
$data merge entity $(bone_left_forearm) { transformation: [1f,0f,0f,0.31250000000000006f,0f,1f,0f,0.8905590718278749f,0f,0f,1f,-0.12020530887326222f,0f,0f,0f,1f], start_interpolation: 0, interpolation_duration: 1 }
$data merge entity $(bone_left_arm) { transformation: [1f,0f,0f,0.31250000000000006f,0f,1f,0f,1.1405590718278749f,0f,0f,1f,-0.12020530887326222f,0f,0f,0f,1f], start_interpolation: 0, interpolation_duration: 1 }
$data merge entity $(bone_head) { transformation: [1f,0f,0f,3.244970530706376e-17f,0f,0.8782215733702285f,-0.4782539786213182f,1.2013593694416933f,0f,0.4782539786213182f,0.8782215733702285f,-0.10572864454507283f,0f,0f,0f,1f], start_interpolation: 0, interpolation_duration: 1 }
$data merge entity $(bone_torso) { transformation: [1f,0f,0f,3.244970530706376e-17f,0f,0.9728047618210993f,-0.2316266292510303f,0.5325560956896876f,0f,0.2316266292510303f,0.9728047618210993f,-0.2649719521551562f,0f,0f,0f,1f], start_interpolation: 0, interpolation_duration: 1 }
$data merge entity $(bone_upper_body) { transformation: [1f,0f,0f,3.244970530706376e-17f,0f,0.9728047618210993f,-0.2316266292510303f,0.5325560956896876f,0f,0.2316266292510303f,0.9728047618210993f,-0.2649719521551562f,0f,0f,0f,1f], start_interpolation: 0, interpolation_duration: 1 }
$data merge entity $(bone_right_lower_leg) { transformation: [1f,0f,0f,-0.12499999999999997f,0f,0.32597634166870904f,0.9453779269013451f,0.17177477310526024f,0f,-0.9453779269013451f,0.32597634166870904f,-0.04614399789661211f,0f,0f,0f,1f], start_interpolation: 0, interpolation_duration: 1 }
$data merge entity $(bone_right_leg) { transformation: [1f,0f,0f,-0.12499999999999997f,0f,0.8120835268918063f,0.5835412113561175f,0.4763060956896876f,0f,-0.5835412113561175f,0.8120835268918063f,-0.2649719521551562f,0f,0f,0f,1f], start_interpolation: 0, interpolation_duration: 1 }
$data merge entity $(bone_left_lower_leg) { transformation: [1f,0f,0f,0.12500000000000003f,0f,0.32597634166870904f,0.9453779269013451f,0.17177477310526024f,0f,-0.9453779269013451f,0.32597634166870904f,-0.04614399789661211f,0f,0f,0f,1f], start_interpolation: 0, interpolation_duration: 1 }
$data merge entity $(bone_left_leg) { transformation: [1f,0f,0f,0.12500000000000003f,0f,0.8120835268918063f,0.5835412113561175f,0.4763060956896876f,0f,-0.5835412113561175f,0.8120835268918063f,-0.2649719521551562f,0f,0f,0f,1f], start_interpolation: 0, interpolation_duration: 1 }