# This file was generated by Animated Java via MC-Build. It is not recommended to edit this file directly.
$data merge entity $(bone_right_forearm) { transformation: [1f,0f,0f,-0.31249999999999994f,0f,1f,0f,0.9306373457198756f,0f,0f,1f,-0.10652071597418561f,0f,0f,0f,1f], start_interpolation: 0, interpolation_duration: 1 }
$data merge entity $(bone_right_arm) { transformation: [1f,0f,0f,-0.31249999999999994f,0f,1f,0f,1.1806373457198756f,0f,0f,1f,-0.10652071597418561f,0f,0f,0f,1f], start_interpolation: 0, interpolation_duration: 1 }
$data merge entity $(bone_left_forearm) { transformation: [1f,0f,0f,0.31250000000000006f,0f,1f,0f,0.9306373457198756f,0f,0f,1f,-0.10652071597418561f,0f,0f,0f,1f], start_interpolation: 0, interpolation_duration: 1 }
$data merge entity $(bone_left_arm) { transformation: [1f,0f,0f,0.31250000000000006f,0f,1f,0f,1.1806373457198756f,0f,0f,1f,-0.10652071597418561f,0f,0f,0f,1f], start_interpolation: 0, interpolation_duration: 1 }
$data merge entity $(bone_head) { transformation: [1f,0f,0f,3.007687223062208e-17f,0f,0.8875857890045542f,-0.46064245045063235f,1.2415703402312395f,0f,0.46064245045063235f,0.8875857890045542f,-0.09261315760191594f,0f,0f,0f,1f], start_interpolation: 0, interpolation_duration: 1 }
$data merge entity $(bone_torso) { transformation: [1f,0f,0f,3.007687223062208e-17f,0f,0.9749279121818236f,-0.22252093395631445f,0.5713074006062357f,0f,0.22252093395631445f,0.9749279121818236f,-0.24559629969688213f,0f,0f,0f,1f], start_interpolation: 0, interpolation_duration: 1 }
$data merge entity $(bone_upper_body) { transformation: [1f,0f,0f,3.007687223062208e-17f,0f,0.9749279121818236f,-0.22252093395631445f,0.5713074006062357f,0f,0.22252093395631445f,0.9749279121818236f,-0.24559629969688213f,0f,0f,0f,1f], start_interpolation: 0, interpolation_duration: 1 }
$data merge entity $(bone_right_lower_leg) { transformation: [1f,0f,0f,-0.12499999999999997f,0f,0.3649580328957018f,0.931023970811117f,0.2002888580867584f,0f,-0.931023970811117f,0.3649580328957018f,-0.04176851788055569f,0f,0f,0f,1f], start_interpolation: 0, interpolation_duration: 1 }
$data merge entity $(bone_right_leg) { transformation: [1f,0f,0f,-0.12499999999999997f,0f,0.8393827800519396f,0.5435407515102039f,0.5150574006062357f,0f,-0.5435407515102039f,0.8393827800519396f,-0.24559629969688213f,0f,0f,0f,1f], start_interpolation: 0, interpolation_duration: 1 }
$data merge entity $(bone_left_lower_leg) { transformation: [1f,0f,0f,0.12500000000000003f,0f,0.3649580328957018f,0.931023970811117f,0.2002888580867584f,0f,-0.931023970811117f,0.3649580328957018f,-0.04176851788055569f,0f,0f,0f,1f], start_interpolation: 0, interpolation_duration: 1 }
$data merge entity $(bone_left_leg) { transformation: [1f,0f,0f,0.12500000000000003f,0f,0.8393827800519396f,0.5435407515102039f,0.5150574006062357f,0f,-0.5435407515102039f,0.8393827800519396f,-0.24559629969688213f,0f,0f,0f,1f], start_interpolation: 0, interpolation_duration: 1 }
execute on vehicle unless entity @s[tag=aj.transforms_only] at @s run function animated_java:rend_fallen_tether/animations/rise_1/zzz/frames/zzz/3