# This file was generated by Animated Java via MC-Build. It is not recommended to edit this file directly.
$data merge entity $(bone_right_forearm) { transformation: [1f,0f,0f,-0.3125f,0f,1f,0f,0.9749638591452707f,0f,0f,1f,-0.09069752724323074f,0f,0f,0f,1f], start_interpolation: 0, interpolation_duration: 1 }
$data merge entity $(bone_right_arm) { transformation: [1f,0f,0f,-0.3125f,0f,1f,0f,1.2249638591452707f,0f,0f,1f,-0.09069752724323074f,0f,0f,0f,1f], start_interpolation: 0, interpolation_duration: 1 }
$data merge entity $(bone_left_forearm) { transformation: [1f,0f,0f,0.3125f,0f,1f,0f,0.9749638591452707f,0f,0f,1f,-0.09069752724323074f,0f,0f,0f,1f], start_interpolation: 0, interpolation_duration: 1 }
$data merge entity $(bone_left_arm) { transformation: [1f,0f,0f,0.3125f,0f,1f,0f,1.2249638591452707f,0f,0f,1f,-0.09069752724323074f,0f,0f,0f,1f], start_interpolation: 0, interpolation_duration: 1 }
$data merge entity $(bone_head) { transformation: [1f,0f,0f,2.744064775134264e-17f,0f,0.8965968746750209f,-0.4428476536270515f,1.2860242237031878f,0f,0.4428476536270515f,0.8965968746750209f,-0.07736029064585886f,0f,0f,0f,1f], start_interpolation: 0, interpolation_duration: 1 }
$data merge entity $(bone_torso) { transformation: [1f,0f,0f,2.744064775134264e-17f,0f,0.9769658329266717f,-0.21339578555794997f,0.614360213566101f,0f,0.21339578555794997f,0.9769658329266717f,-0.22406989321694948f,0f,0f,0f,1f], start_interpolation: 0, interpolation_duration: 1 }
$data merge entity $(bone_upper_body) { transformation: [1f,0f,0f,2.744064775134264e-17f,0f,0.9769658329266717f,-0.21339578555794997f,0.614360213566101f,0f,0.21339578555794997f,0.9769658329266717f,-0.22406989321694948f,0f,0f,0f,1f], start_interpolation: 0, interpolation_duration: 1 }
$data merge entity $(bone_right_lower_leg) { transformation: [1f,0f,0f,-0.12499999999999997f,0f,0.412236510647754f,0.91107686793649f,0.23335068714693652f,0f,-0.91107686793649f,0.412236510647754f,-0.03656989321694942f,0f,0f,0f,1f], start_interpolation: 0, interpolation_duration: 1 }
$data merge entity $(bone_right_leg) { transformation: [1f,0f,0f,-0.12499999999999997f,0f,0.8660254037844386f,0.5000000000000001f,0.558110213566101f,0f,-0.5000000000000001f,0.8660254037844386f,-0.22406989321694948f,0f,0f,0f,1f], start_interpolation: 0, interpolation_duration: 1 }
$data merge entity $(bone_left_lower_leg) { transformation: [1f,0f,0f,0.12500000000000003f,0f,0.412236510647754f,0.91107686793649f,0.23335068714693652f,0f,-0.91107686793649f,0.412236510647754f,-0.03656989321694942f,0f,0f,0f,1f], start_interpolation: 0, interpolation_duration: 1 }
$data merge entity $(bone_left_leg) { transformation: [1f,0f,0f,0.12500000000000003f,0f,0.8660254037844386f,0.5000000000000001f,0.558110213566101f,0f,-0.5000000000000001f,0.8660254037844386f,-0.22406989321694948f,0f,0f,0f,1f], start_interpolation: 0, interpolation_duration: 1 }