# This file was generated by Animated Java via MC-Build. It is not recommended to edit this file directly.
$data merge entity $(bone_right_forearm) { transformation: [1f,0f,0f,-0.3125f,0f,1f,0f,1.023764895915488f,0f,0f,1f,-0.07262204651672097f,0f,0f,0f,1f], start_interpolation: 0, interpolation_duration: 1 }
$data merge entity $(bone_right_arm) { transformation: [1f,0f,0f,-0.3125f,0f,1f,0f,1.273764895915488f,0f,0f,1f,-0.07262204651672097f,0f,0f,0f,1f], start_interpolation: 0, interpolation_duration: 1 }
$data merge entity $(bone_left_forearm) { transformation: [1f,0f,0f,0.3125f,0f,1f,0f,1.023764895915488f,0f,0f,1f,-0.07262204651672097f,0f,0f,0f,1f], start_interpolation: 0, interpolation_duration: 1 }
$data merge entity $(bone_left_arm) { transformation: [1f,0f,0f,0.3125f,0f,1f,0f,1.273764895915488f,0f,0f,1f,-0.07262204651672097f,0f,0f,0f,1f], start_interpolation: 0, interpolation_duration: 1 }
$data merge entity $(bone_head) { transformation: [1f,0f,0f,2.4527169163812974e-17f,0f,0.9052512452810149f,-0.42487666788983847f,1.3349472925340908f,0f,0.42487666788983847f,0.9052512452810149f,-0.05985629765486594f,0f,0f,0f,1f], start_interpolation: 0, interpolation_duration: 1 }
$data merge entity $(bone_torso) { transformation: [1f,0f,0f,2.4527169163812974e-17f,0f,0.9789183458976485f,-0.20425198178968038f,0.6619409297294576f,0f,0.20425198178968038f,0.9789183458976485f,-0.2002795351352712f,0f,0f,0f,1f], start_interpolation: 0, interpolation_duration: 1 }
$data merge entity $(bone_upper_body) { transformation: [1f,0f,0f,2.4527169163812974e-17f,0f,0.9789183458976485f,-0.20425198178968038f,0.6619409297294576f,0f,0.20425198178968038f,0.9789183458976485f,-0.2002795351352712f,0f,0f,0f,1f], start_interpolation: 0, interpolation_duration: 1 }
$data merge entity $(bone_right_lower_leg) { transformation: [1f,0f,0f,-0.12499999999999997f,0f,0.45986276522237746f,0.8879899983457181f,0.2717866214197484f,0f,-0.8879899983457181f,0.45986276522237746f,-0.029595871909364718f,0f,0f,0f,1f], start_interpolation: 0, interpolation_duration: 1 }
$data merge entity $(bone_right_leg) { transformation: [1f,0f,0f,-0.12499999999999997f,0f,0.8904114888258912f,0.45515643526908395f,0.6056909297294576f,0f,-0.45515643526908395f,0.8904114888258912f,-0.2002795351352712f,0f,0f,0f,1f], start_interpolation: 0, interpolation_duration: 1 }
$data merge entity $(bone_left_lower_leg) { transformation: [1f,0f,0f,0.12500000000000003f,0f,0.45986276522237746f,0.8879899983457181f,0.2717866214197484f,0f,-0.8879899983457181f,0.45986276522237746f,-0.029595871909364718f,0f,0f,0f,1f], start_interpolation: 0, interpolation_duration: 1 }
$data merge entity $(bone_left_leg) { transformation: [1f,0f,0f,0.12500000000000003f,0f,0.8904114888258912f,0.45515643526908395f,0.6056909297294576f,0f,-0.45515643526908395f,0.8904114888258912f,-0.2002795351352712f,0f,0f,0f,1f], start_interpolation: 0, interpolation_duration: 1 }