# This file was generated by Animated Java via MC-Build. It is not recommended to edit this file directly.
$data merge entity $(bone_right_forearm) { transformation: [1f,0f,0f,-0.3125f,0f,1f,0f,1.0760498705225614f,0f,0f,1f,-0.05278901360464873f,0f,0f,0f,1f], start_interpolation: 0, interpolation_duration: 1 }
$data merge entity $(bone_right_arm) { transformation: [1f,0f,0f,-0.3125f,0f,1f,0f,1.3260498705225614f,0f,0f,1f,-0.05278901360464873f,0f,0f,0f,1f], start_interpolation: 0, interpolation_duration: 1 }
$data merge entity $(bone_left_forearm) { transformation: [1f,0f,0f,0.3125f,0f,1f,0f,1.0760498705225614f,0f,0f,1f,-0.05278901360464873f,0f,0f,0f,1f], start_interpolation: 0, interpolation_duration: 1 }
$data merge entity $(bone_left_arm) { transformation: [1f,0f,0f,0.3125f,0f,1f,0f,1.3260498705225614f,0f,0f,1f,-0.05278901360464873f,0f,0f,0f,1f], start_interpolation: 0, interpolation_duration: 1 }
$data merge entity $(bone_head) { transformation: [1f,0f,0f,2.139708580421278e-17f,0f,0.913545457642601f,-0.4067366430758f,1.3873489505477632f,0f,0.4067366430758f,0.913545457642601f,-0.04059586847864072f,0f,0f,0f,1f], start_interpolation: 0, interpolation_duration: 1 }
$data merge entity $(bone_torso) { transformation: [1f,0f,0f,2.139708580421278e-17f,0f,0.9807852804032304f,-0.19509032201612822f,0.7130590702705423f,0f,0.19509032201612822f,0.9807852804032304f,-0.17472046486472886f,0f,0f,0f,1f], start_interpolation: 0, interpolation_duration: 1 }
$data merge entity $(bone_upper_body) { transformation: [1f,0f,0f,2.139708580421278e-17f,0f,0.9807852804032304f,-0.19509032201612822f,0.7130590702705423f,0f,0.19509032201612822f,0.9807852804032304f,-0.17472046486472886f,0f,0f,0f,1f], start_interpolation: 0, interpolation_duration: 1 }
$data merge entity $(bone_right_lower_leg) { transformation: [1f,0f,0f,-0.12499999999999997f,0f,0.506725720373314f,0.8621073276061084f,0.3150328415322503f,0f,-0.8621073276061084f,0.506725720373314f,-0.020402580387813063f,0f,0f,0f,1f], start_interpolation: 0, interpolation_duration: 1 }
$data merge entity $(bone_right_leg) { transformation: [1f,0f,0f,-0.12499999999999997f,0f,0.9114032766354452f,0.4115143586051088f,0.6568090702705423f,0f,-0.4115143586051088f,0.9114032766354452f,-0.17472046486472886f,0f,0f,0f,1f], start_interpolation: 0, interpolation_duration: 1 }
$data merge entity $(bone_left_lower_leg) { transformation: [1f,0f,0f,0.12500000000000003f,0f,0.506725720373314f,0.8621073276061084f,0.3150328415322503f,0f,-0.8621073276061084f,0.506725720373314f,-0.020402580387813063f,0f,0f,0f,1f], start_interpolation: 0, interpolation_duration: 1 }
$data merge entity $(bone_left_leg) { transformation: [1f,0f,0f,0.12500000000000003f,0f,0.9114032766354452f,0.4115143586051088f,0.6568090702705423f,0f,-0.4115143586051088f,0.9114032766354452f,-0.17472046486472886f,0f,0f,0f,1f], start_interpolation: 0, interpolation_duration: 1 }