# This file was generated by Animated Java via MC-Build. It is not recommended to edit this file directly.
$data merge entity $(bone_right_forearm) { transformation: [1f,0f,0f,-0.3125f,0f,1.0000000000000002f,0f,1.1247438322047039f,0f,0f,1.0000000000000002f,-0.034735352306228914f,0f,0f,0f,1f], start_interpolation: 0, interpolation_duration: 1 }
$data merge entity $(bone_right_arm) { transformation: [1f,0f,0f,-0.3125f,0f,1.0000000000000002f,0f,1.3747438322047039f,0f,0f,1.0000000000000002f,-0.034735352306228914f,0f,0f,0f,1f], start_interpolation: 0, interpolation_duration: 1 }
$data merge entity $(bone_left_forearm) { transformation: [1f,0f,0f,0.3125f,0f,1.0000000000000002f,0f,1.1247438322047039f,0f,0f,1.0000000000000002f,-0.034735352306228914f,0f,0f,0f,1f], start_interpolation: 0, interpolation_duration: 1 }
$data merge entity $(bone_left_arm) { transformation: [1f,0f,0f,0.3125f,0f,1.0000000000000002f,0f,1.3747438322047039f,0f,0f,1.0000000000000002f,-0.034735352306228914f,0f,0f,0f,1f], start_interpolation: 0, interpolation_duration: 1 }
$data merge entity $(bone_head) { transformation: [1f,0f,0f,1.8483607216683112e-17f,0f,0.9214762118704077f,-0.38843479627469474f,1.4361542367817846f,0f,0.38843479627469474f,0.9214762118704077f,-0.02311587685854674f,0f,0f,0f,1f], start_interpolation: 0, interpolation_duration: 1 }
$data merge entity $(bone_torso) { transformation: [1f,0f,0f,1.8483607216683112e-17f,0f,0.9825664732332883f,-0.18591160716291466f,0.7606397864338988f,0f,0.18591160716291466f,0.9825664732332883f,-0.15093010678305058f,0f,0f,0f,1f], start_interpolation: 0, interpolation_duration: 1 }
$data merge entity $(bone_upper_body) { transformation: [1f,0f,0f,1.8483607216683112e-17f,0f,0.9825664732332883f,-0.18591160716291466f,0.7606397864338988f,0f,0.18591160716291466f,0.9825664732332883f,-0.15093010678305058f,0f,0f,0f,1f], start_interpolation: 0, interpolation_duration: 1 }
$data merge entity $(bone_right_lower_leg) { transformation: [1f,0f,0f,-0.12499999999999999f,0f,0.5539877064496884f,0.8325248471382785f,0.35590460560643683f,0f,-0.8325248471382785f,0.5539877064496884f,-0.012427114961028496f,0f,0f,0f,1f], start_interpolation: 0, interpolation_duration: 1 }
$data merge entity $(bone_right_leg) { transformation: [1f,0f,0f,-0.12499999999999999f,0f,0.9292938155398986f,0.3693413115253922f,0.7043897864338988f,0f,-0.3693413115253922f,0.9292938155398986f,-0.15093010678305058f,0f,0f,0f,1f], start_interpolation: 0, interpolation_duration: 1 }
$data merge entity $(bone_left_lower_leg) { transformation: [1f,0f,0f,0.12500000000000003f,0f,0.5539877064496884f,0.8325248471382785f,0.35590460560643683f,0f,-0.8325248471382785f,0.5539877064496884f,-0.012427114961028496f,0f,0f,0f,1f], start_interpolation: 0, interpolation_duration: 1 }
$data merge entity $(bone_left_leg) { transformation: [1f,0f,0f,0.12500000000000003f,0f,0.9292938155398986f,0.3693413115253922f,0.7043897864338988f,0f,-0.3693413115253922f,0.9292938155398986f,-0.15093010678305058f,0f,0f,0f,1f], start_interpolation: 0, interpolation_duration: 1 }