# This file was generated by Animated Java via MC-Build. It is not recommended to edit this file directly.
$data merge entity $(bone_right_forearm) { transformation: [1f,0f,0f,-0.3125f,0f,1f,0f,1.16885620481461f,0f,0f,1f,-0.018955800523968072f,0f,0f,0f,1f], start_interpolation: 0, interpolation_duration: 1 }
$data merge entity $(bone_right_arm) { transformation: [1f,0f,0f,-0.3125f,0f,1f,0f,1.41885620481461f,0f,0f,1f,-0.018955800523968072f,0f,0f,0f,1f], start_interpolation: 0, interpolation_duration: 1 }
$data merge entity $(bone_left_forearm) { transformation: [1f,0f,0f,0.3125f,0f,1f,0f,1.16885620481461f,0f,0f,1f,-0.018955800523968072f,0f,0f,0f,1f], start_interpolation: 0, interpolation_duration: 1 }
$data merge entity $(bone_left_arm) { transformation: [1f,0f,0f,0.3125f,0f,1f,0f,1.41885620481461f,0f,0f,1f,-0.018955800523968072f,0f,0f,0f,1f], start_interpolation: 0, interpolation_duration: 1 }
$data merge entity $(bone_head) { transformation: [1f,0f,0f,1.5847382737403694e-17f,0f,0.9290403526785026f,-0.36997840895787887f,1.4803725653566948f,0f,0.36997840895787887f,0.9290403526785026f,-0.007911010546053074f,0f,0f,0f,1f], start_interpolation: 0, interpolation_duration: 1 }
$data merge entity $(bone_torso) { transformation: [1f,0f,0f,1.5847382737403694e-17f,0f,0.9842617686733542f,-0.17671663964664f,0.8036925993937638f,0f,0.17671663964664f,0.9842617686733542f,-0.12940370030311807f,0f,0f,0f,1f], start_interpolation: 0, interpolation_duration: 1 }
$data merge entity $(bone_upper_body) { transformation: [1f,0f,0f,1.5847382737403694e-17f,0f,0.9842617686733542f,-0.17671663964664f,0.8036925993937638f,0f,0.17671663964664f,0.9842617686733542f,-0.12940370030311807f,0f,0f,0f,1f], start_interpolation: 0, interpolation_duration: 1 }
$data merge entity $(bone_right_lower_leg) { transformation: [1f,0f,0f,-0.12499999999999999f,0f,0.6025927737030412f,0.7980488387817348f,0.39330146055470844f,0f,-0.7980488387817348f,0.6025927737030412f,-0.006078707776149189f,0f,0f,0f,1f], start_interpolation: 0, interpolation_duration: 1 }
$data merge entity $(bone_right_leg) { transformation: [1f,0f,0f,-0.12499999999999999f,0f,0.9443763702374809f,0.3288666467385837f,0.7474425993937638f,0f,-0.3288666467385837f,0.9443763702374809f,-0.12940370030311807f,0f,0f,0f,1f], start_interpolation: 0, interpolation_duration: 1 }
$data merge entity $(bone_left_lower_leg) { transformation: [1f,0f,0f,0.12500000000000003f,0f,0.6025927737030412f,0.7980488387817348f,0.39330146055470844f,0f,-0.7980488387817348f,0.6025927737030412f,-0.006078707776149189f,0f,0f,0f,1f], start_interpolation: 0, interpolation_duration: 1 }
$data merge entity $(bone_left_leg) { transformation: [1f,0f,0f,0.12500000000000003f,0f,0.9443763702374809f,0.3288666467385837f,0.7474425993937638f,0f,-0.3288666467385837f,0.9443763702374809f,-0.12940370030311807f,0f,0f,0f,1f], start_interpolation: 0, interpolation_duration: 1 }