# This file was generated by Animated Java via MC-Build. It is not recommended to edit this file directly.
$data merge entity $(bone_right_forearm) { transformation: [1f,0f,0f,-0.3125f,0f,1f,0f,1.2086132908842098f,0f,0f,1f,-0.005336658279383538f,0f,0f,0f,1f], start_interpolation: 0, interpolation_duration: 1 }
$data merge entity $(bone_right_arm) { transformation: [1f,0f,0f,-0.3125f,0f,1f,0f,1.4586132908842098f,0f,0f,1f,-0.005336658279383538f,0f,0f,0f,1f], start_interpolation: 0, interpolation_duration: 1 }
$data merge entity $(bone_left_forearm) { transformation: [1f,0f,0f,0.3125f,0f,1f,0f,1.2086132908842098f,0f,0f,1f,-0.005336658279383538f,0f,0f,0f,1f], start_interpolation: 0, interpolation_duration: 1 }
$data merge entity $(bone_left_arm) { transformation: [1f,0f,0f,0.3125f,0f,1f,0f,1.4586132908842098f,0f,0f,1f,-0.005336658279383538f,0f,0f,0f,1f], start_interpolation: 0, interpolation_duration: 1 }
$data merge entity $(bone_head) { transformation: [1f,0f,0f,1.3474549660961982e-17f,0f,0.9362348706397372f,-0.3513748240813427f,1.5202302295415995f,0f,0.3513748240813427f,0.9362348706397372f,0.0051324806771625014f,0f,0f,0f,1f], start_interpolation: 0, interpolation_duration: 1 }
$data merge entity $(bone_torso) { transformation: [1f,0f,0f,1.3474549660961982e-17f,0f,0.9858710185182359f,-0.16750622330473647f,0.8424439043103124f,0f,0.16750622330473647f,0.9858710185182359f,-0.11002804784484382f,0f,0f,0f,1f], start_interpolation: 0, interpolation_duration: 1 }
$data merge entity $(bone_upper_body) { transformation: [1f,0f,0f,1.3474549660961982e-17f,0f,0.9858710185182359f,-0.16750622330473647f,0.8424439043103124f,0f,0.16750622330473647f,0.9858710185182359f,-0.11002804784484382f,0f,0f,0f,1f], start_interpolation: 0, interpolation_duration: 1 }
$data merge entity $(bone_right_lower_leg) { transformation: [1f,0f,0f,-0.12499999999999999f,0f,0.6531935044191965f,0.757191023312195f,0.427341278410734f,0f,-0.757191023312195f,0.6531935044191965f,-0.0011712938744203871f,0f,0f,0f,1f], start_interpolation: 0, interpolation_duration: 1 }
$data merge entity $(bone_right_leg) { transformation: [1f,0f,0f,-0.12499999999999999f,0f,0.9569403357322088f,0.2902846772544625f,0.7861939043103123f,0f,-0.2902846772544625f,0.9569403357322088f,-0.11002804784484382f,0f,0f,0f,1f], start_interpolation: 0, interpolation_duration: 1 }
$data merge entity $(bone_left_lower_leg) { transformation: [1f,0f,0f,0.125f,0f,0.6531935044191965f,0.757191023312195f,0.427341278410734f,0f,-0.757191023312195f,0.6531935044191965f,-0.0011712938744203871f,0f,0f,0f,1f], start_interpolation: 0, interpolation_duration: 1 }
$data merge entity $(bone_left_leg) { transformation: [1f,0f,0f,0.125f,0f,0.9569403357322088f,0.2902846772544625f,0.7861939043103123f,0f,-0.2902846772544625f,0.9569403357322088f,-0.11002804784484382f,0f,0f,0f,1f], start_interpolation: 0, interpolation_duration: 1 }