# This file was generated by Animated Java via MC-Build. It is not recommended to edit this file directly.
$data merge entity $(bone_right_forearm) { transformation: [1f,0f,0f,-0.3125f,0f,0.9999999999999999f,0f,0.8350366520664356f,0f,0f,0.9999999999999999f,0.012991106151609116f,0f,0f,0f,1f], start_interpolation: 0, interpolation_duration: 1 }
$data merge entity $(bone_right_arm) { transformation: [1f,0f,0f,-0.3125f,0f,0.9999999999999999f,0f,1.0850366520664356f,0f,0f,0.9999999999999999f,0.012991106151609116f,0f,0f,0f,1f], start_interpolation: 0, interpolation_duration: 1 }
$data merge entity $(bone_left_forearm) { transformation: [1f,0f,0f,0.3125f,0f,0.9999999999999999f,0f,0.8350366520664356f,0f,0f,0.9999999999999999f,0.012991106151609116f,0f,0f,0f,1f], start_interpolation: 0, interpolation_duration: 1 }
$data merge entity $(bone_left_arm) { transformation: [1f,0f,0f,0.3125f,0f,0.9999999999999999f,0f,1.0850366520664356f,0f,0f,0.9999999999999999f,0.012991106151609116f,0f,0f,0f,1f], start_interpolation: 0, interpolation_duration: 1 }
$data merge entity $(bone_head) { transformation: [1f,0f,0f,2.15843998349721e-17f,0f,0.7922896433551907f,-0.6101451639012675f,1.1446028172730793f,0f,0.6101451639012675f,0.7922896433551907f,0.031915216766770005f,0f,0f,0f,1f], start_interpolation: 0, interpolation_duration: 1 }
$data merge entity $(bone_torso) { transformation: [1f,0f,0f,2.15843998349721e-17f,0f,0.953058643306297f,-0.30278576984257455f,0.489375f,0f,0.30278576984257455f,0.953058643306297f,-0.17625f,0f,0f,0f,1f], start_interpolation: 0, interpolation_duration: 1 }
$data merge entity $(bone_upper_body) { transformation: [1f,0f,0f,2.15843998349721e-17f,0f,0.953058643306297f,-0.30278576984257455f,0.489375f,0f,0.30278576984257455f,0.953058643306297f,-0.17625f,0f,0f,0f,1f], start_interpolation: 0, interpolation_duration: 1 }
$data merge entity $(bone_right_lower_leg) { transformation: [1f,0f,0f,-0.12499999999999997f,0f,0.7396310949786098f,0.6730125135097732f,0.15576333938302134f,0f,-0.6730125135097732f,0.7396310949786098f,0.07612969256616495f,0f,0f,0f,1f], start_interpolation: 0, interpolation_duration: 1 }
$data merge entity $(bone_right_leg) { transformation: [1f,0f,0f,-0.12499999999999997f,0f,0.7396310949786098f,0.6730125135097732f,0.433125f,0f,-0.6730125135097732f,0.7396310949786098f,-0.17625f,0f,0f,0f,1f], start_interpolation: 0, interpolation_duration: 1 }
$data merge entity $(bone_left_lower_leg) { transformation: [1f,0f,0f,0.12500000000000003f,0f,0.7396310949786098f,0.6730125135097732f,0.15576333938302134f,0f,-0.6730125135097732f,0.7396310949786098f,0.07612969256616495f,0f,0f,0f,1f], start_interpolation: 0, interpolation_duration: 1 }
$data merge entity $(bone_left_leg) { transformation: [1f,0f,0f,0.12500000000000003f,0f,0.7396310949786098f,0.6730125135097732f,0.433125f,0f,-0.6730125135097732f,0.7396310949786098f,-0.17625f,0f,0f,0f,1f], start_interpolation: 0, interpolation_duration: 1 }