# This file was generated by Animated Java via MC-Build. It is not recommended to edit this file directly.
$data merge entity $(bone_right_forearm) { transformation: [1f,0f,0f,-0.3125f,0f,1f,0f,1.244241397646825f,0f,0f,1f,0.006235775250105852f,0f,0f,0f,1f], start_interpolation: 0, interpolation_duration: 1 }
$data merge entity $(bone_right_arm) { transformation: [1f,0f,0f,-0.3125f,0f,1f,0f,1.494241397646825f,0f,0f,1f,0.006235775250105852f,0f,0f,0f,1f], start_interpolation: 0, interpolation_duration: 1 }
$data merge entity $(bone_left_forearm) { transformation: [1f,0f,0f,0.3125f,0f,1f,0f,1.244241397646825f,0f,0f,1f,0.006235775250105852f,0f,0f,0f,1f], start_interpolation: 0, interpolation_duration: 1 }
$data merge entity $(bone_left_arm) { transformation: [1f,0f,0f,0.3125f,0f,1f,0f,1.494241397646825f,0f,0f,1f,0.006235775250105852f,0f,0f,0f,1f], start_interpolation: 0, interpolation_duration: 1 }
$data merge entity $(bone_head) { transformation: [1f,0f,0f,1.1351245281945523e-17f,0f,0.9430569033830605f,-0.33263144316428195f,1.555953527777136f,0f,0.33263144316428195f,0.9430569033830605f,0.01612834795793054f,0f,0f,0f,1f], start_interpolation: 0, interpolation_duration: 1 }
$data merge entity $(bone_torso) { transformation: [1f,0f,0f,1.1351245281945523e-17f,0f,0.9873940820849713f,-0.15828116332519496f,0.877120096343718f,0f,0.15828116332519496f,0.9873940820849713f,-0.09268995182814099f,0f,0f,0f,1f], start_interpolation: 0, interpolation_duration: 1 }
$data merge entity $(bone_upper_body) { transformation: [1f,0f,0f,1.1351245281945523e-17f,0f,0.9873940820849713f,-0.15828116332519496f,0.877120096343718f,0f,0.15828116332519496f,0.9873940820849713f,-0.09268995182814099f,0f,0f,0f,1f], start_interpolation: 0, interpolation_duration: 1 }
$data merge entity $(bone_right_lower_leg) { transformation: [1f,0f,0f,-0.12499999999999999f,0f,0.7060501229245958f,0.7081618627956205f,0.4581446890527642f,0f,-0.7081618627956205f,0.7060501229245958f,0.002469277391161123f,0f,0f,0f,1f], start_interpolation: 0, interpolation_duration: 1 }
$data merge entity $(bone_right_leg) { transformation: [1f,0f,0f,-0.12499999999999999f,0f,0.9672677527758768f,0.25375794458480566f,0.820870096343718f,0f,-0.25375794458480566f,0.9672677527758768f,-0.09268995182814099f,0f,0f,0f,1f], start_interpolation: 0, interpolation_duration: 1 }
$data merge entity $(bone_left_lower_leg) { transformation: [1f,0f,0f,0.125f,0f,0.7060501229245958f,0.7081618627956205f,0.4581446890527642f,0f,-0.7081618627956205f,0.7060501229245958f,0.002469277391161123f,0f,0f,0f,1f], start_interpolation: 0, interpolation_duration: 1 }
$data merge entity $(bone_left_leg) { transformation: [1f,0f,0f,0.125f,0f,0.9672677527758768f,0.25375794458480566f,0.820870096343718f,0f,-0.25375794458480566f,0.9672677527758768f,-0.09268995182814099f,0f,0f,0f,1f], start_interpolation: 0, interpolation_duration: 1 }