# This file was generated by Animated Java via MC-Build. It is not recommended to edit this file directly.
$data merge entity $(bone_right_forearm) { transformation: [1f,0f,0f,-0.3125f,0f,1f,0f,0.8431374652857417f,0f,0f,1f,0.012838484359731894f,0f,0f,0f,1f], start_interpolation: 0, interpolation_duration: 1 }
$data merge entity $(bone_right_arm) { transformation: [1f,0f,0f,-0.3125f,0f,1f,0f,1.0931374652857417f,0f,0f,1f,0.012838484359731894f,0f,0f,0f,1f], start_interpolation: 0, interpolation_duration: 1 }
$data merge entity $(bone_left_forearm) { transformation: [1f,0f,0f,0.3125f,0f,1f,0f,0.8431374652857417f,0f,0f,1f,0.012838484359731894f,0f,0f,0f,1f], start_interpolation: 0, interpolation_duration: 1 }
$data merge entity $(bone_left_arm) { transformation: [1f,0f,0f,0.3125f,0f,1f,0f,1.0931374652857417f,0f,0f,1f,0.012838484359731894f,0f,0f,0f,1f], start_interpolation: 0, interpolation_duration: 1 }
$data merge entity $(bone_head) { transformation: [1f,0f,0f,2.1125157285291842e-17f,0f,0.8007313709487336f,-0.5990235985155858f,1.152826211814316f,0f,0.5990235985155858f,0.8007313709487336f,0.03137233279570506f,0f,0f,0f,1f], start_interpolation: 0, interpolation_duration: 1 }
$data merge entity $(bone_torso) { transformation: [1f,0f,0f,2.1125157285291842e-17f,0f,0.9550199444571866f,-0.296541574975571f,0.4962500000000001f,0f,0.296541574975571f,0.9550199444571866f,-0.1725f,0f,0f,0f,1f], start_interpolation: 0, interpolation_duration: 1 }
$data merge entity $(bone_upper_body) { transformation: [1f,0f,0f,2.1125157285291842e-17f,0f,0.9550199444571866f,-0.296541574975571f,0.4962500000000001f,0f,0.296541574975571f,0.9550199444571866f,-0.1725f,0f,0f,0f,1f], start_interpolation: 0, interpolation_duration: 1 }
$data merge entity $(bone_right_lower_leg) { transformation: [1f,0f,0f,-0.12499999999999997f,0f,0.7501110696304595f,0.6613118653236519f,0.15870834888857777f,0f,-0.6613118653236519f,0.7501110696304595f,0.0754919494963695f,0f,0f,0f,1f], start_interpolation: 0, interpolation_duration: 1 }
$data merge entity $(bone_right_leg) { transformation: [1f,0f,0f,-0.12499999999999997f,0f,0.7501110696304595f,0.6613118653236519f,0.44000000000000006f,0f,-0.6613118653236519f,0.7501110696304595f,-0.1725f,0f,0f,0f,1f], start_interpolation: 0, interpolation_duration: 1 }
$data merge entity $(bone_left_lower_leg) { transformation: [1f,0f,0f,0.12500000000000003f,0f,0.7501110696304595f,0.6613118653236519f,0.15870834888857777f,0f,-0.6613118653236519f,0.7501110696304595f,0.0754919494963695f,0f,0f,0f,1f], start_interpolation: 0, interpolation_duration: 1 }
$data merge entity $(bone_left_leg) { transformation: [1f,0f,0f,0.12500000000000003f,0f,0.7501110696304595f,0.6613118653236519f,0.44000000000000006f,0f,-0.6613118653236519f,0.7501110696304595f,-0.1725f,0f,0f,0f,1f], start_interpolation: 0, interpolation_duration: 1 }