# This file was generated by Animated Java via MC-Build. It is not recommended to edit this file directly.
$data merge entity $(bone_right_forearm) { transformation: [1f,0f,0f,-0.3125f,0f,0.9999999999999999f,0f,1.2759668370448618f,0f,0f,0.9999999999999999f,0.015875201687187188f,0f,0f,0f,1f], start_interpolation: 0, interpolation_duration: 1 }
$data merge entity $(bone_right_arm) { transformation: [1f,0f,0f,-0.3125f,0f,0.9999999999999999f,0f,1.5259668370448618f,0f,0f,0.9999999999999999f,0.015875201687187188f,0f,0f,0f,1f], start_interpolation: 0, interpolation_duration: 1 }
$data merge entity $(bone_left_forearm) { transformation: [1f,0f,0f,0.3125f,0f,0.9999999999999999f,0f,1.2759668370448618f,0f,0f,0.9999999999999999f,0.015875201687187188f,0f,0f,0f,1f], start_interpolation: 0, interpolation_duration: 1 }
$data merge entity $(bone_left_arm) { transformation: [1f,0f,0f,0.3125f,0f,0.9999999999999999f,0f,1.5259668370448618f,0f,0f,0.9999999999999999f,0.015875201687187188f,0f,0f,0f,1f], start_interpolation: 0, interpolation_duration: 1 }
$data merge entity $(bone_head) { transformation: [1f,0f,0f,9.46360689494174e-18f,0f,0.9495037367323264f,-0.3137557233443703f,1.5877687636839322f,0f,0.3137557233443703f,0.9495037367323264f,0.025190343323198083f,0f,0f,0f,1f], start_interpolation: 0, interpolation_duration: 1 }
$data merge entity $(bone_torso) { transformation: [1f,0f,0f,9.46360689494174e-18f,0f,0.9888308262251285f,-0.14904226617617436f,0.9079475706541564f,0f,0.14904226617617436f,0.9888308262251285f,-0.07727621467292178f,0f,0f,0f,1f], start_interpolation: 0, interpolation_duration: 1 }
$data merge entity $(bone_upper_body) { transformation: [1f,0f,0f,9.46360689494174e-18f,0f,0.9888308262251285f,-0.14904226617617436f,0.9079475706541564f,0f,0.14904226617617436f,0.9888308262251285f,-0.07727621467292178f,0f,0f,0f,1f], start_interpolation: 0, interpolation_duration: 1 }
$data merge entity $(bone_right_lower_leg) { transformation: [1f,0f,0f,-0.12499999999999999f,0f,0.7608948589395991f,0.648875191110962f,0.48583617924853445f,0f,-0.648875191110962f,0.7608948589395991f,0.005006482650040889f,0f,0f,0f,1f], start_interpolation: 0, interpolation_duration: 1 }
$data merge entity $(bone_right_leg) { transformation: [1f,0f,0f,-0.12499999999999999f,0f,0.9756303770816586f,0.21942052619456714f,0.8516975706541564f,0f,-0.21942052619456714f,0.9756303770816586f,-0.07727621467292178f,0f,0f,0f,1f], start_interpolation: 0, interpolation_duration: 1 }
$data merge entity $(bone_left_lower_leg) { transformation: [1f,0f,0f,0.125f,0f,0.7608948589395991f,0.648875191110962f,0.48583617924853445f,0f,-0.648875191110962f,0.7608948589395991f,0.005006482650040889f,0f,0f,0f,1f], start_interpolation: 0, interpolation_duration: 1 }
$data merge entity $(bone_left_leg) { transformation: [1f,0f,0f,0.125f,0f,0.9756303770816586f,0.21942052619456714f,0.8516975706541564f,0f,-0.21942052619456714f,0.9756303770816586f,-0.07727621467292178f,0f,0f,0f,1f], start_interpolation: 0, interpolation_duration: 1 }