# This file was generated by Animated Java via MC-Build. It is not recommended to edit this file directly.
$data merge entity $(bone_right_forearm) { transformation: [1f,0f,0f,-0.3125f,0f,1f,0f,1.3040159257370796f,0f,0f,1f,0.02369532341058768f,0f,0f,0f,1f], start_interpolation: 0, interpolation_duration: 1 }
$data merge entity $(bone_right_arm) { transformation: [1f,0f,0f,-0.3125f,0f,1f,0f,1.5540159257370796f,0f,0f,1f,0.02369532341058768f,0f,0f,0f,1f], start_interpolation: 0, interpolation_duration: 1 }
$data merge entity $(bone_left_forearm) { transformation: [1f,0f,0f,0.3125f,0f,1f,0f,1.3040159257370796f,0f,0f,1f,0.02369532341058768f,0f,0f,0f,1f], start_interpolation: 0, interpolation_duration: 1 }
$data merge entity $(bone_left_arm) { transformation: [1f,0f,0f,0.3125f,0f,1f,0f,1.5540159257370796f,0f,0f,1f,0.02369532341058768f,0f,0f,0f,1f], start_interpolation: 0, interpolation_duration: 1 }
$data merge entity $(bone_head) { transformation: [1f,0f,0f,7.79777179453819e-18f,0f,0.9555728057861408f,-0.29475517441090415f,1.6159022460706074f,0f,0.29475517441090415f,0.9555728057861408f,0.0324322196315564f,0f,0f,0f,1f], start_interpolation: 0, interpolation_duration: 1 }
$data merge entity $(bone_torso) { transformation: [1f,0f,0f,7.79777179453819e-18f,0f,0.9901811253364456f,-0.13979033953549946f,0.935152722401801f,0f,0.13979033953549946f,0.9901811253364456f,-0.06367363879909949f,0f,0f,0f,1f], start_interpolation: 0, interpolation_duration: 1 }
$data merge entity $(bone_upper_body) { transformation: [1f,0f,0f,7.79777179453819e-18f,0f,0.9901811253364456f,-0.13979033953549946f,0.935152722401801f,0f,0.13979033953549946f,0.9901811253364456f,-0.06367363879909949f,0f,0f,0f,1f], start_interpolation: 0, interpolation_duration: 1 }
$data merge entity $(bone_right_lower_leg) { transformation: [1f,0f,0f,-0.12499999999999999f,0f,0.8167560726867245f,0.576983117369441f,0.5105450033785428f,0f,-0.576983117369441f,0.8167560726867245f,0.0065943541705472675f,0f,0f,0f,1f], start_interpolation: 0, interpolation_duration: 1 }
$data merge entity $(bone_right_leg) { transformation: [1f,0f,0f,-0.12499999999999999f,0f,0.9822872507286887f,0.18738131458572466f,0.878902722401801f,0f,-0.18738131458572466f,0.9822872507286887f,-0.06367363879909949f,0f,0f,0f,1f], start_interpolation: 0, interpolation_duration: 1 }
$data merge entity $(bone_left_lower_leg) { transformation: [1f,0f,0f,0.125f,0f,0.8167560726867245f,0.576983117369441f,0.5105450033785428f,0f,-0.576983117369441f,0.8167560726867245f,0.0065943541705472675f,0f,0f,0f,1f], start_interpolation: 0, interpolation_duration: 1 }
$data merge entity $(bone_left_leg) { transformation: [1f,0f,0f,0.125f,0f,0.9822872507286887f,0.18738131458572466f,0.878902722401801f,0f,-0.18738131458572466f,0.9822872507286887f,-0.06367363879909949f,0f,0f,0f,1f], start_interpolation: 0, interpolation_duration: 1 }