# This file was generated by Animated Java via MC-Build. It is not recommended to edit this file directly.
$data merge entity $(bone_right_forearm) { transformation: [1f,0f,0f,-0.3125f,0f,1f,0f,0.8512127098326305f,0f,0f,1f,0.012677923284039022f,0f,0f,0f,1f], start_interpolation: 0, interpolation_duration: 1 }
$data merge entity $(bone_right_arm) { transformation: [1f,0f,0f,-0.3125f,0f,1f,0f,1.1012127098326305f,0f,0f,1f,0.012677923284039022f,0f,0f,0f,1f], start_interpolation: 0, interpolation_duration: 1 }
$data merge entity $(bone_left_forearm) { transformation: [1f,0f,0f,0.3125f,0f,1f,0f,0.8512127098326305f,0f,0f,1f,0.012677923284039022f,0f,0f,0f,1f], start_interpolation: 0, interpolation_duration: 1 }
$data merge entity $(bone_left_arm) { transformation: [1f,0f,0f,0.3125f,0f,1f,0f,1.1012127098326305f,0f,0f,1f,0.012677923284039022f,0f,0f,0f,1f], start_interpolation: 0, interpolation_duration: 1 }
$data merge entity $(bone_head) { transformation: [1f,0f,0f,2.0665914735611583e-17f,0f,0.8090169943749475f,-0.587785252292473f,1.1610214808158936f,0f,0.587785252292473f,0.8090169943749475f,0.0308207156124429f,0f,0f,0f,1f], start_interpolation: 0, interpolation_duration: 1 }
$data merge entity $(bone_torso) { transformation: [1f,0f,0f,2.0665914735611583e-17f,0f,0.9569403357322088f,-0.2902846772544624f,0.503125f,0f,0.2902846772544624f,0.9569403357322088f,-0.16874999999999998f,0f,0f,0f,1f], start_interpolation: 0, interpolation_duration: 1 }
$data merge entity $(bone_upper_body) { transformation: [1f,0f,0f,2.0665914735611583e-17f,0f,0.9569403357322088f,-0.2902846772544624f,0.503125f,0f,0.2902846772544624f,0.9569403357322088f,-0.16874999999999998f,0f,0f,0f,1f], start_interpolation: 0, interpolation_duration: 1 }
$data merge entity $(bone_right_lower_leg) { transformation: [1f,0f,0f,-0.12499999999999999f,0f,0.760405965600031f,0.6494480483301835f,0.16172276289998838f,0f,-0.6494480483301835f,0.760405965600031f,0.07479301812381886f,0f,0f,0f,1f], start_interpolation: 0, interpolation_duration: 1 }
$data merge entity $(bone_right_leg) { transformation: [1f,0f,0f,-0.12499999999999999f,0f,0.760405965600031f,0.6494480483301835f,0.446875f,0f,-0.6494480483301835f,0.760405965600031f,-0.16874999999999998f,0f,0f,0f,1f], start_interpolation: 0, interpolation_duration: 1 }
$data merge entity $(bone_left_lower_leg) { transformation: [1f,0f,0f,0.12500000000000003f,0f,0.760405965600031f,0.6494480483301835f,0.16172276289998838f,0f,-0.6494480483301835f,0.760405965600031f,0.07479301812381886f,0f,0f,0f,1f], start_interpolation: 0, interpolation_duration: 1 }
$data merge entity $(bone_left_leg) { transformation: [1f,0f,0f,0.12500000000000003f,0f,0.760405965600031f,0.6494480483301835f,0.446875f,0f,-0.6494480483301835f,0.760405965600031f,-0.16874999999999998f,0f,0f,0f,1f], start_interpolation: 0, interpolation_duration: 1 }