# This file was generated by Animated Java via MC-Build. It is not recommended to edit this file directly.
$data merge entity $(bone_right_forearm) { transformation: [1f,0f,0f,-0.3125f,0f,1f,0f,0.8592623342926207f,0f,0f,1f,0.012509590439951701f,0f,0f,0f,1f], start_interpolation: 0, interpolation_duration: 1 }
$data merge entity $(bone_right_arm) { transformation: [1f,0f,0f,-0.3125f,0f,1f,0f,1.1092623342926207f,0f,0f,1f,0.012509590439951701f,0f,0f,0f,1f], start_interpolation: 0, interpolation_duration: 1 }
$data merge entity $(bone_left_forearm) { transformation: [1f,0f,0f,0.3125f,0f,1f,0f,0.8592623342926207f,0f,0f,1f,0.012509590439951701f,0f,0f,0f,1f], start_interpolation: 0, interpolation_duration: 1 }
$data merge entity $(bone_left_arm) { transformation: [1f,0f,0f,0.3125f,0f,1f,0f,1.1092623342926207f,0f,0f,1f,0.012509590439951701f,0f,0f,0f,1f], start_interpolation: 0, interpolation_duration: 1 }
$data merge entity $(bone_head) { transformation: [1f,0f,0f,2.0206672185931332e-17f,0f,0.8171448983351284f,-0.5764323161697934f,1.1691885677218827f,0f,0.5764323161697934f,0.8171448983351284f,0.030260549483946853f,0f,0f,0f,1f], start_interpolation: 0, interpolation_duration: 1 }
$data merge entity $(bone_torso) { transformation: [1f,0f,0f,2.0206672185931332e-17f,0f,0.958819734868193f,-0.28401534470392276f,0.51f,0f,0.28401534470392276f,0.958819734868193f,-0.16500000000000004f,0f,0f,0f,1f], start_interpolation: 0, interpolation_duration: 1 }
$data merge entity $(bone_upper_body) { transformation: [1f,0f,0f,2.0206672185931332e-17f,0f,0.958819734868193f,-0.28401534470392276f,0.51f,0f,0.28401534470392276f,0.958819734868193f,-0.16500000000000004f,0f,0f,0f,1f], start_interpolation: 0, interpolation_duration: 1 }
$data merge entity $(bone_right_lower_leg) { transformation: [1f,0f,0f,-0.12499999999999999f,0f,0.770513242775789f,0.6374239897486899f,0.1648075339590791f,0f,-0.6374239897486899f,0.770513242775789f,0.07403399615575867f,0f,0f,0f,1f], start_interpolation: 0, interpolation_duration: 1 }
$data merge entity $(bone_right_leg) { transformation: [1f,0f,0f,-0.12499999999999999f,0f,0.770513242775789f,0.6374239897486899f,0.45375f,0f,-0.6374239897486899f,0.770513242775789f,-0.16500000000000004f,0f,0f,0f,1f], start_interpolation: 0, interpolation_duration: 1 }
$data merge entity $(bone_left_lower_leg) { transformation: [1f,0f,0f,0.12500000000000003f,0f,0.770513242775789f,0.6374239897486899f,0.1648075339590791f,0f,-0.6374239897486899f,0.770513242775789f,0.07403399615575867f,0f,0f,0f,1f], start_interpolation: 0, interpolation_duration: 1 }
$data merge entity $(bone_left_leg) { transformation: [1f,0f,0f,0.12500000000000003f,0f,0.770513242775789f,0.6374239897486899f,0.45375f,0f,-0.6374239897486899f,0.770513242775789f,-0.16500000000000004f,0f,0f,0f,1f], start_interpolation: 0, interpolation_duration: 1 }