# This file was generated by Animated Java via MC-Build. It is not recommended to edit this file directly.
$data merge entity $(bone_right_forearm) { transformation: [1f,0f,0f,-0.3125f,0f,1f,0f,1.3286149851054585f,0f,0f,1f,0.0298098435109459f,0f,0f,0f,1f], start_interpolation: 0, interpolation_duration: 1 }
$data merge entity $(bone_right_arm) { transformation: [1f,0f,0f,-0.3125f,0f,1f,0f,1.5786149851054585f,0f,0f,1f,0.0298098435109459f,0f,0f,0f,1f], start_interpolation: 0, interpolation_duration: 1 }
$data merge entity $(bone_left_forearm) { transformation: [1f,0f,0f,0.3125f,0f,1f,0f,1.3286149851054585f,0f,0f,1f,0.0298098435109459f,0f,0f,0f,1f], start_interpolation: 0, interpolation_duration: 1 }
$data merge entity $(bone_left_arm) { transformation: [1f,0f,0f,0.3125f,0f,1f,0f,1.5786149851054585f,0f,0f,1f,0.0298098435109459f,0f,0f,0f,1f], start_interpolation: 0, interpolation_duration: 1 }
$data merge entity $(bone_head) { transformation: [1f,0f,0f,6.339877275322312e-18f,0f,0.9612616959383188f,-0.2756373558169991f,1.640580288941322f,0f,0.2756373558169991f,0.9612616959383188f,0.03796773052469912f,0f,0f,0f,1f], start_interpolation: 0, interpolation_duration: 1 }
$data merge entity $(bone_torso) { transformation: [1f,0f,0f,6.339877275322312e-18f,0f,0.9914448613738104f,-0.13052619222005166f,0.9589619467468271f,0f,0.13052619222005166f,0.9914448613738104f,-0.05176902662658639f,0f,0f,0f,1f], start_interpolation: 0, interpolation_duration: 1 }
$data merge entity $(bone_upper_body) { transformation: [1f,0f,0f,6.339877275322312e-18f,0f,0.9914448613738104f,-0.13052619222005166f,0.9589619467468271f,0f,0.13052619222005166f,0.9914448613738104f,-0.05176902662658639f,0f,0f,0f,1f], start_interpolation: 0, interpolation_duration: 1 }
$data merge entity $(bone_right_lower_leg) { transformation: [1f,0f,0f,-0.125f,0f,0.871740606767732f,0.4899676668028477f,0.5324059259108768f,0f,-0.4899676668028477f,0.871740606767732f,0.007378677746827239f,0f,0f,0f,1f], start_interpolation: 0, interpolation_duration: 1 }
$data merge entity $(bone_right_leg) { transformation: [1f,0f,0f,-0.125f,0f,0.9874827222292009f,0.15772721166243633f,0.9027119467468271f,0f,-0.15772721166243633f,0.9874827222292009f,-0.05176902662658639f,0f,0f,0f,1f], start_interpolation: 0, interpolation_duration: 1 }
$data merge entity $(bone_left_lower_leg) { transformation: [1f,0f,0f,0.125f,0f,0.871740606767732f,0.4899676668028477f,0.5324059259108768f,0f,-0.4899676668028477f,0.871740606767732f,0.007378677746827239f,0f,0f,0f,1f], start_interpolation: 0, interpolation_duration: 1 }
$data merge entity $(bone_left_leg) { transformation: [1f,0f,0f,0.125f,0f,0.9874827222292009f,0.15772721166243633f,0.9027119467468271f,0f,-0.15772721166243633f,0.9874827222292009f,-0.05176902662658639f,0f,0f,0f,1f], start_interpolation: 0, interpolation_duration: 1 }