# This file was generated by Animated Java via MC-Build. It is not recommended to edit this file directly.
$data merge entity $(bone_right_forearm) { transformation: [1f,0f,0f,-0.3125f,0f,1.0000000000000002f,0f,0.8672862883487096f,0f,0f,1.0000000000000002f,0.012333653675807604f,0f,0f,0f,1f], start_interpolation: 0, interpolation_duration: 1 }
$data merge entity $(bone_right_arm) { transformation: [1f,0f,0f,-0.3125f,0f,1.0000000000000002f,0f,1.1172862883487096f,0f,0f,1.0000000000000002f,0.012333653675807604f,0f,0f,0f,1f], start_interpolation: 0, interpolation_duration: 1 }
$data merge entity $(bone_left_forearm) { transformation: [1f,0f,0f,0.3125f,0f,1.0000000000000002f,0f,0.8672862883487096f,0f,0f,1.0000000000000002f,0.012333653675807604f,0f,0f,0f,1f], start_interpolation: 0, interpolation_duration: 1 }
$data merge entity $(bone_left_arm) { transformation: [1f,0f,0f,0.3125f,0f,1.0000000000000002f,0f,1.1172862883487096f,0f,0f,1.0000000000000002f,0.012333653675807604f,0f,0f,0f,1f], start_interpolation: 0, interpolation_duration: 1 }
$data merge entity $(bone_head) { transformation: [1f,0f,0f,1.9747429636251067e-17f,0f,0.8251134982782953f,-0.5649670034249378f,1.1773274171835806f,0f,0.5649670034249378f,0.8251134982782953f,0.029692019043388362f,0f,0f,0f,1f], start_interpolation: 0, interpolation_duration: 1 }
$data merge entity $(bone_torso) { transformation: [1f,0f,0f,1.9747429636251067e-17f,0f,0.9606580613579354f,-0.27773384588129213f,0.516875f,0f,0.27773384588129213f,0.9606580613579354f,-0.16124999999999998f,0f,0f,0f,1f], start_interpolation: 0, interpolation_duration: 1 }
$data merge entity $(bone_upper_body) { transformation: [1f,0f,0f,1.9747429636251067e-17f,0f,0.9606580613579354f,-0.27773384588129213f,0.516875f,0f,0.27773384588129213f,0.9606580613579354f,-0.16124999999999998f,0f,0f,0f,1f], start_interpolation: 0, interpolation_duration: 1 }
$data merge entity $(bone_right_lower_leg) { transformation: [1f,0f,0f,-0.12499999999999999f,0f,0.7804304073383298f,0.6252426563357051f,0.16796359724812626f,0f,-0.6252426563357051f,0.7804304073383298f,0.07321599612588944f,0f,0f,0f,1f], start_interpolation: 0, interpolation_duration: 1 }
$data merge entity $(bone_right_leg) { transformation: [1f,0f,0f,-0.12499999999999999f,0f,0.7804304073383298f,0.6252426563357051f,0.46062499999999995f,0f,-0.6252426563357051f,0.7804304073383298f,-0.16124999999999998f,0f,0f,0f,1f], start_interpolation: 0, interpolation_duration: 1 }
$data merge entity $(bone_left_lower_leg) { transformation: [1f,0f,0f,0.12500000000000003f,0f,0.7804304073383298f,0.6252426563357051f,0.16796359724812626f,0f,-0.6252426563357051f,0.7804304073383298f,0.07321599612588944f,0f,0f,0f,1f], start_interpolation: 0, interpolation_duration: 1 }
$data merge entity $(bone_left_leg) { transformation: [1f,0f,0f,0.12500000000000003f,0f,0.7804304073383298f,0.6252426563357051f,0.46062499999999995f,0f,-0.6252426563357051f,0.7804304073383298f,-0.16124999999999998f,0f,0f,0f,1f], start_interpolation: 0, interpolation_duration: 1 }