# This file was generated by Animated Java via MC-Build. It is not recommended to edit this file directly.
$data merge entity $(bone_right_forearm) { transformation: [1f,0f,0f,-0.3125f,0f,1f,0f,1.3499903412616474f,0f,0f,1f,0.034332465746618246f,0f,0f,0f,1f], start_interpolation: 0, interpolation_duration: 1 }
$data merge entity $(bone_right_arm) { transformation: [1f,0f,0f,-0.3125f,0f,1f,0f,1.5999903412616474f,0f,0f,1f,0.034332465746618246f,0f,0f,0f,1f], start_interpolation: 0, interpolation_duration: 1 }
$data merge entity $(bone_left_forearm) { transformation: [1f,0f,0f,0.3125f,0f,1f,0f,1.3499903412616474f,0f,0f,1f,0.034332465746618246f,0f,0f,0f,1f], start_interpolation: 0, interpolation_duration: 1 }
$data merge entity $(bone_left_arm) { transformation: [1f,0f,0f,0.3125f,0f,1f,0f,1.5999903412616474f,0f,0f,1f,0.034332465746618246f,0f,0f,0f,1f], start_interpolation: 0, interpolation_duration: 1 }
$data merge entity $(bone_head) { transformation: [1f,0f,0f,5.0760606318815954e-18f,0f,0.9665681438385473f,-0.2564098736720284f,1.6620292115028712f,0f,0.2564098736720284f,0.9665681438385473f,0.0419106303788096f,0f,0f,0f,1f], start_interpolation: 0, interpolation_duration: 1 }
$data merge entity $(bone_torso) { transformation: [1f,0f,0f,5.0760606318815954e-18f,0f,0.9926219238595808f,-0.12125063411506157f,0.9796016388494095f,0f,0.12125063411506157f,0.9926219238595808f,-0.04144918057529523f,0f,0f,0f,1f], start_interpolation: 0, interpolation_duration: 1 }
$data merge entity $(bone_upper_body) { transformation: [1f,0f,0f,5.0760606318815954e-18f,0f,0.9926219238595808f,-0.12125063411506157f,0.9796016388494095f,0f,0.12125063411506157f,0.9926219238595808f,-0.04144918057529523f,0f,0f,0f,1f], start_interpolation: 0, interpolation_duration: 1 }
$data merge entity $(bone_right_lower_leg) { transformation: [1f,0f,0f,-0.125f,0f,0.9211409589422792f,0.3892291532746466f,0.5515598158342306f,0f,-0.3892291532746466f,0.9211409589422792f,0.007498141507224054f,0f,0f,0f,1f], start_interpolation: 0, interpolation_duration: 1 }
$data merge entity $(bone_right_leg) { transformation: [1f,0f,0f,-0.125f,0f,0.9914448613738104f,0.13052619222005143f,0.9233516388494095f,0f,-0.13052619222005143f,0.9914448613738104f,-0.04144918057529523f,0f,0f,0f,1f], start_interpolation: 0, interpolation_duration: 1 }
$data merge entity $(bone_left_lower_leg) { transformation: [1f,0f,0f,0.125f,0f,0.9211409589422792f,0.3892291532746466f,0.5515598158342306f,0f,-0.3892291532746466f,0.9211409589422792f,0.007498141507224054f,0f,0f,0f,1f], start_interpolation: 0, interpolation_duration: 1 }
$data merge entity $(bone_left_leg) { transformation: [1f,0f,0f,0.125f,0f,0.9914448613738104f,0.13052619222005143f,0.9233516388494095f,0f,-0.13052619222005143f,0.9914448613738104f,-0.04144918057529523f,0f,0f,0f,1f], start_interpolation: 0, interpolation_duration: 1 }