# This file was generated by Animated Java via MC-Build. It is not recommended to edit this file directly.
$data merge entity $(bone_right_forearm) { transformation: [1f,0f,0f,-0.3125f,0f,1f,0f,1.3683683250529985f,0f,0f,1f,0.03737689449942845f,0f,0f,0f,1f], start_interpolation: 0, interpolation_duration: 1 }
$data merge entity $(bone_right_arm) { transformation: [1f,0f,0f,-0.3125f,0f,1f,0f,1.6183683250529985f,0f,0f,1f,0.03737689449942845f,0f,0f,0f,1f], start_interpolation: 0, interpolation_duration: 1 }
$data merge entity $(bone_left_forearm) { transformation: [1f,0f,0f,0.3125f,0f,1f,0f,1.3683683250529985f,0f,0f,1f,0.03737689449942845f,0f,0f,0f,1f], start_interpolation: 0, interpolation_duration: 1 }
$data merge entity $(bone_left_arm) { transformation: [1f,0f,0f,0.3125f,0f,1f,0f,1.6183683250529985f,0f,0f,1f,0.03737689449942845f,0f,0f,0f,1f], start_interpolation: 0, interpolation_duration: 1 }
$data merge entity $(bone_head) { transformation: [1f,0f,0f,3.992459158803557e-18f,0f,0.9714900382928675f,-0.23708037771549745f,1.6804753381713264f,0f,0.23708037771549745f,0.9714900382928675f,0.04437467425588519f,0f,0f,0f,1f], start_interpolation: 0, interpolation_duration: 1 }
$data merge entity $(bone_torso) { transformation: [1f,0f,0f,3.992459158803557e-18f,0f,0.9937122098932426f,-0.11196447610330787f,0.9972981938697221f,0f,0.11196447610330787f,0.9937122098932426f,-0.032600903065138964f,0f,0f,0f,1f], start_interpolation: 0, interpolation_duration: 1 }
$data merge entity $(bone_upper_body) { transformation: [1f,0f,0f,3.992459158803557e-18f,0f,0.9937122098932426f,-0.11196447610330787f,0.9972981938697221f,0f,0.11196447610330787f,0.9937122098932426f,-0.032600903065138964f,0f,0f,0f,1f], start_interpolation: 0, interpolation_duration: 1 }
$data merge entity $(bone_right_lower_leg) { transformation: [1f,0f,0f,-0.125f,0f,0.9547277308527614f,0.29748102450532404f,0.5681541128975419f,0f,-0.29748102450532404f,0.9547277308527614f,0.007085421732115273f,0f,0f,0f,1f], start_interpolation: 0, interpolation_duration: 1 }
$data merge entity $(bone_right_leg) { transformation: [1f,0f,0f,-0.125f,0f,0.9943842159258137f,0.10583019945934463f,0.941048193869722f,0f,-0.10583019945934463f,0.9943842159258137f,-0.032600903065138964f,0f,0f,0f,1f], start_interpolation: 0, interpolation_duration: 1 }
$data merge entity $(bone_left_lower_leg) { transformation: [1f,0f,0f,0.125f,0f,0.9547277308527614f,0.29748102450532404f,0.5681541128975419f,0f,-0.29748102450532404f,0.9547277308527614f,0.007085421732115273f,0f,0f,0f,1f], start_interpolation: 0, interpolation_duration: 1 }
$data merge entity $(bone_left_leg) { transformation: [1f,0f,0f,0.125f,0f,0.9943842159258137f,0.10583019945934463f,0.941048193869722f,0f,-0.10583019945934463f,0.9943842159258137f,-0.032600903065138964f,0f,0f,0f,1f], start_interpolation: 0, interpolation_duration: 1 }