# This file was generated by Animated Java via MC-Build. It is not recommended to edit this file directly.
$data merge entity $(bone_right_forearm) { transformation: [1f,0f,0f,-0.3125f,0f,0.9999999999999999f,0f,1.3839752720681933f,0f,0f,0.9999999999999999f,0.0390568347303628f,0f,0f,0f,1f], start_interpolation: 0, interpolation_duration: 1 }
$data merge entity $(bone_right_arm) { transformation: [1f,0f,0f,-0.3125f,0f,0.9999999999999999f,0f,1.6339752720681933f,0f,0f,0.9999999999999999f,0.0390568347303628f,0f,0f,0f,1f], start_interpolation: 0, interpolation_duration: 1 }
$data merge entity $(bone_left_forearm) { transformation: [1f,0f,0f,0.3125f,0f,0.9999999999999999f,0f,1.3839752720681933f,0f,0f,0.9999999999999999f,0.0390568347303628f,0f,0f,0f,1f], start_interpolation: 0, interpolation_duration: 1 }
$data merge entity $(bone_left_arm) { transformation: [1f,0f,0f,0.3125f,0f,0.9999999999999999f,0f,1.6339752720681933f,0f,0f,0.9999999999999999f,0.0390568347303628f,0f,0f,0f,1f], start_interpolation: 0, interpolation_duration: 1 }
$data merge entity $(bone_head) { transformation: [1f,0f,0f,3.075210150675647e-18f,0f,0.9760254211036244f,-0.21765655827356228f,1.6961449985782184f,0f,0.21765655827356228f,0.9760254211036244f,0.04547361785500208f,0f,0f,0f,1f], start_interpolation: 0, interpolation_duration: 1 }
$data merge entity $(bone_torso) { transformation: [1f,0f,0f,3.075210150675647e-18f,0f,0.994715624160405f,-0.10266852999422846f,1.01227800696794f,0f,0.10266852999422846f,0.994715624160405f,-0.025110996516029993f,0f,0f,0f,1f], start_interpolation: 0, interpolation_duration: 1 }
$data merge entity $(bone_upper_body) { transformation: [1f,0f,0f,3.075210150675647e-18f,0f,0.994715624160405f,-0.10266852999422846f,1.01227800696794f,0f,0.10266852999422846f,0.994715624160405f,-0.025110996516029993f,0f,0f,0f,1f], start_interpolation: 0, interpolation_duration: 1 }
$data merge entity $(bone_right_lower_leg) { transformation: [1f,0f,0f,-0.125f,0f,0.9755799908268348f,0.21964444335860894f,0.5823431847493759f,0f,-0.21964444335860894f,0.9755799908268348f,0.006268194733588278f,0f,0f,0f,1f], start_interpolation: 0, interpolation_duration: 1 }
$data merge entity $(bone_right_leg) { transformation: [1f,0f,0f,-0.125f,0f,0.9964928592495044f,0.08367784333231539f,0.95602800696794f,0f,-0.08367784333231539f,0.9964928592495044f,-0.025110996516029993f,0f,0f,0f,1f], start_interpolation: 0, interpolation_duration: 1 }
$data merge entity $(bone_left_lower_leg) { transformation: [1f,0f,0f,0.125f,0f,0.9755799908268348f,0.21964444335860894f,0.5823431847493759f,0f,-0.21964444335860894f,0.9755799908268348f,0.006268194733588278f,0f,0f,0f,1f], start_interpolation: 0, interpolation_duration: 1 }
$data merge entity $(bone_left_leg) { transformation: [1f,0f,0f,0.125f,0f,0.9964928592495044f,0.08367784333231539f,0.95602800696794f,0f,-0.08367784333231539f,0.9964928592495044f,-0.025110996516029993f,0f,0f,0f,1f], start_interpolation: 0, interpolation_duration: 1 }