# This file was generated by Animated Java via MC-Build. It is not recommended to edit this file directly.
$data merge entity $(bone_right_forearm) { transformation: [1f,0f,0f,-0.3125f,0f,1f,0f,1.3970375226424459f,0f,0f,1f,0.039485991935212864f,0f,0f,0f,1f], start_interpolation: 0, interpolation_duration: 1 }
$data merge entity $(bone_right_arm) { transformation: [1f,0f,0f,-0.3125f,0f,1f,0f,1.6470375226424459f,0f,0f,1f,0.039485991935212864f,0f,0f,0f,1f], start_interpolation: 0, interpolation_duration: 1 }
$data merge entity $(bone_left_forearm) { transformation: [1f,0f,0f,0.3125f,0f,1f,0f,1.3970375226424459f,0f,0f,1f,0.039485991935212864f,0f,0f,0f,1f], start_interpolation: 0, interpolation_duration: 1 }
$data merge entity $(bone_left_arm) { transformation: [1f,0f,0f,0.3125f,0f,1f,0f,1.6470375226424459f,0f,0f,1f,0.039485991935212864f,0f,0f,0f,1f], start_interpolation: 0, interpolation_duration: 1 }
$data merge entity $(bone_head) { transformation: [1f,0f,0f,2.3104509020853898e-18f,0f,0.9801724878485438f,-0.19814614319939772f,1.7092645275762668f,0f,0.19814614319939772f,0.9801724878485438f,0.04532121746352229f,0f,0f,0f,1f], start_interpolation: 0, interpolation_duration: 1 }
$data merge entity $(bone_torso) { transformation: [1f,0f,0f,2.3104509020853898e-18f,0f,0.9956320789411338f,-0.0933636084529507f,1.0247674733042373f,0f,0.0933636084529507f,0.9956320789411338f,-0.01886626334788133f,0f,0f,0f,1f], start_interpolation: 0, interpolation_duration: 1 }
$data merge entity $(bone_upper_body) { transformation: [1f,0f,0f,2.3104509020853898e-18f,0f,0.9956320789411338f,-0.0933636084529507f,1.0247674733042373f,0f,0.0933636084529507f,0.9956320789411338f,-0.01886626334788133f,0f,0f,0f,1f], start_interpolation: 0, interpolation_duration: 1 }
$data merge entity $(bone_right_lower_leg) { transformation: [1f,0f,0f,-0.125f,0f,0.9877988218503966f,0.15573531247269706f,0.5942885930012054f,0f,-0.15573531247269706f,0.9877988218503966f,0.005170066387314744f,0f,0f,0f,1f], start_interpolation: 0, interpolation_duration: 1 }
$data merge entity $(bone_right_leg) { transformation: [1f,0f,0f,-0.125f,0f,0.9979436808080849f,0.0640968792938562f,0.9685174733042373f,0f,-0.0640968792938562f,0.9979436808080849f,-0.01886626334788133f,0f,0f,0f,1f], start_interpolation: 0, interpolation_duration: 1 }
$data merge entity $(bone_left_lower_leg) { transformation: [1f,0f,0f,0.125f,0f,0.9877988218503966f,0.15573531247269706f,0.5942885930012054f,0f,-0.15573531247269706f,0.9877988218503966f,0.005170066387314744f,0f,0f,0f,1f], start_interpolation: 0, interpolation_duration: 1 }
$data merge entity $(bone_left_leg) { transformation: [1f,0f,0f,0.125f,0f,0.9979436808080849f,0.0640968792938562f,0.9685174733042373f,0f,-0.0640968792938562f,0.9979436808080849f,-0.01886626334788133f,0f,0f,0f,1f], start_interpolation: 0, interpolation_duration: 1 }