# This file was generated by Animated Java via MC-Build. It is not recommended to edit this file directly.
$data merge entity $(bone_right_forearm) { transformation: [1f,0f,0f,-0.3125f,0f,1f,0f,0.8912036414306677f,0f,0f,1f,0.011761903189075468f,0f,0f,0f,1f], start_interpolation: 0, interpolation_duration: 1 }
$data merge entity $(bone_right_arm) { transformation: [1f,0f,0f,-0.3125f,0f,1f,0f,1.1412036414306677f,0f,0f,1f,0.011761903189075468f,0f,0f,0f,1f], start_interpolation: 0, interpolation_duration: 1 }
$data merge entity $(bone_left_forearm) { transformation: [1f,0f,0f,0.3125f,0f,1f,0f,0.8912036414306677f,0f,0f,1f,0.011761903189075468f,0f,0f,0f,1f], start_interpolation: 0, interpolation_duration: 1 }
$data merge entity $(bone_left_arm) { transformation: [1f,0f,0f,0.3125f,0f,1f,0f,1.1412036414306677f,0f,0f,1f,0.011761903189075468f,0f,0f,0f,1f], start_interpolation: 0, interpolation_duration: 1 }
$data merge entity $(bone_head) { transformation: [1f,0f,0f,1.83697019872103e-17f,0f,0.8480480961564261f,-0.5299192642332049f,1.2015740055737343f,0f,0.5299192642332049f,0.8480480961564261f,0.027938093507983014f,0f,0f,0f,1f], start_interpolation: 0, interpolation_duration: 1 }
$data merge entity $(bone_torso) { transformation: [1f,0f,0f,1.83697019872103e-17f,0f,0.9659258262890683f,-0.2588190451025208f,0.5375f,0f,0.2588190451025208f,0.9659258262890683f,-0.15000000000000002f,0f,0f,0f,1f], start_interpolation: 0, interpolation_duration: 1 }
$data merge entity $(bone_upper_body) { transformation: [1f,0f,0f,1.83697019872103e-17f,0f,0.9659258262890683f,-0.2588190451025208f,0.5375f,0f,0.2588190451025208f,0.9659258262890683f,-0.15000000000000002f,0f,0f,0f,1f], start_interpolation: 0, interpolation_duration: 1 }
$data merge entity $(bone_right_lower_leg) { transformation: [1f,0f,0f,-0.12499999999999999f,0f,0.8090169943749475f,0.587785252292473f,0.17786862710939466f,0f,-0.587785252292473f,0.8090169943749475f,0.07041946960967738f,0f,0f,0f,1f], start_interpolation: 0, interpolation_duration: 1 }
$data merge entity $(bone_right_leg) { transformation: [1f,0f,0f,-0.12499999999999999f,0f,0.8090169943749475f,0.587785252292473f,0.48124999999999996f,0f,-0.587785252292473f,0.8090169943749475f,-0.15000000000000002f,0f,0f,0f,1f], start_interpolation: 0, interpolation_duration: 1 }
$data merge entity $(bone_left_lower_leg) { transformation: [1f,0f,0f,0.12500000000000003f,0f,0.8090169943749475f,0.587785252292473f,0.17786862710939466f,0f,-0.587785252292473f,0.8090169943749475f,0.07041946960967738f,0f,0f,0f,1f], start_interpolation: 0, interpolation_duration: 1 }
$data merge entity $(bone_left_leg) { transformation: [1f,0f,0f,0.12500000000000003f,0f,0.8090169943749475f,0.587785252292473f,0.48124999999999996f,0f,-0.587785252292473f,0.8090169943749475f,-0.15000000000000002f,0f,0f,0f,1f], start_interpolation: 0, interpolation_duration: 1 }