# This file was generated by Animated Java via MC-Build. It is not recommended to edit this file directly.
$data merge entity $(bone_right_forearm) { transformation: [1f,0f,0f,-0.3125f,0f,0.9999999999999999f,0f,1.4077814218623008f,0f,0f,0.9999999999999999f,0.038778072100174296f,0f,0f,0f,1f], start_interpolation: 0, interpolation_duration: 1 }
$data merge entity $(bone_right_arm) { transformation: [1f,0f,0f,-0.3125f,0f,0.9999999999999999f,0f,1.6577814218623008f,0f,0f,0.9999999999999999f,0.038778072100174296f,0f,0f,0f,1f], start_interpolation: 0, interpolation_duration: 1 }
$data merge entity $(bone_left_forearm) { transformation: [1f,0f,0f,0.3125f,0f,0.9999999999999999f,0f,1.4077814218623008f,0f,0f,0.9999999999999999f,0.038778072100174296f,0f,0f,0f,1f], start_interpolation: 0, interpolation_duration: 1 }
$data merge entity $(bone_left_arm) { transformation: [1f,0f,0f,0.3125f,0f,0.9999999999999999f,0f,1.6577814218623008f,0f,0f,0.9999999999999999f,0.038778072100174296f,0f,0f,0f,1f], start_interpolation: 0, interpolation_duration: 1 }
$data merge entity $(bone_head) { transformation: [1f,0f,0f,1.6843187076202487e-18f,0f,0.9839295885986297f,-0.17855689479863676f,1.7200602652446522f,0f,0.17855689479863676f,0.9839295885986297f,0.04403122990825228f,0f,0f,0f,1f], start_interpolation: 0, interpolation_duration: 1 }
$data merge entity $(bone_torso) { transformation: [1f,0f,0f,1.6843187076202487e-18f,0f,0.9964614941176191f,-0.08405052492924765f,1.034992988038789f,0f,0.08405052492924765f,0.9964614941176191f,-0.013753505980605485f,0f,0f,0f,1f], start_interpolation: 0, interpolation_duration: 1 }
$data merge entity $(bone_upper_body) { transformation: [1f,0f,0f,1.6843187076202487e-18f,0f,0.9964614941176191f,-0.08405052492924765f,1.034992988038789f,0f,0.08405052492924765f,0.9964614941176191f,-0.013753505980605485f,0f,0f,0f,1f], start_interpolation: 0, interpolation_duration: 1 }
$data merge entity $(bone_right_lower_leg) { transformation: [1f,0f,0f,-0.125f,0f,0.9944710363546246f,0.10501122726527423f,0.6041592849280502f,0f,-0.10501122726527423f,0.9944710363546246f,0.003911413035510576f,0f,0f,0f,1f], start_interpolation: 0, interpolation_duration: 1 }
$data merge entity $(bone_right_leg) { transformation: [1f,0f,0f,-0.125f,0f,0.99888987496197f,0.04710645070964283f,0.9787429880387889f,0f,-0.04710645070964283f,0.99888987496197f,-0.013753505980605485f,0f,0f,0f,1f], start_interpolation: 0, interpolation_duration: 1 }
$data merge entity $(bone_left_lower_leg) { transformation: [1f,0f,0f,0.125f,0f,0.9944710363546246f,0.10501122726527423f,0.6041592849280502f,0f,-0.10501122726527423f,0.9944710363546246f,0.003911413035510576f,0f,0f,0f,1f], start_interpolation: 0, interpolation_duration: 1 }
$data merge entity $(bone_left_leg) { transformation: [1f,0f,0f,0.125f,0f,0.99888987496197f,0.04710645070964283f,0.9787429880387889f,0f,-0.04710645070964283f,0.99888987496197f,-0.013753505980605485f,0f,0f,0f,1f], start_interpolation: 0, interpolation_duration: 1 }