# This file was generated by Animated Java via MC-Build. It is not recommended to edit this file directly.
$data merge entity $(bone_right_forearm) { transformation: [1f,0f,0f,-0.3125f,0f,1f,0f,0.9070193185667215f,0f,0f,1f,0.011345808143120667f,0f,0f,0f,1f], start_interpolation: 0, interpolation_duration: 1 }
$data merge entity $(bone_right_arm) { transformation: [1f,0f,0f,-0.3125f,0f,1f,0f,1.1570193185667215f,0f,0f,1f,0.011345808143120667f,0f,0f,0f,1f], start_interpolation: 0, interpolation_duration: 1 }
$data merge entity $(bone_left_forearm) { transformation: [1f,0f,0f,0.3125f,0f,1f,0f,0.9070193185667215f,0f,0f,1f,0.011345808143120667f,0f,0f,0f,1f], start_interpolation: 0, interpolation_duration: 1 }
$data merge entity $(bone_left_arm) { transformation: [1f,0f,0f,0.3125f,0f,1f,0f,1.1570193185667215f,0f,0f,1f,0.011345808143120667f,0f,0f,0f,1f], start_interpolation: 0, interpolation_duration: 1 }
$data merge entity $(bone_head) { transformation: [1f,0f,0f,1.7451216887849785e-17f,0f,0.8625136692072575f,-0.5060337641211639f,1.2175962504233937f,0f,0.5060337641211639f,0.8625136692072575f,0.026730388957432738f,0f,0f,0f,1f], start_interpolation: 0, interpolation_duration: 1 }
$data merge entity $(bone_torso) { transformation: [1f,0f,0f,1.7451216887849785e-17f,0f,0.9692309097067544f,-0.2461532930289931f,0.55125f,0f,0.2461532930289931f,0.9692309097067544f,-0.14250000000000002f,0f,0f,0f,1f], start_interpolation: 0, interpolation_duration: 1 }
$data merge entity $(bone_upper_body) { transformation: [1f,0f,0f,1.7451216887849785e-17f,0f,0.9692309097067544f,-0.2461532930289931f,0.55125f,0f,0.2461532930289931f,0.9692309097067544f,-0.14250000000000002f,0f,0f,0f,1f], start_interpolation: 0, interpolation_duration: 1 }
$data merge entity $(bone_right_lower_leg) { transformation: [1f,0f,0f,-0.12499999999999999f,0f,0.8270805742745617f,0.5620833778521307f,0.18484478464703935f,0f,-0.5620833778521307f,0.8270805742745617f,0.06828126669454898f,0f,0f,0f,1f], start_interpolation: 0, interpolation_duration: 1 }
$data merge entity $(bone_right_leg) { transformation: [1f,0f,0f,-0.12499999999999999f,0f,0.8270805742745617f,0.5620833778521307f,0.495f,0f,-0.5620833778521307f,0.8270805742745617f,-0.14250000000000002f,0f,0f,0f,1f], start_interpolation: 0, interpolation_duration: 1 }
$data merge entity $(bone_left_lower_leg) { transformation: [1f,0f,0f,0.12500000000000003f,0f,0.8270805742745617f,0.5620833778521307f,0.18484478464703935f,0f,-0.5620833778521307f,0.8270805742745617f,0.06828126669454898f,0f,0f,0f,1f], start_interpolation: 0, interpolation_duration: 1 }
$data merge entity $(bone_left_leg) { transformation: [1f,0f,0f,0.12500000000000003f,0f,0.8270805742745617f,0.5620833778521307f,0.495f,0f,-0.5620833778521307f,0.8270805742745617f,-0.14250000000000002f,0f,0f,0f,1f], start_interpolation: 0, interpolation_duration: 1 }