# This file was generated by Animated Java via MC-Build. It is not recommended to edit this file directly.
$data merge entity $(bone_right_forearm) { transformation: [1f,0f,0f,-0.3125f,0f,0.9999999999999999f,0f,1.416433319570007f,0f,0f,0.9999999999999999f,0.03704678165739989f,0f,0f,0f,1f], start_interpolation: 0, interpolation_duration: 1 }
$data merge entity $(bone_right_arm) { transformation: [1f,0f,0f,-0.3125f,0f,0.9999999999999999f,0f,1.666433319570007f,0f,0f,0.9999999999999999f,0.03704678165739989f,0f,0f,0f,1f], start_interpolation: 0, interpolation_duration: 1 }
$data merge entity $(bone_left_forearm) { transformation: [1f,0f,0f,0.3125f,0f,0.9999999999999999f,0f,1.416433319570007f,0f,0f,0.9999999999999999f,0.03704678165739989f,0f,0f,0f,1f], start_interpolation: 0, interpolation_duration: 1 }
$data merge entity $(bone_left_arm) { transformation: [1f,0f,0f,0.3125f,0f,0.9999999999999999f,0f,1.666433319570007f,0f,0f,0.9999999999999999f,0.03704678165739989f,0f,0f,0f,1f], start_interpolation: 0, interpolation_duration: 1 }
$data merge entity $(bone_head) { transformation: [1f,0f,0f,1.1829508618677209e-18f,0f,0.9872952285745957f,-0.15889660674110317f,1.7287585568938306f,0f,0.15889660674110317f,0.9872952285745957f,0.04171741250655141f,0f,0f,0f,1f], start_interpolation: 0, interpolation_duration: 1 }
$data merge entity $(bone_torso) { transformation: [1f,0f,0f,1.1829508618677209e-18f,0f,0.9972037971811801f,-0.07473009358642423f,1.0431809463317694f,0f,0.07473009358642423f,0.9972037971811801f,-0.00965952683411525f,0f,0f,0f,1f], start_interpolation: 0, interpolation_duration: 1 }
$data merge entity $(bone_upper_body) { transformation: [1f,0f,0f,1.1829508618677209e-18f,0f,0.9972037971811801f,-0.07473009358642423f,1.0431809463317694f,0f,0.07473009358642423f,0.9972037971811801f,-0.00965952683411525f,0f,0f,0f,1f], start_interpolation: 0, interpolation_duration: 1 }
$data merge entity $(bone_right_lower_leg) { transformation: [1f,0f,0f,-0.125f,0f,0.9978005220737982f,0.06628814486207688f,0.6121317260281323f,0f,-0.06628814486207688f,0.9978005220737982f,0.0026101292240507876f,0f,0f,0f,1f], start_interpolation: 0, interpolation_duration: 1 }
$data merge entity $(bone_right_leg) { transformation: [1f,0f,0f,-0.125f,0f,0.9994645874763657f,0.0327190828217761f,0.9869309463317694f,0f,-0.0327190828217761f,0.9994645874763657f,-0.00965952683411525f,0f,0f,0f,1f], start_interpolation: 0, interpolation_duration: 1 }
$data merge entity $(bone_left_lower_leg) { transformation: [1f,0f,0f,0.125f,0f,0.9978005220737982f,0.06628814486207688f,0.6121317260281323f,0f,-0.06628814486207688f,0.9978005220737982f,0.0026101292240507876f,0f,0f,0f,1f], start_interpolation: 0, interpolation_duration: 1 }
$data merge entity $(bone_left_leg) { transformation: [1f,0f,0f,0.125f,0f,0.9994645874763657f,0.0327190828217761f,0.9869309463317694f,0f,-0.0327190828217761f,0.9994645874763657f,-0.00965952683411525f,0f,0f,0f,1f], start_interpolation: 0, interpolation_duration: 1 }