# This file was generated by Animated Java via MC-Build. It is not recommended to edit this file directly.
$data merge entity $(bone_right_forearm) { transformation: [1f,0f,0f,-0.3125f,0f,0.9999999999999999f,0f,1.4232195703674806f,0f,0f,0.9999999999999999f,0.03440582744051614f,0f,0f,0f,1f], start_interpolation: 0, interpolation_duration: 1 }
$data merge entity $(bone_right_arm) { transformation: [1f,0f,0f,-0.3125f,0f,0.9999999999999999f,0f,1.6732195703674806f,0f,0f,0.9999999999999999f,0.03440582744051614f,0f,0f,0f,1f], start_interpolation: 0, interpolation_duration: 1 }
$data merge entity $(bone_left_forearm) { transformation: [1f,0f,0f,0.3125f,0f,0.9999999999999999f,0f,1.4232195703674806f,0f,0f,0.9999999999999999f,0.03440582744051614f,0f,0f,0f,1f], start_interpolation: 0, interpolation_duration: 1 }
$data merge entity $(bone_left_arm) { transformation: [1f,0f,0f,0.3125f,0f,0.9999999999999999f,0f,1.6732195703674806f,0f,0f,0.9999999999999999f,0.03440582744051614f,0f,0f,0f,1f], start_interpolation: 0, interpolation_duration: 1 }
$data merge entity $(bone_head) { transformation: [1f,0f,0f,7.924846594152899e-19f,0f,0.9902680687415703f,-0.1391731009600654f,1.7355857530698933f,0f,0.1391731009600654f,0.9902680687415703f,0.038493523017400076f,0f,0f,0f,1f], start_interpolation: 0, interpolation_duration: 1 }
$data merge entity $(bone_torso) { transformation: [1f,0f,0f,7.924846594152899e-19f,0f,0.9978589232386035f,-0.0654031292301431f,1.0495577433433534f,0f,0.0654031292301431f,0.9978589232386035f,-0.006471128328323306f,0f,0f,0f,1f], start_interpolation: 0, interpolation_duration: 1 }
$data merge entity $(bone_upper_body) { transformation: [1f,0f,0f,7.924846594152899e-19f,0f,0.9978589232386035f,-0.0654031292301431f,1.0495577433433534f,0f,0.0654031292301431f,0.9978589232386035f,-0.006471128328323306f,0f,0f,0f,1f], start_interpolation: 0, interpolation_duration: 1 }
$data merge entity $(bone_right_lower_leg) { transformation: [1f,0f,0f,-0.125f,0f,0.9992722539831409f,0.0381439696341781f,0.6183899870402862f,0f,-0.0381439696341781f,0.9992722539831409f,0.001382279127935565f,0f,0f,0f,1f], start_interpolation: 0, interpolation_duration: 1 }
$data merge entity $(bone_right_leg) { transformation: [1f,0f,0f,-0.125f,0f,0.9997806834748455f,0.02094241988335699f,0.9933077433433534f,0f,-0.02094241988335699f,0.9997806834748455f,-0.006471128328323306f,0f,0f,0f,1f], start_interpolation: 0, interpolation_duration: 1 }
$data merge entity $(bone_left_lower_leg) { transformation: [1f,0f,0f,0.125f,0f,0.9992722539831409f,0.0381439696341781f,0.6183899870402862f,0f,-0.0381439696341781f,0.9992722539831409f,0.001382279127935565f,0f,0f,0f,1f], start_interpolation: 0, interpolation_duration: 1 }
$data merge entity $(bone_left_leg) { transformation: [1f,0f,0f,0.125f,0f,0.9997806834748455f,0.02094241988335699f,0.9933077433433534f,0f,-0.02094241988335699f,0.9997806834748455f,-0.006471128328323306f,0f,0f,0f,1f], start_interpolation: 0, interpolation_duration: 1 }