# This file was generated by Animated Java via MC-Build. It is not recommended to edit this file directly.
$data merge entity $(bone_right_forearm) { transformation: [1f,0f,0f,-0.3125f,0f,1f,0f,0.9227312002485477f,0f,0f,1f,0.01090335240994092f,0f,0f,0f,1f], start_interpolation: 0, interpolation_duration: 1 }
$data merge entity $(bone_right_arm) { transformation: [1f,0f,0f,-0.3125f,0f,1f,0f,1.1727312002485477f,0f,0f,1f,0.01090335240994092f,0f,0f,0f,1f], start_interpolation: 0, interpolation_duration: 1 }
$data merge entity $(bone_left_forearm) { transformation: [1f,0f,0f,0.3125f,0f,1f,0f,0.9227312002485477f,0f,0f,1f,0.01090335240994092f,0f,0f,0f,1f], start_interpolation: 0, interpolation_duration: 1 }
$data merge entity $(bone_left_arm) { transformation: [1f,0f,0f,0.3125f,0f,1f,0f,1.1727312002485477f,0f,0f,1f,0.01090335240994092f,0f,0f,0f,1f], start_interpolation: 0, interpolation_duration: 1 }
$data merge entity $(bone_head) { transformation: [1f,0f,0f,1.653273178848927e-17f,0f,0.8763066800438636f,-0.4817536741017153f,1.2335043202734026f,0f,0.4817536741017153f,0.8763066800438636f,0.025493687650935015f,0f,0f,0f,1f], start_interpolation: 0, interpolation_duration: 1 }
$data merge entity $(bone_torso) { transformation: [1f,0f,0f,1.653273178848927e-17f,0f,0.9723699203976766f,-0.23344536385590547f,0.565f,0f,0.23344536385590547f,0.9723699203976766f,-0.135f,0f,0f,0f,1f], start_interpolation: 0, interpolation_duration: 1 }
$data merge entity $(bone_upper_body) { transformation: [1f,0f,0f,1.653273178848927e-17f,0f,0.9723699203976766f,-0.23344536385590547f,0.565f,0f,0.23344536385590547f,0.9723699203976766f,-0.135f,0f,0f,0f,1f], start_interpolation: 0, interpolation_duration: 1 }
$data merge entity $(bone_right_lower_leg) { transformation: [1f,0f,0f,-0.12499999999999999f,0f,0.8443279255020151f,0.5358267949789965f,0.1921270279367443f,0f,-0.5358267949789965f,0.8443279255020151f,0.0659350481171237f,0f,0f,0f,1f], start_interpolation: 0, interpolation_duration: 1 }
$data merge entity $(bone_right_leg) { transformation: [1f,0f,0f,-0.12499999999999999f,0f,0.8443279255020151f,0.5358267949789965f,0.5087499999999999f,0f,-0.5358267949789965f,0.8443279255020151f,-0.135f,0f,0f,0f,1f], start_interpolation: 0, interpolation_duration: 1 }
$data merge entity $(bone_left_lower_leg) { transformation: [1f,0f,0f,0.12500000000000003f,0f,0.8443279255020151f,0.5358267949789965f,0.1921270279367443f,0f,-0.5358267949789965f,0.8443279255020151f,0.0659350481171237f,0f,0f,0f,1f], start_interpolation: 0, interpolation_duration: 1 }
$data merge entity $(bone_left_leg) { transformation: [1f,0f,0f,0.12500000000000003f,0f,0.8443279255020151f,0.5358267949789965f,0.5087499999999999f,0f,-0.5358267949789965f,0.8443279255020151f,-0.135f,0f,0f,0f,1f], start_interpolation: 0, interpolation_duration: 1 }