# This file was generated by Animated Java via MC-Build. It is not recommended to edit this file directly.
$data merge entity $(bone_right_forearm) { transformation: [1f,0f,0f,-0.3125f,0f,1f,0f,0.9305481120483337f,0f,0f,1f,0.010672664396483317f,0f,0f,0f,1f], start_interpolation: 0, interpolation_duration: 1 }
$data merge entity $(bone_right_arm) { transformation: [1f,0f,0f,-0.3125f,0f,1f,0f,1.1805481120483337f,0f,0f,1f,0.010672664396483317f,0f,0f,0f,1f], start_interpolation: 0, interpolation_duration: 1 }
$data merge entity $(bone_left_forearm) { transformation: [1f,0f,0f,0.3125f,0f,1f,0f,0.9305481120483337f,0f,0f,1f,0.010672664396483317f,0f,0f,0f,1f], start_interpolation: 0, interpolation_duration: 1 }
$data merge entity $(bone_left_arm) { transformation: [1f,0f,0f,0.3125f,0f,1f,0f,1.1805481120483337f,0f,0f,1f,0.010672664396483317f,0f,0f,0f,1f], start_interpolation: 0, interpolation_duration: 1 }
$data merge entity $(bone_head) { transformation: [1f,0f,0f,1.607348923880901e-17f,0f,0.882947592858927f,-0.46947156278589075f,1.241415423253167f,0f,0.46947156278589075f,0.882947592858927f,0.024864930836131643f,0f,0f,0f,1f], start_interpolation: 0, interpolation_duration: 1 }
$data merge entity $(bone_torso) { transformation: [1f,0f,0f,1.607348923880901e-17f,0f,0.9738769792773336f,-0.22707626303437325f,0.571875f,0f,0.22707626303437325f,0.9738769792773336f,-0.13124999999999998f,0f,0f,0f,1f], start_interpolation: 0, interpolation_duration: 1 }
$data merge entity $(bone_upper_body) { transformation: [1f,0f,0f,1.607348923880901e-17f,0f,0.9738769792773336f,-0.22707626303437325f,0.571875f,0f,0.22707626303437325f,0.9738769792773336f,-0.13124999999999998f,0f,0f,0f,1f], start_interpolation: 0, interpolation_duration: 1 }
$data merge entity $(bone_right_lower_leg) { transformation: [1f,0f,0f,-0.12499999999999999f,0f,0.8526401643540922f,0.5224985647159489f,0.19588493836721543f,0f,-0.5224985647159489f,0.8526401643540922f,0.06468696176848088f,0f,0f,0f,1f], start_interpolation: 0, interpolation_duration: 1 }
$data merge entity $(bone_right_leg) { transformation: [1f,0f,0f,-0.12499999999999999f,0f,0.8526401643540922f,0.5224985647159489f,0.515625f,0f,-0.5224985647159489f,0.8526401643540922f,-0.13124999999999998f,0f,0f,0f,1f], start_interpolation: 0, interpolation_duration: 1 }
$data merge entity $(bone_left_lower_leg) { transformation: [1f,0f,0f,0.12500000000000003f,0f,0.8526401643540922f,0.5224985647159489f,0.19588493836721543f,0f,-0.5224985647159489f,0.8526401643540922f,0.06468696176848088f,0f,0f,0f,1f], start_interpolation: 0, interpolation_duration: 1 }
$data merge entity $(bone_left_leg) { transformation: [1f,0f,0f,0.12500000000000003f,0f,0.8526401643540922f,0.5224985647159489f,0.515625f,0f,-0.5224985647159489f,0.8526401643540922f,-0.13124999999999998f,0f,0f,0f,1f], start_interpolation: 0, interpolation_duration: 1 }