# This file was generated by Animated Java via MC-Build. It is not recommended to edit this file directly.
$data merge entity $(bone_right_forearm) { transformation: [1f,0f,0f,-0.3125f,0f,1f,0f,0.961554637224407f,0f,0f,1f,0.009690826453510715f,0f,0f,0f,1f], start_interpolation: 0, interpolation_duration: 1 }
$data merge entity $(bone_right_arm) { transformation: [1f,0f,0f,-0.3125f,0f,1f,0f,1.211554637224407f,0f,0f,1f,0.009690826453510715f,0f,0f,0f,1f], start_interpolation: 0, interpolation_duration: 1 }
$data merge entity $(bone_left_forearm) { transformation: [1f,0f,0f,0.3125f,0f,1f,0f,0.961554637224407f,0f,0f,1f,0.009690826453510715f,0f,0f,0f,1f], start_interpolation: 0, interpolation_duration: 1 }
$data merge entity $(bone_left_arm) { transformation: [1f,0f,0f,0.3125f,0f,1f,0f,1.211554637224407f,0f,0f,1f,0.009690826453510715f,0f,0f,0f,1f], start_interpolation: 0, interpolation_duration: 1 }
$data merge entity $(bone_head) { transformation: [1f,0f,0f,1.4236519040087977e-17f,0f,0.9077774785329087f,-0.41945208244617693f,1.2727726009468479f,0f,0.41945208244617693f,0.9077774785329087f,0.02228490909886177f,0f,0f,0f,1f], start_interpolation: 0, interpolation_duration: 1 }
$data merge entity $(bone_torso) { transformation: [1f,0f,0f,1.4236519040087977e-17f,0f,0.9794874195590514f,-0.20150532232561708f,0.599375f,0f,0.20150532232561708f,0.9794874195590514f,-0.11624999999999996f,0f,0f,0f,1f], start_interpolation: 0, interpolation_duration: 1 }
$data merge entity $(bone_upper_body) { transformation: [1f,0f,0f,1.4236519040087977e-17f,0f,0.9794874195590514f,-0.20150532232561708f,0.599375f,0f,0.20150532232561708f,0.9794874195590514f,-0.11624999999999996f,0f,0f,0f,1f], start_interpolation: 0, interpolation_duration: 1 }
$data merge entity $(bone_right_lower_leg) { transformation: [1f,0f,0f,-0.12499999999999999f,0f,0.8837656300886935f,0.46792981426057323f,0.21171288871673993f,0f,-0.46792981426057323f,0.8837656300886935f,0.059223680347714996f,0f,0f,0f,1f], start_interpolation: 0, interpolation_duration: 1 }
$data merge entity $(bone_right_leg) { transformation: [1f,0f,0f,-0.12499999999999999f,0f,0.8837656300886935f,0.46792981426057323f,0.543125f,0f,-0.46792981426057323f,0.8837656300886935f,-0.11624999999999996f,0f,0f,0f,1f], start_interpolation: 0, interpolation_duration: 1 }
$data merge entity $(bone_left_lower_leg) { transformation: [1f,0f,0f,0.12500000000000003f,0f,0.8837656300886935f,0.46792981426057323f,0.21171288871673993f,0f,-0.46792981426057323f,0.8837656300886935f,0.059223680347714996f,0f,0f,0f,1f], start_interpolation: 0, interpolation_duration: 1 }
$data merge entity $(bone_left_leg) { transformation: [1f,0f,0f,0.12500000000000003f,0f,0.8837656300886935f,0.46792981426057323f,0.543125f,0f,-0.46792981426057323f,0.8837656300886935f,-0.11624999999999996f,0f,0f,0f,1f], start_interpolation: 0, interpolation_duration: 1 }