# This file was generated by Animated Java via MC-Build. It is not recommended to edit this file directly.
$data merge entity $(bone_right_forearm) { transformation: [1f,0f,0f,-0.3125f,0f,1f,0f,0.9845343172274716f,0f,0f,1f,0.00889720343259219f,0f,0f,0f,1f], start_interpolation: 0, interpolation_duration: 1 }
$data merge entity $(bone_right_arm) { transformation: [1f,0f,0f,-0.3125f,0f,1f,0f,1.2345343172274716f,0f,0f,1f,0.00889720343259219f,0f,0f,0f,1f], start_interpolation: 0, interpolation_duration: 1 }
$data merge entity $(bone_left_forearm) { transformation: [1f,0f,0f,0.3125f,0f,1f,0f,0.9845343172274716f,0f,0f,1f,0.00889720343259219f,0f,0f,0f,1f], start_interpolation: 0, interpolation_duration: 1 }
$data merge entity $(bone_left_arm) { transformation: [1f,0f,0f,0.3125f,0f,1f,0f,1.2345343172274716f,0f,0f,1f,0.00889720343259219f,0f,0f,0f,1f], start_interpolation: 0, interpolation_duration: 1 }
$data merge entity $(bone_head) { transformation: [1f,0f,0f,1.2858791391047206e-17f,0f,0.9245460336123131f,-0.3810703763502741f,1.295987748950219f,0f,0.3810703763502741f,0.9245460336123131f,0.020286923775851395f,0f,0f,0f,1f], start_interpolation: 0, interpolation_duration: 1 }
$data merge entity $(bone_torso) { transformation: [1f,0f,0f,1.2858791391047206e-17f,0f,0.9832549075639546f,-0.18223552549214747f,0.62f,0f,0.18223552549214747f,0.9832549075639546f,-0.10499999999999998f,0f,0f,0f,1f], start_interpolation: 0, interpolation_duration: 1 }
$data merge entity $(bone_upper_body) { transformation: [1f,0f,0f,1.2858791391047206e-17f,0f,0.9832549075639546f,-0.18223552549214747f,0.62f,0f,0.18223552549214747f,0.9832549075639546f,-0.10499999999999998f,0f,0f,0f,1f], start_interpolation: 0, interpolation_duration: 1 }
$data merge entity $(bone_right_lower_leg) { transformation: [1f,0f,0f,-0.12499999999999999f,0f,0.9048270524660196f,0.4257792915650726f,0.22443985532524263f,0f,-0.4257792915650726f,0.9048270524660196f,0.05466723433690224f,0f,0f,0f,1f], start_interpolation: 0, interpolation_duration: 1 }
$data merge entity $(bone_right_leg) { transformation: [1f,0f,0f,-0.12499999999999999f,0f,0.9048270524660196f,0.4257792915650726f,0.56375f,0f,-0.4257792915650726f,0.9048270524660196f,-0.10499999999999998f,0f,0f,0f,1f], start_interpolation: 0, interpolation_duration: 1 }
$data merge entity $(bone_left_lower_leg) { transformation: [1f,0f,0f,0.125f,0f,0.9048270524660196f,0.4257792915650726f,0.22443985532524263f,0f,-0.4257792915650726f,0.9048270524660196f,0.05466723433690224f,0f,0f,0f,1f], start_interpolation: 0, interpolation_duration: 1 }
$data merge entity $(bone_left_leg) { transformation: [1f,0f,0f,0.125f,0f,0.9048270524660196f,0.4257792915650726f,0.56375f,0f,-0.4257792915650726f,0.9048270524660196f,-0.10499999999999998f,0f,0f,0f,1f], start_interpolation: 0, interpolation_duration: 1 }