# This file was generated by Animated Java via MC-Build. It is not recommended to edit this file directly.
$data merge entity $(bone_right_forearm) { transformation: [1f,0f,0f,-0.3125f,0f,1f,0f,0.9921416050561822f,0f,0f,1f,0.008622674958971538f,0f,0f,0f,1f], start_interpolation: 0, interpolation_duration: 1 }
$data merge entity $(bone_right_arm) { transformation: [1f,0f,0f,-0.3125f,0f,1f,0f,1.2421416050561822f,0f,0f,1f,0.008622674958971538f,0f,0f,0f,1f], start_interpolation: 0, interpolation_duration: 1 }
$data merge entity $(bone_left_forearm) { transformation: [1f,0f,0f,0.3125f,0f,1f,0f,0.9921416050561822f,0f,0f,1f,0.008622674958971538f,0f,0f,0f,1f], start_interpolation: 0, interpolation_duration: 1 }
$data merge entity $(bone_left_arm) { transformation: [1f,0f,0f,0.3125f,0f,1f,0f,1.2421416050561822f,0f,0f,1f,0.008622674958971538f,0f,0f,0f,1f], start_interpolation: 0, interpolation_duration: 1 }
$data merge entity $(bone_head) { transformation: [1f,0f,0f,1.2399548841366951e-17f,0f,0.9297764858882513f,-0.36812455268467786f,1.3036682655618006f,0f,0.36812455268467786f,0.9297764858882513f,0.019609942454868703f,0f,0f,0f,1f], start_interpolation: 0, interpolation_duration: 1 }
$data merge entity $(bone_torso) { transformation: [1f,0f,0f,1.2399548841366951e-17f,0f,0.9844265680898916f,-0.17579627993435448f,0.626875f,0f,0.17579627993435448f,0.9844265680898916f,-0.10125f,0f,0f,0f,1f], start_interpolation: 0, interpolation_duration: 1 }
$data merge entity $(bone_upper_body) { transformation: [1f,0f,0f,1.2399548841366951e-17f,0f,0.9844265680898916f,-0.17579627993435448f,0.626875f,0f,0.17579627993435448f,0.9844265680898916f,-0.10125f,0f,0f,0f,1f], start_interpolation: 0, interpolation_duration: 1 }
$data merge entity $(bone_right_lower_leg) { transformation: [1f,0f,0f,-0.12499999999999999f,0f,0.9114032766354452f,0.4115143586051088f,0.228848771261708f,0f,-0.4115143586051088f,0.9114032766354452f,0.053067884476915794f,0f,0f,0f,1f], start_interpolation: 0, interpolation_duration: 1 }
$data merge entity $(bone_right_leg) { transformation: [1f,0f,0f,-0.12499999999999999f,0f,0.9114032766354452f,0.4115143586051088f,0.5706249999999999f,0f,-0.4115143586051088f,0.9114032766354452f,-0.10125f,0f,0f,0f,1f], start_interpolation: 0, interpolation_duration: 1 }
$data merge entity $(bone_left_lower_leg) { transformation: [1f,0f,0f,0.125f,0f,0.9114032766354452f,0.4115143586051088f,0.228848771261708f,0f,-0.4115143586051088f,0.9114032766354452f,0.053067884476915794f,0f,0f,0f,1f], start_interpolation: 0, interpolation_duration: 1 }
$data merge entity $(bone_left_leg) { transformation: [1f,0f,0f,0.125f,0f,0.9114032766354452f,0.4115143586051088f,0.5706249999999999f,0f,-0.4115143586051088f,0.9114032766354452f,-0.10125f,0f,0f,0f,1f], start_interpolation: 0, interpolation_duration: 1 }