# This file was generated by Animated Java via MC-Build. It is not recommended to edit this file directly.
$data merge entity $(bone_right_forearm) { transformation: [1f,0f,0f,-0.3125f,0f,1f,0f,1.0148052128719611f,0f,0f,1f,0.007771540650144362f,0f,0f,0f,1f], start_interpolation: 0, interpolation_duration: 1 }
$data merge entity $(bone_right_arm) { transformation: [1f,0f,0f,-0.3125f,0f,1f,0f,1.2648052128719611f,0f,0f,1f,0.007771540650144362f,0f,0f,0f,1f], start_interpolation: 0, interpolation_duration: 1 }
$data merge entity $(bone_left_forearm) { transformation: [1f,0f,0f,0.3125f,0f,1f,0f,1.0148052128719611f,0f,0f,1f,0.007771540650144362f,0f,0f,0f,1f], start_interpolation: 0, interpolation_duration: 1 }
$data merge entity $(bone_left_arm) { transformation: [1f,0f,0f,0.3125f,0f,1f,0f,1.2648052128719611f,0f,0f,1f,0.007771540650144362f,0f,0f,0f,1f], start_interpolation: 0, interpolation_duration: 1 }
$data merge entity $(bone_head) { transformation: [1f,0f,0f,1.1021821192326174e-17f,0f,0.944376370237481f,-0.3288666467385833f,1.3265357341591573f,0f,0.3288666467385833f,0.944376370237481f,0.017548694715158797f,0f,0f,0f,1f], start_interpolation: 0, interpolation_duration: 1 }
$data merge entity $(bone_torso) { transformation: [1f,0f,0f,1.1021821192326174e-17f,0f,0.9876883405951378f,-0.15643446504023092f,0.6475f,0f,0.15643446504023092f,0.9876883405951378f,-0.08999999999999997f,0f,0f,0f,1f], start_interpolation: 0, interpolation_duration: 1 }
$data merge entity $(bone_upper_body) { transformation: [1f,0f,0f,1.1021821192326174e-17f,0f,0.9876883405951378f,-0.15643446504023092f,0.6475f,0f,0.15643446504023092f,0.9876883405951378f,-0.08999999999999997f,0f,0f,0f,1f], start_interpolation: 0, interpolation_duration: 1 }
$data merge entity $(bone_right_lower_leg) { transformation: [1f,0f,0f,-0.12499999999999999f,0f,0.9297764858882515f,0.3681245526846778f,0.24258381779190563f,0f,-0.3681245526846778f,0.9297764858882515f,0.048046707256754195f,0f,0f,0f,1f], start_interpolation: 0, interpolation_duration: 1 }
$data merge entity $(bone_right_leg) { transformation: [1f,0f,0f,-0.12499999999999999f,0f,0.9297764858882515f,0.3681245526846778f,0.5912499999999999f,0f,-0.3681245526846778f,0.9297764858882515f,-0.08999999999999997f,0f,0f,0f,1f], start_interpolation: 0, interpolation_duration: 1 }
$data merge entity $(bone_left_lower_leg) { transformation: [1f,0f,0f,0.125f,0f,0.9297764858882515f,0.3681245526846778f,0.24258381779190563f,0f,-0.3681245526846778f,0.9297764858882515f,0.048046707256754195f,0f,0f,0f,1f], start_interpolation: 0, interpolation_duration: 1 }
$data merge entity $(bone_left_leg) { transformation: [1f,0f,0f,0.125f,0f,0.9297764858882515f,0.3681245526846778f,0.5912499999999999f,0f,-0.3681245526846778f,0.9297764858882515f,-0.08999999999999997f,0f,0f,0f,1f], start_interpolation: 0, interpolation_duration: 1 }