# This file was generated by Animated Java via MC-Build. It is not recommended to edit this file directly.
$data merge entity $(bone_right_forearm) { transformation: [1f,0f,0f,-0.3125f,0f,1f,0f,1.0223068998901046f,0f,0f,1f,0.00747922222127817f,0f,0f,0f,1f], start_interpolation: 0, interpolation_duration: 1 }
$data merge entity $(bone_right_arm) { transformation: [1f,0f,0f,-0.3125f,0f,1f,0f,1.2723068998901046f,0f,0f,1f,0.00747922222127817f,0f,0f,0f,1f], start_interpolation: 0, interpolation_duration: 1 }
$data merge entity $(bone_left_forearm) { transformation: [1f,0f,0f,0.3125f,0f,1f,0f,1.0223068998901046f,0f,0f,1f,0.00747922222127817f,0f,0f,0f,1f], start_interpolation: 0, interpolation_duration: 1 }
$data merge entity $(bone_left_arm) { transformation: [1f,0f,0f,0.3125f,0f,1f,0f,1.2723068998901046f,0f,0f,1f,0.00747922222127817f,0f,0f,0f,1f], start_interpolation: 0, interpolation_duration: 1 }
$data merge entity $(bone_head) { transformation: [1f,0f,0f,1.0562578642645921e-17f,0f,0.9488760116444965f,-0.31564903694710245f,1.334100089879115f,0f,0.31564903694710245f,0.9488760116444965f,0.016852144443405992f,0f,0f,0f,1f], start_interpolation: 0, interpolation_duration: 1 }
$data merge entity $(bone_torso) { transformation: [1f,0f,0f,1.0562578642645921e-17f,0f,0.9886910398241674f,-0.14996675555404507f,0.654375f,0f,0.14996675555404507f,0.9886910398241674f,-0.08625f,0f,0f,0f,1f], start_interpolation: 0, interpolation_duration: 1 }
$data merge entity $(bone_upper_body) { transformation: [1f,0f,0f,1.0562578642645921e-17f,0f,0.9886910398241674f,-0.14996675555404507f,0.654375f,0f,0.14996675555404507f,0.9886910398241674f,-0.08625f,0f,0f,0f,1f], start_interpolation: 0, interpolation_duration: 1 }
$data merge entity $(bone_right_lower_leg) { transformation: [1f,0f,0f,-0.12499999999999999f,0f,0.9354440308298674f,0.3534748437792571f,0.24733348843879976f,0f,-0.3534748437792571f,0.9354440308298674f,0.04630306641722143f,0f,0f,0f,1f], start_interpolation: 0, interpolation_duration: 1 }
$data merge entity $(bone_right_leg) { transformation: [1f,0f,0f,-0.12499999999999999f,0f,0.9354440308298674f,0.3534748437792571f,0.598125f,0f,-0.3534748437792571f,0.9354440308298674f,-0.08625f,0f,0f,0f,1f], start_interpolation: 0, interpolation_duration: 1 }
$data merge entity $(bone_left_lower_leg) { transformation: [1f,0f,0f,0.125f,0f,0.9354440308298674f,0.3534748437792571f,0.24733348843879976f,0f,-0.3534748437792571f,0.9354440308298674f,0.04630306641722143f,0f,0f,0f,1f], start_interpolation: 0, interpolation_duration: 1 }
$data merge entity $(bone_left_leg) { transformation: [1f,0f,0f,0.125f,0f,0.9354440308298674f,0.3534748437792571f,0.598125f,0f,-0.3534748437792571f,0.9354440308298674f,-0.08625f,0f,0f,0f,1f], start_interpolation: 0, interpolation_duration: 1 }