# This file was generated by Animated Java via MC-Build. It is not recommended to edit this file directly.
$data merge entity $(bone_right_forearm) { transformation: [1f,0f,0f,-0.3125f,0f,1f,0f,1.0446530383586317f,0f,0f,1f,0.006578870137532333f,0f,0f,0f,1f], start_interpolation: 0, interpolation_duration: 1 }
$data merge entity $(bone_right_arm) { transformation: [1f,0f,0f,-0.3125f,0f,1f,0f,1.2946530383586317f,0f,0f,1f,0.006578870137532333f,0f,0f,0f,1f], start_interpolation: 0, interpolation_duration: 1 }
$data merge entity $(bone_left_forearm) { transformation: [1f,0f,0f,0.3125f,0f,1f,0f,1.0446530383586317f,0f,0f,1f,0.006578870137532333f,0f,0f,0f,1f], start_interpolation: 0, interpolation_duration: 1 }
$data merge entity $(bone_left_arm) { transformation: [1f,0f,0f,0.3125f,0f,1f,0f,1.2946530383586317f,0f,0f,1f,0.006578870137532333f,0f,0f,0f,1f], start_interpolation: 0, interpolation_duration: 1 }
$data merge entity $(bone_head) { transformation: [1f,0f,0f,9.184850993605144e-18f,0f,0.9612616959383188f,-0.2756373558169991f,1.3566183421944946f,0f,0.2756373558169991f,0.9612616959383188f,0.014736757151285557f,0f,0f,0f,1f], start_interpolation: 0, interpolation_duration: 1 }
$data merge entity $(bone_torso) { transformation: [1f,0f,0f,9.184850993605144e-18f,0f,0.9914448613738104f,-0.13052619222005166f,0.675f,0f,0.13052619222005166f,0.9914448613738104f,-0.07499999999999996f,0f,0f,0f,1f], start_interpolation: 0, interpolation_duration: 1 }
$data merge entity $(bone_upper_body) { transformation: [1f,0f,0f,9.184850993605144e-18f,0f,0.9914448613738104f,-0.13052619222005166f,0.675f,0f,0.13052619222005166f,0.9914448613738104f,-0.07499999999999996f,0f,0f,0f,1f], start_interpolation: 0, interpolation_duration: 1 }
$data merge entity $(bone_right_lower_leg) { transformation: [1f,0f,0f,-0.12499999999999999f,0f,0.9510565162951535f,0.30901699437494745f,0.26210380638931746f,0f,-0.30901699437494745f,0.9510565162951535f,0.04088137289060534f,0f,0f,0f,1f], start_interpolation: 0, interpolation_duration: 1 }
$data merge entity $(bone_right_leg) { transformation: [1f,0f,0f,-0.12499999999999999f,0f,0.9510565162951535f,0.30901699437494745f,0.61875f,0f,-0.30901699437494745f,0.9510565162951535f,-0.07499999999999996f,0f,0f,0f,1f], start_interpolation: 0, interpolation_duration: 1 }
$data merge entity $(bone_left_lower_leg) { transformation: [1f,0f,0f,0.125f,0f,0.9510565162951535f,0.30901699437494745f,0.26210380638931746f,0f,-0.30901699437494745f,0.9510565162951535f,0.04088137289060534f,0f,0f,0f,1f], start_interpolation: 0, interpolation_duration: 1 }
$data merge entity $(bone_left_leg) { transformation: [1f,0f,0f,0.125f,0f,0.9510565162951535f,0.30901699437494745f,0.61875f,0f,-0.30901699437494745f,0.9510565162951535f,-0.07499999999999996f,0f,0f,0f,1f], start_interpolation: 0, interpolation_duration: 1 }