# This file was generated by Animated Java via MC-Build. It is not recommended to edit this file directly.
$data merge entity $(bone_right_forearm) { transformation: [1f,0f,0f,-0.3125f,0f,0.9999999999999999f,0f,1.074076184605171f,0f,0f,0.9999999999999999f,0.0053302895422834284f,0f,0f,0f,1f], start_interpolation: 0, interpolation_duration: 1 }
$data merge entity $(bone_right_arm) { transformation: [1f,0f,0f,-0.3125f,0f,0.9999999999999999f,0f,1.324076184605171f,0f,0f,0.9999999999999999f,0.0053302895422834284f,0f,0f,0f,1f], start_interpolation: 0, interpolation_duration: 1 }
$data merge entity $(bone_left_forearm) { transformation: [1f,0f,0f,0.3125f,0f,0.9999999999999999f,0f,1.074076184605171f,0f,0f,0.9999999999999999f,0.0053302895422834284f,0f,0f,0f,1f], start_interpolation: 0, interpolation_duration: 1 }
$data merge entity $(bone_left_arm) { transformation: [1f,0f,0f,0.3125f,0f,0.9999999999999999f,0f,1.324076184605171f,0f,0f,0.9999999999999999f,0.0053302895422834284f,0f,0f,0f,1f], start_interpolation: 0, interpolation_duration: 1 }
$data merge entity $(bone_head) { transformation: [1f,0f,0f,7.347880794884112e-18f,0f,0.9751493543055633f,-0.22154849761946716f,1.386233803065688f,0f,0.22154849761946716f,0.9751493543055633f,0.01186331849651176f,0f,0f,0f,1f], start_interpolation: 0, interpolation_duration: 1 }
$data merge entity $(bone_torso) { transformation: [1f,0f,0f,7.347880794884112e-18f,0f,0.9945218953682733f,-0.10452846326765339f,0.7025f,0f,0.10452846326765339f,0.9945218953682733f,-0.05999999999999994f,0f,0f,0f,1f], start_interpolation: 0, interpolation_duration: 1 }
$data merge entity $(bone_upper_body) { transformation: [1f,0f,0f,7.347880794884112e-18f,0f,0.9945218953682733f,-0.10452846326765339f,0.7025f,0f,0.10452846326765339f,0.9945218953682733f,-0.05999999999999994f,0f,0f,0f,1f], start_interpolation: 0, interpolation_duration: 1 }
$data merge entity $(bone_right_lower_leg) { transformation: [1f,0f,0f,-0.12499999999999999f,0f,0.9685831611286312f,0.2486898871648545f,0.2830313145767633f,0f,-0.2486898871648545f,0.9685831611286312f,0.03325870768682049f,0f,0f,0f,1f], start_interpolation: 0, interpolation_duration: 1 }
$data merge entity $(bone_right_leg) { transformation: [1f,0f,0f,-0.12499999999999999f,0f,0.9685831611286312f,0.2486898871648545f,0.64625f,0f,-0.2486898871648545f,0.9685831611286312f,-0.05999999999999994f,0f,0f,0f,1f], start_interpolation: 0, interpolation_duration: 1 }
$data merge entity $(bone_left_lower_leg) { transformation: [1f,0f,0f,0.125f,0f,0.9685831611286312f,0.2486898871648545f,0.2830313145767633f,0f,-0.2486898871648545f,0.9685831611286312f,0.03325870768682049f,0f,0f,0f,1f], start_interpolation: 0, interpolation_duration: 1 }
$data merge entity $(bone_left_leg) { transformation: [1f,0f,0f,0.125f,0f,0.9685831611286312f,0.2486898871648545f,0.64625f,0f,-0.2486898871648545f,0.9685831611286312f,-0.05999999999999994f,0f,0f,0f,1f], start_interpolation: 0, interpolation_duration: 1 }