# This file was generated by Animated Java via MC-Build. It is not recommended to edit this file directly.
$data merge entity $(bone_right_forearm) { transformation: [1f,0f,0f,-0.3125f,0f,1.0000000000000002f,0f,1.0813654541701232f,0f,0f,1.0000000000000002f,0.0050107127059754245f,0f,0f,0f,1f], start_interpolation: 0, interpolation_duration: 1 }
$data merge entity $(bone_right_arm) { transformation: [1f,0f,0f,-0.3125f,0f,1.0000000000000002f,0f,1.3313654541701232f,0f,0f,1.0000000000000002f,0.0050107127059754245f,0f,0f,0f,1f], start_interpolation: 0, interpolation_duration: 1 }
$data merge entity $(bone_left_forearm) { transformation: [1f,0f,0f,0.3125f,0f,1.0000000000000002f,0f,1.0813654541701232f,0f,0f,1.0000000000000002f,0.0050107127059754245f,0f,0f,0f,1f], start_interpolation: 0, interpolation_duration: 1 }
$data merge entity $(bone_left_arm) { transformation: [1f,0f,0f,0.3125f,0f,1.0000000000000002f,0f,1.3313654541701232f,0f,0f,1.0000000000000002f,0.0050107127059754245f,0f,0f,0f,1f], start_interpolation: 0, interpolation_duration: 1 }
$data merge entity $(bone_head) { transformation: [1f,0f,0f,6.888638245203864e-18f,0f,0.9781476007338057f,-0.2079116908177594f,1.3935644995871352f,0f,0.2079116908177594f,0.9781476007338057f,0.011136783976572973f,0f,0f,0f,1f], start_interpolation: 0, interpolation_duration: 1 }
$data merge entity $(bone_torso) { transformation: [1f,0f,0f,6.888638245203864e-18f,0f,0.9951847266721969f,-0.09801714032956071f,0.709375f,0f,0.09801714032956071f,0.9951847266721969f,-0.05625000000000002f,0f,0f,0f,1f], start_interpolation: 0, interpolation_duration: 1 }
$data merge entity $(bone_upper_body) { transformation: [1f,0f,0f,6.888638245203864e-18f,0f,0.9951847266721969f,-0.09801714032956071f,0.709375f,0f,0.09801714032956071f,0.9951847266721969f,-0.05625000000000002f,0f,0f,0f,1f], start_interpolation: 0, interpolation_duration: 1 }
$data merge entity $(bone_right_lower_leg) { transformation: [1f,0f,0f,-0.125f,0f,0.9723699203976766f,0.23344536385590542f,0.2884862798508713f,0f,-0.23344536385590542f,0.9723699203976766f,0.03129201144596451f,0f,0f,0f,1f], start_interpolation: 0, interpolation_duration: 1 }
$data merge entity $(bone_right_leg) { transformation: [1f,0f,0f,-0.125f,0f,0.9723699203976766f,0.23344536385590542f,0.653125f,0f,-0.23344536385590542f,0.9723699203976766f,-0.05625000000000002f,0f,0f,0f,1f], start_interpolation: 0, interpolation_duration: 1 }
$data merge entity $(bone_left_lower_leg) { transformation: [1f,0f,0f,0.125f,0f,0.9723699203976766f,0.23344536385590542f,0.2884862798508713f,0f,-0.23344536385590542f,0.9723699203976766f,0.03129201144596451f,0f,0f,0f,1f], start_interpolation: 0, interpolation_duration: 1 }
$data merge entity $(bone_left_leg) { transformation: [1f,0f,0f,0.125f,0f,0.9723699203976766f,0.23344536385590542f,0.653125f,0f,-0.23344536385590542f,0.9723699203976766f,-0.05625000000000002f,0f,0f,0f,1f], start_interpolation: 0, interpolation_duration: 1 }