# This file was generated by Animated Java via MC-Build. It is not recommended to edit this file directly.
$data merge entity $(bone_right_forearm) { transformation: [1f,0f,0f,-0.3125f,0f,1f,0f,1.0958640446927033f,0f,0f,1f,0.004363860857776056f,0f,0f,0f,1f], start_interpolation: 0, interpolation_duration: 1 }
$data merge entity $(bone_right_arm) { transformation: [1f,0f,0f,-0.3125f,0f,1f,0f,1.3458640446927033f,0f,0f,1f,0.004363860857776056f,0f,0f,0f,1f], start_interpolation: 0, interpolation_duration: 1 }
$data merge entity $(bone_left_forearm) { transformation: [1f,0f,0f,0.3125f,0f,1f,0f,1.0958640446927033f,0f,0f,1f,0.004363860857776056f,0f,0f,0f,1f], start_interpolation: 0, interpolation_duration: 1 }
$data merge entity $(bone_left_arm) { transformation: [1f,0f,0f,0.3125f,0f,1f,0f,1.3458640446927033f,0f,0f,1f,0.004363860857776056f,0f,0f,0f,1f], start_interpolation: 0, interpolation_duration: 1 }
$data merge entity $(bone_head) { transformation: [1f,0f,0f,5.970153145843355e-18f,0f,0.9835714708133859f,-0.18051914525056012f,1.4081379491619734f,0f,0.18051914525056012f,0.9835714708133859f,0.009675246943553671f,0f,0f,0f,1f], start_interpolation: 0, interpolation_duration: 1 }
$data merge entity $(bone_torso) { transformation: [1f,0f,0f,5.970153145843355e-18f,0f,0.9963824715083254f,-0.0849821773724418f,0.7231249999999999f,0f,0.0849821773724418f,0.9963824715083254f,-0.04875000000000007f,0f,0f,0f,1f], start_interpolation: 0, interpolation_duration: 1 }
$data merge entity $(bone_upper_body) { transformation: [1f,0f,0f,5.970153145843355e-18f,0f,0.9963824715083254f,-0.0849821773724418f,0.7231249999999999f,0f,0.0849821773724418f,0.9963824715083254f,-0.04875000000000007f,0f,0f,0f,1f], start_interpolation: 0, interpolation_duration: 1 }
$data merge entity $(bone_right_lower_leg) { transformation: [1f,0f,0f,-0.125f,0f,0.9792228106217657f,0.20278729535651266f,0.29966644601683773f,0f,-0.20278729535651266f,0.9792228106217657f,0.02729523575869218f,0f,0f,0f,1f], start_interpolation: 0, interpolation_duration: 1 }
$data merge entity $(bone_right_leg) { transformation: [1f,0f,0f,-0.125f,0f,0.9792228106217657f,0.20278729535651266f,0.6668749999999999f,0f,-0.20278729535651266f,0.9792228106217657f,-0.04875000000000007f,0f,0f,0f,1f], start_interpolation: 0, interpolation_duration: 1 }
$data merge entity $(bone_left_lower_leg) { transformation: [1f,0f,0f,0.125f,0f,0.9792228106217657f,0.20278729535651266f,0.29966644601683773f,0f,-0.20278729535651266f,0.9792228106217657f,0.02729523575869218f,0f,0f,0f,1f], start_interpolation: 0, interpolation_duration: 1 }
$data merge entity $(bone_left_leg) { transformation: [1f,0f,0f,0.125f,0f,0.9792228106217657f,0.20278729535651266f,0.6668749999999999f,0f,-0.20278729535651266f,0.9792228106217657f,-0.04875000000000007f,0f,0f,0f,1f], start_interpolation: 0, interpolation_duration: 1 }