# This file was generated by Animated Java via MC-Build. It is not recommended to edit this file directly.
$data merge entity $(bone_right_forearm) { transformation: [1f,0f,0f,-0.3125f,0f,1f,0f,1.103073333583205f,0f,0f,1f,0.00403693482990309f,0f,0f,0f,1f], start_interpolation: 0, interpolation_duration: 1 }
$data merge entity $(bone_right_arm) { transformation: [1f,0f,0f,-0.3125f,0f,1f,0f,1.353073333583205f,0f,0f,1f,0.00403693482990309f,0f,0f,0f,1f], start_interpolation: 0, interpolation_duration: 1 }
$data merge entity $(bone_left_forearm) { transformation: [1f,0f,0f,0.3125f,0f,1f,0f,1.103073333583205f,0f,0f,1f,0.00403693482990309f,0f,0f,0f,1f], start_interpolation: 0, interpolation_duration: 1 }
$data merge entity $(bone_left_arm) { transformation: [1f,0f,0f,0.3125f,0f,1f,0f,1.353073333583205f,0f,0f,1f,0.00403693482990309f,0f,0f,0f,1f], start_interpolation: 0, interpolation_duration: 1 }
$data merge entity $(bone_head) { transformation: [1f,0f,0f,5.510910596163081e-18f,0f,0.985996037070505f,-0.16676874671610206f,1.4153806669415254f,0f,0.16676874671610206f,0.985996037070505f,0.00894062831289339f,0f,0f,0f,1f], start_interpolation: 0, interpolation_duration: 1 }
$data merge entity $(bone_torso) { transformation: [1f,0f,0f,5.510910596163081e-18f,0f,0.996917333733128f,-0.07845909572784483f,0.7300000000000001f,0f,0.07845909572784483f,0.996917333733128f,-0.04499999999999993f,0f,0f,0f,1f], start_interpolation: 0, interpolation_duration: 1 }
$data merge entity $(bone_upper_body) { transformation: [1f,0f,0f,5.510910596163081e-18f,0f,0.996917333733128f,-0.07845909572784483f,0.7300000000000001f,0f,0.07845909572784483f,0.996917333733128f,-0.04499999999999993f,0f,0f,0f,1f], start_interpolation: 0, interpolation_duration: 1 }
$data merge entity $(bone_right_lower_leg) { transformation: [1f,0f,0f,-0.125f,0f,0.9822872507286887f,0.1873813145857242f,0.3053922809767418f,0f,-0.1873813145857242f,0.9822872507286887f,0.025267992969646658f,0f,0f,0f,1f], start_interpolation: 0, interpolation_duration: 1 }
$data merge entity $(bone_right_leg) { transformation: [1f,0f,0f,-0.125f,0f,0.9822872507286887f,0.1873813145857242f,0.6737500000000001f,0f,-0.1873813145857242f,0.9822872507286887f,-0.04499999999999993f,0f,0f,0f,1f], start_interpolation: 0, interpolation_duration: 1 }
$data merge entity $(bone_left_lower_leg) { transformation: [1f,0f,0f,0.125f,0f,0.9822872507286887f,0.1873813145857242f,0.3053922809767418f,0f,-0.1873813145857242f,0.9822872507286887f,0.025267992969646658f,0f,0f,0f,1f], start_interpolation: 0, interpolation_duration: 1 }
$data merge entity $(bone_left_leg) { transformation: [1f,0f,0f,0.125f,0f,0.9822872507286887f,0.1873813145857242f,0.6737500000000001f,0f,-0.1873813145857242f,0.9822872507286887f,-0.04499999999999993f,0f,0f,0f,1f], start_interpolation: 0, interpolation_duration: 1 }