# This file was generated by Animated Java via MC-Build. It is not recommended to edit this file directly.
$data merge entity $(bone_right_forearm) { transformation: [1f,0f,0f,-0.3125f,0f,1f,0f,1.1245410063654475f,0f,0f,1f,0.003044252281993086f,0f,0f,0f,1f], start_interpolation: 0, interpolation_duration: 1 }
$data merge entity $(bone_right_arm) { transformation: [1f,0f,0f,-0.3125f,0f,1f,0f,1.3745410063654475f,0f,0f,1f,0.003044252281993086f,0f,0f,0f,1f], start_interpolation: 0, interpolation_duration: 1 }
$data merge entity $(bone_left_forearm) { transformation: [1f,0f,0f,0.3125f,0f,1f,0f,1.1245410063654475f,0f,0f,1f,0.003044252281993086f,0f,0f,0f,1f], start_interpolation: 0, interpolation_duration: 1 }
$data merge entity $(bone_left_arm) { transformation: [1f,0f,0f,0.3125f,0f,1f,0f,1.3745410063654475f,0f,0f,1f,0.003044252281993086f,0f,0f,0f,1f], start_interpolation: 0, interpolation_duration: 1 }
$data merge entity $(bone_head) { transformation: [1f,0f,0f,4.133182947122324e-18f,0f,0.9921147013144779f,-0.1253332335643042f,1.4369326070019923f,0f,0.1253332335643042f,0.9921147013144779f,0.0067236775101923996f,0f,0f,0f,1f], start_interpolation: 0, interpolation_duration: 1 }
$data merge entity $(bone_torso) { transformation: [1f,0f,0f,4.133182947122324e-18f,0f,0.9982656101847159f,-0.058870803651189026f,0.750625f,0f,0.058870803651189026f,0.9982656101847159f,-0.03375000000000006f,0f,0f,0f,1f], start_interpolation: 0, interpolation_duration: 1 }
$data merge entity $(bone_upper_body) { transformation: [1f,0f,0f,4.133182947122324e-18f,0f,0.9982656101847159f,-0.058870803651189026f,0.750625f,0f,0.058870803651189026f,0.9982656101847159f,-0.03375000000000006f,0f,0f,0f,1f], start_interpolation: 0, interpolation_duration: 1 }
$data merge entity $(bone_right_lower_leg) { transformation: [1f,0f,0f,-0.125f,0f,0.9900236577165575f,0.14090123193758272f,0.3231161283562909f,0f,-0.14090123193758272f,0.9900236577165575f,0.01908796197659346f,0f,0f,0f,1f], start_interpolation: 0, interpolation_duration: 1 }
$data merge entity $(bone_right_leg) { transformation: [1f,0f,0f,-0.125f,0f,0.9900236577165575f,0.14090123193758272f,0.694375f,0f,-0.14090123193758272f,0.9900236577165575f,-0.03375000000000006f,0f,0f,0f,1f], start_interpolation: 0, interpolation_duration: 1 }
$data merge entity $(bone_left_lower_leg) { transformation: [1f,0f,0f,0.125f,0f,0.9900236577165575f,0.14090123193758272f,0.3231161283562909f,0f,-0.14090123193758272f,0.9900236577165575f,0.01908796197659346f,0f,0f,0f,1f], start_interpolation: 0, interpolation_duration: 1 }
$data merge entity $(bone_left_leg) { transformation: [1f,0f,0f,0.125f,0f,0.9900236577165575f,0.14090123193758272f,0.694375f,0f,-0.14090123193758272f,0.9900236577165575f,-0.03375000000000006f,0f,0f,0f,1f], start_interpolation: 0, interpolation_duration: 1 }