# This file was generated by Animated Java via MC-Build. It is not recommended to edit this file directly.
$data merge entity $(bone_right_forearm) { transformation: [1f,0f,0f,-0.3125f,0f,1f,0f,1.1457681476504518f,0f,0f,1f,0.0020373848494179836f,0f,0f,0f,1f], start_interpolation: 0, interpolation_duration: 1 }
$data merge entity $(bone_right_arm) { transformation: [1f,0f,0f,-0.3125f,0f,1f,0f,1.3957681476504518f,0f,0f,1f,0.0020373848494179836f,0f,0f,0f,1f], start_interpolation: 0, interpolation_duration: 1 }
$data merge entity $(bone_left_forearm) { transformation: [1f,0f,0f,0.3125f,0f,1f,0f,1.1457681476504518f,0f,0f,1f,0.0020373848494179836f,0f,0f,0f,1f], start_interpolation: 0, interpolation_duration: 1 }
$data merge entity $(bone_left_arm) { transformation: [1f,0f,0f,0.3125f,0f,1f,0f,1.3957681476504518f,0f,0f,1f,0.0020373848494179836f,0f,0f,0f,1f], start_interpolation: 0, interpolation_duration: 1 }
$data merge entity $(bone_head) { transformation: [1f,0f,0f,2.7554552980815405e-18f,0f,0.9964928592495044f,-0.08367784333231548f,1.458219962415497f,0f,0.08367784333231548f,0.9964928592495044f,0.004491123334359776f,0f,0f,0f,1f], start_interpolation: 0, interpolation_duration: 1 }
$data merge entity $(bone_torso) { transformation: [1f,0f,0f,2.7554552980815405e-18f,0f,0.9992290362407229f,-0.039259815759068714f,0.77125f,0f,0.039259815759068714f,0.9992290362407229f,-0.022499999999999964f,0f,0f,0f,1f], start_interpolation: 0, interpolation_duration: 1 }
$data merge entity $(bone_upper_body) { transformation: [1f,0f,0f,2.7554552980815405e-18f,0f,0.9992290362407229f,-0.039259815759068714f,0.77125f,0f,0.039259815759068714f,0.9992290362407229f,-0.022499999999999964f,0f,0f,0f,1f], start_interpolation: 0, interpolation_duration: 1 }
$data merge entity $(bone_right_lower_leg) { transformation: [1f,0f,0f,-0.125f,0f,0.99556196460308f,0.09410831331851423f,0.34166426327384497f,0f,-0.09410831331851423f,0.99556196460308f,0.012790617494442873f,0f,0f,0f,1f], start_interpolation: 0, interpolation_duration: 1 }
$data merge entity $(bone_right_leg) { transformation: [1f,0f,0f,-0.125f,0f,0.99556196460308f,0.09410831331851423f,0.715f,0f,-0.09410831331851423f,0.99556196460308f,-0.022499999999999964f,0f,0f,0f,1f], start_interpolation: 0, interpolation_duration: 1 }
$data merge entity $(bone_left_lower_leg) { transformation: [1f,0f,0f,0.125f,0f,0.99556196460308f,0.09410831331851423f,0.34166426327384497f,0f,-0.09410831331851423f,0.99556196460308f,0.012790617494442873f,0f,0f,0f,1f], start_interpolation: 0, interpolation_duration: 1 }
$data merge entity $(bone_left_leg) { transformation: [1f,0f,0f,0.125f,0f,0.99556196460308f,0.09410831331851423f,0.715f,0f,-0.09410831331851423f,0.99556196460308f,-0.022499999999999964f,0f,0f,0f,1f], start_interpolation: 0, interpolation_duration: 1 }