# This file was generated by Animated Java via MC-Build. It is not recommended to edit this file directly.
$data merge entity $(bone_right_forearm) { transformation: [0.9999993847376377f,-0.000843004744304969f,-0.0007210182710356606f,-0.31255522898175325f,0.0008422875846319684f,0.9999991508852524f,-0.0009943743756439397f,1.098266265750446f,0.0007218559211246966f,0.000993766459104826f,0.9999992456758424f,0.0003903661405230131f,0f,0f,0f,1f], start_interpolation: 0, interpolation_duration: 1 }
$data merge entity $(bone_right_arm) { transformation: [0.999999988083769f,-0.0001472872148678654f,-0.00004624865703324444f,-0.3125920507854702f,0.0001472371965315493f,0.9999994063316315f,-0.0010796562380637389f,1.3482661173333539f,0.000046407649137198805f,0.0010796494156757007f,0.9999994161015642f,0.0006602784944419383f,0f,0f,0f,1f], start_interpolation: 0, interpolation_duration: 1 }
$data merge entity $(bone_left_forearm) { transformation: [0.999999988083769f,-0.00014725373277953531f,-0.0000463551520696959f,0.31244476357060236f,0.0001472371965315493f,0.9999999256034349f,-0.0003565309698844374f,1.0983582889982781f,0.000046407649137198805f,0.0003565241404332963f,0.9999999353684316f,0.0004193709212337624f,0f,0f,0f,1f], start_interpolation: 0, interpolation_duration: 1 }
$data merge entity $(bone_left_arm) { transformation: [0.999999988083769f,-0.0001472872148678654f,-0.00004624865703324444f,0.3124079417668854f,0.0001472371965315493f,0.9999994063316315f,-0.0010796562380637389f,1.348358140581186f,0.000046407649137198805f,0.0010796494156757007f,0.9999994161015642f,0.0006892832751526876f,0f,0f,0f,1f], start_interpolation: 0, interpolation_duration: 1 }
$data merge entity $(bone_head) { transformation: [0.999999988083769f,-0.00014720817368784274f,-0.00004649962946520491f,-0.00010125996022165746f,0.0001472371965315493f,0.9999997939939363f,0.0006247665907159483f,1.410812091852997f,0.000046407649137198805f,-0.0006247734297461678f,0.9999998037522265f,0.0007422589732770442f,0f,0f,0f,1f], start_interpolation: 0, interpolation_duration: 1 }
$data merge entity $(bone_torso) { transformation: [0.999999988083769f,-0.0001472872148678654f,-0.00004624865703324444f,0f,0.0001472371965315493f,0.9999994063316315f,-0.0010796562380637389f,0.7233125000000002f,0.000046407649137198805f,0.0010796494156757007f,0.9999994161015642f,0f,0f,0f,0f,1f], start_interpolation: 0, interpolation_duration: 1 }
$data merge entity $(bone_upper_body) { transformation: [0.999999988083769f,-0.0001472872148678654f,-0.00004624865703324444f,0f,0.0001472371965315493f,0.9999994063316315f,-0.0010796562380637389f,0.7233125000000002f,0.000046407649137198805f,0.0010796494156757007f,0.9999994161015642f,0f,0f,0f,0f,1f], start_interpolation: 0, interpolation_duration: 1 }
$data merge entity $(bone_right_lower_leg) { transformation: [1f,0f,0f,-0.125f,0f,0.9694117993783884f,-0.24543993812327114f,0.3270194283848037f,0f,0.24543993812327114f,0.9694117993783884f,0.15810031450475454f,0f,0f,0f,1f], start_interpolation: 0, interpolation_duration: 1 }
$data merge entity $(bone_right_leg) { transformation: [1f,0f,0f,-0.125f,0f,0.9067815243071908f,0.4216008386793454f,0.6670625000000002f,0f,-0.4216008386793454f,0.9067815243071908f,0f,0f,0f,0f,1f], start_interpolation: 0, interpolation_duration: 1 }
$data merge entity $(bone_left_lower_leg) { transformation: [1f,0f,0f,0.125f,0f,0.656280729746306f,-0.7545168015118392f,0.2920625000000002f,0f,0.7545168015118392f,0.656280729746306f,0f,0f,0f,0f,1f], start_interpolation: 0, interpolation_duration: 1 }
$data merge entity $(bone_left_leg) { transformation: [1f,0f,0f,0.125f,0f,1f,0f,0.6670625000000002f,0f,0f,1f,0f,0f,0f,0f,1f], start_interpolation: 0, interpolation_duration: 1 }