# This file was generated by Animated Java via MC-Build. It is not recommended to edit this file directly.
$data merge entity $(bone_right_forearm) { transformation: [0.9999788845330443f,-0.005003336484700867f,-0.004146940085080561f,-0.3129008472571075f,0.004972736848253016f,0.9999605753780411f,-0.007356600971584371f,1.0760115990290144f,0.004183584143579934f,0.00733582399175107f,0.9999643410192565f,0.0028284812971991116f,0f,0f,0f,1f], start_interpolation: 0, interpolation_duration: 1 }
$data merge entity $(bone_right_arm) { transformation: [0.9999993743805244f,-0.001069447368516249f,-0.0003279037749402675f,-0.31316820909923654f,0.0010668494475809666f,0.9999688292934176f,-0.00782318821249367f,1.326003806352369f,0.00033626004199517026f,0.007822833494193607f,0.9999693446327774f,0.004784189670747513f,0f,0f,0f,1f], start_interpolation: 0, interpolation_duration: 1 }
$data merge entity $(bone_left_forearm) { transformation: [0.9999993743805244f,-0.001067891714364976f,-0.00033293519795455615f,0.31209871106005393f,0.0010668494475809666f,0.9999945788039548f,-0.0031151556874572106f,1.0766772199007908f,0.00033626004199517026f,0.0031147985468231226f,0.9999950924675566f,0.0031930130874568705f,0f,0f,0f,1f], start_interpolation: 0, interpolation_duration: 1 }
$data merge entity $(bone_left_arm) { transformation: [0.9999993743805244f,-0.0010692446858507486f,-0.0003285640902873308f,0.31183139988859127f,0.0010668494475809666f,0.9999734694252648f,-0.007205711474602153f,1.326670587257107f,0.00033626004199517026f,0.007205356438150499f,0.9999739845454898f,0.004994352196994495f,0f,0f,0f,1f], start_interpolation: 0, interpolation_duration: 1 }
$data merge entity $(bone_head) { transformation: [0.9999993743805244f,-0.001060108641949285f,-0.00035694289026516553f,-0.0007352450658549212f,0.0010668494475809666f,0.9998103344118164f,0.019446260195425634f,1.3888352486355766f,0.00033626004199517026f,-0.019446628833791828f,0.9998108398873184f,0.005378198027258105f,0f,0f,0f,1f], start_interpolation: 0, interpolation_duration: 1 }
$data merge entity $(bone_torso) { transformation: [0.9999993743805244f,-0.001069447368516249f,-0.0003279037749402675f,0f,0.0010668494475809666f,0.9999688292934176f,-0.00782318821249367f,0.7013566784963521f,0.00033626004199517026f,0.007822833494193607f,0.9999693446327774f,0f,0f,0f,0f,1f], start_interpolation: 0, interpolation_duration: 1 }
$data merge entity $(bone_upper_body) { transformation: [0.9999993743805244f,-0.001069447368516249f,-0.0003279037749402675f,0f,0.0010668494475809666f,0.9999688292934176f,-0.00782318821249367f,0.7013566784963521f,0.00033626004199517026f,0.007822833494193607f,0.9999693446327774f,0f,0f,0f,0f,1f], start_interpolation: 0, interpolation_duration: 1 }
$data merge entity $(bone_right_lower_leg) { transformation: [1f,0f,0f,-0.125f,0f,0.9908597698999284f,-0.13489594654347892f,0.32710432364489017f,0f,0.13489594654347892f,0.9908597698999284f,0.19874481706179137f,0f,0f,0f,1f], start_interpolation: 0, interpolation_duration: 1 }
$data merge entity $(bone_right_leg) { transformation: [1f,0f,0f,-0.125f,0f,0.8480062796038984f,0.5299861788314436f,0.6451066784963521f,0f,-0.5299861788314436f,0.8480062796038984f,0f,0f,0f,0f,1f], start_interpolation: 0, interpolation_duration: 1 }
$data merge entity $(bone_left_lower_leg) { transformation: [1f,0f,0f,0.125f,0f,0.6293375172881726f,-0.7771320925901587f,0.27010667849635206f,0f,0.7771320925901587f,0.6293375172881726f,0f,0f,0f,0f,1f], start_interpolation: 0, interpolation_duration: 1 }
$data merge entity $(bone_left_leg) { transformation: [1f,0f,0f,0.125f,0f,1f,0f,0.6451066784963521f,0f,0f,1f,0f,0f,0f,0f,1f], start_interpolation: 0, interpolation_duration: 1 }