# This file was generated by Animated Java via MC-Build. It is not recommended to edit this file directly.
$data merge entity $(bone_right_forearm) { transformation: [0.9992774371534823f,-0.029337288853426575f,-0.02416458314763275f,-0.3156138347098727f,0.02805495139518219f,0.998263464396105f,-0.05179744543991015f,1.0613632978989282f,0.02564221710738385f,0.051082082324599064f,0.9983652125185455f,0.021170962218062805f,0f,0f,0f,1f], start_interpolation: 0, interpolation_duration: 1 }
$data merge entity $(bone_right_arm) { transformation: [0.9999713512109837f,-0.007142866244390143f,-0.00250523833083245f,-0.31739955127097025f,0.006997414318646425f,0.9985206699663007f,-0.053921311583669584f,1.3109934653905033f,0.0028866849728923115f,0.05390223661282275f,0.9985420451528331f,0.034646521371268495f,0f,0f,0f,1f], start_interpolation: 0, interpolation_duration: 1 }
$data merge entity $(bone_left_forearm) { transformation: [0.9999671542967681f,-0.007797638909326297f,-0.002210691082750782f,0.30954159571444395f,0.007730068299617459f,0.9995471158959771f,-0.029082798147999994f,1.0661731074286556f,0.0024364670543314264f,0.029064754109983867f,0.9995745613493868f,0.023123043422056917f,0f,0f,0f,1f], start_interpolation: 0, interpolation_duration: 1 }
$data merge entity $(bone_left_arm) { transformation: [0.9999671542967681f,-0.007846702199736575f,-0.0020296778592285097f,0.3075799201645098f,0.007730068299617459f,0.9986066025964349f,-0.052202483608437496f,1.3158247580777642f,0.0024364670543314264f,0.05218507943267488f,0.9986344582042512f,0.036169313280225636f,0f,0f,0f,1f], start_interpolation: 0, interpolation_duration: 1 }
$data merge entity $(bone_head) { transformation: [0.9999671542967681f,-0.00733456191078687f,-0.003448844618191384f,-0.005400797108553222f,0.007730068299617459f,0.9909799649208842f,0.13378697683065557f,1.3758068018437755f,0.0024364670543314264f,-0.13380924230777166f,0.9910041121515657f,0.03894870905832177f,0f,0f,0f,1f], start_interpolation: 0, interpolation_duration: 1 }
$data merge entity $(bone_torso) { transformation: [0.9999671542967681f,-0.007855704885168322f,-0.0019945496686560042f,0f,0.007730068299617459f,0.9983630417542654f,-0.0566699470906253f,0.689432210637718f,0.0024364670543314264f,0.0566526677211953f,0.9983909749533821f,0f,0f,0f,0f,1f], start_interpolation: 0, interpolation_duration: 1 }
$data merge entity $(bone_upper_body) { transformation: [0.9999671542967681f,-0.007855704885168322f,-0.0019945496686560042f,0f,0.007730068299617459f,0.9983630417542654f,-0.0566699470906253f,0.689432210637718f,0.0024364670543314264f,0.0566526677211953f,0.9983909749533821f,0f,0f,0f,0f,1f], start_interpolation: 0, interpolation_duration: 1 }
$data merge entity $(bone_right_lower_leg) { transformation: [1f,0f,0f,-0.125f,0f,0.9998610790628458f,0.016668010537604527f,0.3496779308213773f,0f,-0.016668010537604527f,0.9998610790628458f,0.24545941278716124f,0f,0f,0f,1f], start_interpolation: 0, interpolation_duration: 1 }
$data merge entity $(bone_right_leg) { transformation: [1f,0f,0f,-0.125f,0f,0.7560114128435751f,0.6545584340990966f,0.633182210637718f,0f,-0.6545584340990966f,0.7560114128435751f,0f,0f,0f,0f,1f], start_interpolation: 0, interpolation_duration: 1 }
$data merge entity $(bone_left_lower_leg) { transformation: [1f,0f,0f,0.125f,0f,0.6138326982452709f,-0.7894361396369755f,0.25818221063771796f,0f,0.7894361396369755f,0.6138326982452709f,0f,0f,0f,0f,1f], start_interpolation: 0, interpolation_duration: 1 }
$data merge entity $(bone_left_leg) { transformation: [1f,0f,0f,0.125f,0f,1f,0f,0.633182210637718f,0f,0f,1f,0f,0f,0f,0f,1f], start_interpolation: 0, interpolation_duration: 1 }
execute on vehicle unless entity @s[tag=aj.transforms_only] at @s run function animated_java:rend_fallen_tether/animations/rise_1/zzz/frames/zzz/6