# This file was generated by Animated Java via MC-Build. It is not recommended to edit this file directly.
$data merge entity $(bone_right_forearm) { transformation: [0.9798159253405475f,-0.15147909811152127f,-0.13044092641639202f,-0.3274309405917941f,0.12026357958345879f,0.9679099574375262f,-0.2206512762688204f,1.0366083937046704f,0.1596791278621585f,0.2005103416998892f,0.9665910091639452f,0.09561689166842008f,0f,0f,0f,1f], start_interpolation: 0, interpolation_duration: 1 }
$data merge entity $(bone_right_arm) { transformation: [0.9995737643382931f,-0.02814754225278015f,-0.007746322463102603f,-0.33446782615498916f,0.025765576455955924f,0.9753264767988173f,-0.21925874834336323f,1.2804400129043747f,0.013726788279371903f,0.21896570398200252f,0.97563599552456f,0.15035831766392072f,0f,0f,0f,1f], start_interpolation: 0, interpolation_duration: 1 }
$data merge entity $(bone_left_forearm) { transformation: [0.9993689220504972f,-0.03466460438843633f,-0.007753892069173102f,0.298982782601358f,0.03387755445093767f,0.995773529228949f,-0.08536620989213076f,1.0575854788550538f,0.01068030636503179f,0.08504965425865513f,0.9963194705346433f,0.10344155179207867f,0f,0f,0f,1f], start_interpolation: 0, interpolation_duration: 1 }
$data merge entity $(bone_left_arm) { transformation: [0.9993689220504972f,-0.035380129899145664f,-0.00316291763199173f,0.2901377501265716f,0.03387755445093767f,0.9761120223246278f,-0.21461041721628815f,1.3016134844362108f,0.01068030636503179f,0.21436782939994772f,0.9766946118282336f,0.1570335091420656f,0f,0f,0f,1f], start_interpolation: 0, interpolation_duration: 1 }
$data merge entity $(bone_head) { transformation: [0.9993689220504972f,-0.0342037983689112f,-0.009584248367297921f,-0.02438154181562962f,0.03387755445093767f,0.9989022099083961f,-0.03235253227409862f,1.3515669235373222f,0.01068030636503179f,0.03200742440843546f,0.9994305657916849f,0.1690655047432925f,0f,0f,0f,1f], start_interpolation: 0, interpolation_duration: 1 }
$data merge entity $(bone_torso) { transformation: [0.9993689220504972f,-0.03546406082273399f,-0.002014455159245125f,0f,0.03387755445093767f,0.9686427978724684f,-0.24613703791632027f,0.685625f,0.01068030636503179f,0.24591346144478907f,0.9692329444133599f,0f,0f,0f,0f,1f], start_interpolation: 0, interpolation_duration: 1 }
$data merge entity $(bone_upper_body) { transformation: [0.9993689220504972f,-0.03546406082273399f,-0.002014455159245125f,0f,0.03387755445093767f,0.9686427978724684f,-0.24613703791632027f,0.685625f,0.01068030636503179f,0.24591346144478907f,0.9692329444133599f,0f,0f,0f,0f,1f], start_interpolation: 0, interpolation_duration: 1 }
$data merge entity $(bone_right_lower_leg) { transformation: [1f,0f,0f,-0.125f,0f,0.9961946980917455f,0.0871557427476583f,0.3642099570550447f,0f,-0.0871557427476583f,0.9961946980917455f,0.26516504294495535f,0f,0f,0f,1f], start_interpolation: 0, interpolation_duration: 1 }
$data merge entity $(bone_right_leg) { transformation: [1f,0f,0f,-0.125f,0f,0.7071067811865475f,0.7071067811865476f,0.629375f,0f,-0.7071067811865476f,0.7071067811865475f,0f,0f,0f,0f,1f], start_interpolation: 0, interpolation_duration: 1 }
$data merge entity $(bone_left_lower_leg) { transformation: [1f,0f,0f,0.125f,0f,0.6087614290087207f,-0.7933533402912352f,0.254375f,0f,0.7933533402912352f,0.6087614290087207f,0f,0f,0f,0f,1f], start_interpolation: 0, interpolation_duration: 1 }
$data merge entity $(bone_left_leg) { transformation: [1f,0f,0f,0.125f,0f,1f,0f,0.629375f,0f,0f,1f,0f,0f,0f,0f,1f], start_interpolation: 0, interpolation_duration: 1 }