# This file was generated by Animated Java via MC-Build. It is not recommended to edit this file directly.
$data merge entity $(bone_right_forearm) { transformation: [1f,0f,0f,-0.31249999999999994f,1.925929944387236e-34f,0.9999538501353575f,-0.009607163966267096f,0.39645053234041966f,-2.465190328815662e-32f,0.009607163966267096f,0.9999538501353578f,0.022284451265229835f,0f,0f,0f,1f], start_interpolation: 0, interpolation_duration: 1 }
$data merge entity $(bone_right_arm) { transformation: [1f,0f,0f,-0.31249999999999994f,1.925929944387236e-34f,0.9999538501353575f,-0.009607163966267096f,0.646438994874259f,-2.465190328815662e-32f,0.009607163966267096f,0.9999538501353578f,0.02468624225679661f,0f,0f,0f,1f], start_interpolation: 0, interpolation_duration: 1 }
$data merge entity $(bone_left_forearm) { transformation: [1f,0f,0f,0.31250000000000006f,1.925929944387236e-34f,0.9999538501353575f,-0.009607163966267096f,0.39645053234041966f,-2.465190328815662e-32f,0.009607163966267096f,0.9999538501353578f,0.022284451265229835f,0f,0f,0f,1f], start_interpolation: 0, interpolation_duration: 1 }
$data merge entity $(bone_left_arm) { transformation: [1f,0f,0f,0.31250000000000006f,1.925929944387236e-34f,0.9999538501353575f,-0.009607163966267096f,0.646438994874259f,-2.465190328815662e-32f,0.009607163966267096f,0.9999538501353578f,0.02468624225679661f,0f,0f,0f,1f], start_interpolation: 0, interpolation_duration: 1 }
$data merge entity $(bone_head) { transformation: [1f,0f,0f,4.468453315159054e-17f,1.925929944387236e-34f,0.15276416045211688f,-0.9882626732207183f,0.6952071284966443f,-2.465190328815662e-32f,0.9882626732207183f,0.15276416045211688f,0.06377484856335586f,0f,0f,0f,1f], start_interpolation: 0, interpolation_duration: 1 }
$data merge entity $(bone_torso) { transformation: [1f,0f,0f,4.468453315159054e-17f,1.925929944387236e-34f,0.7802901379581635f,-0.6254177009049474f,0.1587576586504069f,-2.465190328815662e-32f,0.6254177009049475f,0.7802901379581636f,-0.3661998208087956f,0f,0f,0f,1f], start_interpolation: 0, interpolation_duration: 1 }
$data merge entity $(bone_upper_body) { transformation: [1f,0f,0f,4.468453315159054e-17f,1.925929944387236e-34f,0.7802901379581635f,-0.6254177009049474f,0.1587576586504069f,-2.465190328815662e-32f,0.6254177009049475f,0.7802901379581636f,-0.3661998208087956f,0f,0f,0f,1f], start_interpolation: 0, interpolation_duration: 1 }
$data merge entity $(bone_right_lower_leg) { transformation: [1f,0f,0f,-0.12499999999999996f,1.925929944387236e-34f,0.060616267848438155f,0.9981611433391537f,0.07978916041923662f,-2.465190328815662e-32f,-0.9981611433391538f,0.06061626784843816f,0.006919982043459394f,0f,0f,0f,1f], start_interpolation: 0, interpolation_duration: 1 }
$data merge entity $(bone_right_leg) { transformation: [1f,0f,0f,-0.12499999999999996f,1.925929944387236e-34f,0.060616267848438155f,0.9981611433391537f,0.10252026086240092f,-2.465190328815662e-32f,-0.9981611433391538f,0.06061626784843816f,-0.3673904467087233f,0f,0f,0f,1f], start_interpolation: 0, interpolation_duration: 1 }
$data merge entity $(bone_left_lower_leg) { transformation: [1f,0f,0f,0.12500000000000006f,1.925929944387236e-34f,0.060616267848438155f,0.9981611433391537f,0.07978916041923662f,-2.465190328815662e-32f,-0.9981611433391538f,0.06061626784843816f,0.006919982043459394f,0f,0f,0f,1f], start_interpolation: 0, interpolation_duration: 1 }
$data merge entity $(bone_left_leg) { transformation: [1f,0f,0f,0.12500000000000006f,1.925929944387236e-34f,0.060616267848438155f,0.9981611433391537f,0.10252026086240092f,-2.465190328815662e-32f,-0.9981611433391538f,0.06061626784843816f,-0.3673904467087233f,0f,0f,0f,1f], start_interpolation: 0, interpolation_duration: 1 }