# This file was generated by Animated Java via MC-Build. It is not recommended to edit this file directly.
$data merge entity $(bone_right_forearm) { transformation: [1f,0f,0f,-0.3125f,-1.5407439555097887e-33f,0.992925261411231f,-0.11874100071769034f,1.2080917636521684f,0f,0.11874100071769034f,0.992925261411231f,-0.06528186483701184f,0f,0f,0f,1f], start_interpolation: 0, interpolation_duration: 1 }
$data merge entity $(bone_right_arm) { transformation: [1f,0f,0f,-0.3125f,-1.5407439555097887e-33f,0.9856367159651013f,-0.16887943670420755f,1.4545009426434437f,0f,0.16887943670420755f,0.9856367159651013f,-0.02306200566095995f,0f,0f,0f,1f], start_interpolation: 0, interpolation_duration: 1 }
$data merge entity $(bone_left_forearm) { transformation: [1f,0f,0f,0.3125f,-1.5407439555097887e-33f,0.992925261411231f,-0.11874100071769034f,1.2080917636521684f,0f,0.11874100071769034f,0.992925261411231f,-0.06528186483701184f,0f,0f,0f,1f], start_interpolation: 0, interpolation_duration: 1 }
$data merge entity $(bone_left_arm) { transformation: [1f,0f,0f,0.3125f,-1.5407439555097887e-33f,0.9856367159651013f,-0.16887943670420755f,1.4545009426434437f,0f,0.16887943670420755f,0.9856367159651013f,-0.02306200566095995f,0f,0f,0f,1f], start_interpolation: 0, interpolation_duration: 1 }
$data merge entity $(bone_head) { transformation: [1f,0f,0f,-2.022785623823174e-18f,-1.5407439555097887e-33f,0.9872031335886597f,0.15946778054745409f,1.5167823433119798f,0f,-0.15946778054745409f,0.9872031335886597f,-0.02828475692492651f,0f,0f,0f,1f], start_interpolation: 0, interpolation_duration: 1 }
$data merge entity $(bone_torso) { transformation: [1f,0f,0f,-2.022785623823174e-18f,-1.5407439555097887e-33f,0.9965024106965785f,0.08356402022346503f,0.8316869359580822f,0f,-0.08356402022346503f,0.9965024106965785f,0.029165506978705694f,0f,0f,0f,1f], start_interpolation: 0, interpolation_duration: 1 }
$data merge entity $(bone_upper_body) { transformation: [1f,0f,0f,-2.022785623823174e-18f,-1.5407439555097887e-33f,0.9965024106965785f,0.08356402022346503f,0.8316869359580822f,0f,-0.08356402022346503f,0.9965024106965785f,0.029165506978705694f,0f,0f,0f,1f], start_interpolation: 0, interpolation_duration: 1 }
$data merge entity $(bone_right_lower_leg) { transformation: [1f,0f,0f,-0.125f,-1.5407439555097887e-33f,0.8796447044814496f,-0.47563136342943496f,0.42144534850301363f,0f,0.47563136342943496f,0.8796447044814496f,-0.07982384389815816f,0f,0f,0f,1f], start_interpolation: 0, interpolation_duration: 1 }
$data merge entity $(bone_right_leg) { transformation: [1f,0f,0f,-0.125f,-1.5407439555097887e-33f,0.9470812378085298f,-0.32099397033443333f,0.7766008126812123f,0f,0.32099397033443333f,0.9470812378085298f,0.04054889497725433f,0f,0f,0f,1f], start_interpolation: 0, interpolation_duration: 1 }
$data merge entity $(bone_left_lower_leg) { transformation: [1f,0f,0f,0.125f,-1.5407439555097887e-33f,0.8796447044814496f,-0.47563136342943496f,0.42144534850301363f,0f,0.47563136342943496f,0.8796447044814496f,-0.07982384389815816f,0f,0f,0f,1f], start_interpolation: 0, interpolation_duration: 1 }
$data merge entity $(bone_left_leg) { transformation: [1f,0f,0f,0.125f,-1.5407439555097887e-33f,0.9470812378085298f,-0.32099397033443333f,0.7766008126812123f,0f,0.32099397033443333f,0.9470812378085298f,0.04054889497725433f,0f,0f,0f,1f], start_interpolation: 0, interpolation_duration: 1 }