# This file was generated by Animated Java via MC-Build. It is not recommended to edit this file directly.
$data merge entity $(bone_right_forearm) { transformation: [1f,3.912227392191773e-33f,2.4533780391659396e-32f,-0.3125f,-1.5407439555097887e-33f,0.9904096818565128f,-0.13816172438443627f,1.2061228129363264f,0f,0.13816172438443627f,0.9904096818565128f,-0.05322342748347145f,0f,0f,0f,1f], start_interpolation: 0, interpolation_duration: 1 }
$data merge entity $(bone_right_arm) { transformation: [1f,5.047150102965918e-33f,2.4325669144188365e-32f,-0.3125f,-1.5407439555097887e-33f,0.982926430937064f,-0.1839989982726129f,1.4518544206705923f,0f,0.1839989982726129f,0.982926430937064f,-0.007223677915318225f,0f,0f,0f,1f], start_interpolation: 0, interpolation_duration: 1 }
$data merge entity $(bone_left_forearm) { transformation: [1f,3.912227392191773e-33f,2.4533780391659396e-32f,0.3125f,-1.5407439555097887e-33f,0.9904096818565128f,-0.13816172438443627f,1.2061228129363264f,0f,0.13816172438443627f,0.9904096818565128f,-0.05322342748347145f,0f,0f,0f,1f], start_interpolation: 0, interpolation_duration: 1 }
$data merge entity $(bone_left_arm) { transformation: [1f,5.047150102965918e-33f,2.4325669144188365e-32f,0.3125f,-1.5407439555097887e-33f,0.982926430937064f,-0.1839989982726129f,1.4518544206705923f,0f,0.1839989982726129f,0.982926430937064f,-0.007223677915318225f,0f,0f,0f,1f], start_interpolation: 0, interpolation_duration: 1 }
$data merge entity $(bone_head) { transformation: [1f,-1.569269025176305e-33f,2.479413838392069e-32f,-1.6283265900275047e-18f,-1.5407439555097887e-33f,0.9965794912144964f,0.0826396859302809f,1.5142848489282268f,0f,-0.0826396859302809f,0.9965794912144964f,-0.010171834554364205f,0f,0f,0f,1f], start_interpolation: 0, interpolation_duration: 1 }
$data merge entity $(bone_torso) { transformation: [1f,-6.871303328787151e-34f,2.4834245617292765e-32f,-1.6283265900275043e-18f,-1.5407439555097887e-33f,0.9988868521221521f,0.0471705062247357f,0.8275501380942473f,0f,-0.0471705062247357f,0.9988868521221521f,0.02225788847514159f,0f,0f,0f,1f], start_interpolation: 0, interpolation_duration: 1 }
$data merge entity $(bone_upper_body) { transformation: [1f,-6.871303328787151e-34f,2.4834245617292765e-32f,-1.6283265900275043e-18f,-1.5407439555097887e-33f,0.9988868521221521f,0.0471705062247357f,0.8275501380942473f,0f,-0.0471705062247357f,0.9988868521221521f,0.02225788847514159f,0f,0f,0f,1f], start_interpolation: 0, interpolation_duration: 1 }
$data merge entity $(bone_right_lower_leg) { transformation: [1f,1.2275679193490091e-32f,2.1599064882834656e-32f,-0.125f,-1.5407439555097887e-33f,0.8788782809229184f,-0.477046085113352f,0.41865746787760916f,0f,0.477046085113352f,0.8788782809229184f,-0.09560472113644612f,0f,0f,0f,1f], start_interpolation: 0, interpolation_duration: 1 }
$data merge entity $(bone_right_leg) { transformation: [1f,8.79805255338195e-33f,2.3233729247417777e-32f,-0.125f,-1.5407439555097887e-33f,0.941930416664243f,-0.3358081150936131f,0.7718813741267003f,0f,0.3358081150936131f,0.941930416664243f,0.0303233220236588f,0f,0f,0f,1f], start_interpolation: 0, interpolation_duration: 1 }
$data merge entity $(bone_left_lower_leg) { transformation: [1f,1.2275679193490091e-32f,2.1599064882834656e-32f,0.125f,-1.5407439555097887e-33f,0.8788782809229184f,-0.477046085113352f,0.41865746787760916f,0f,0.477046085113352f,0.8788782809229184f,-0.09560472113644612f,0f,0f,0f,1f], start_interpolation: 0, interpolation_duration: 1 }
$data merge entity $(bone_left_leg) { transformation: [1f,8.79805255338195e-33f,2.3233729247417777e-32f,0.125f,-1.5407439555097887e-33f,0.941930416664243f,-0.3358081150936131f,0.7718813741267003f,0f,0.3358081150936131f,0.941930416664243f,0.0303233220236588f,0f,0f,0f,1f], start_interpolation: 0, interpolation_duration: 1 }