# This file was generated by Animated Java via MC-Build. It is not recommended to edit this file directly.
$data merge entity $(bone_right_forearm) { transformation: [1f,0f,0f,-0.3125f,0f,0.9890907432817369f,-0.14730750678217627f,1.2036680386560248f,-2.465190328815662e-32f,0.14730750678217627f,0.9890907432817369f,-0.04364196523210553f,0f,0f,0f,1f], start_interpolation: 0, interpolation_duration: 1 }
$data merge entity $(bone_right_arm) { transformation: [1f,0f,0f,-0.3125f,0f,0.9819907793022232f,-0.18892884736167778f,1.4491657334815806f,-2.465190328815662e-32f,0.18892884736167778f,0.9819907793022232f,0.00359024660831392f,0f,0f,0f,1f], start_interpolation: 0, interpolation_duration: 1 }
$data merge entity $(bone_left_forearm) { transformation: [1f,0f,0f,0.3125f,0f,0.9890907432817369f,-0.14730750678217627f,1.2036680386560248f,-2.465190328815662e-32f,0.14730750678217627f,0.9890907432817369f,-0.04364196523210553f,0f,0f,0f,1f], start_interpolation: 0, interpolation_duration: 1 }
$data merge entity $(bone_left_arm) { transformation: [1f,0f,0f,0.3125f,0f,0.9819907793022232f,-0.18892884736167778f,1.4491657334815806f,-2.465190328815662e-32f,0.18892884736167778f,0.9819907793022232f,0.00359024660831392f,0f,0f,0f,1f], start_interpolation: 0, interpolation_duration: 1 }
$data merge entity $(bone_head) { transformation: [1f,0f,0f,-1.3003191651720649e-18f,0f,0.999643761649809f,0.02668988187721733f,1.511651877429785f,-2.465190328815662e-32f,-0.02668988187721733f,0.999643761649809f,0.002274262381858235f,0f,0f,0f,1f], start_interpolation: 0, interpolation_duration: 1 }
$data merge entity $(bone_torso) { transformation: [1f,0f,0f,-1.3003191651720649e-18f,0f,0.9997783031712701f,0.021055747623290946f,0.8243042939995366f,-2.465190328815662e-32f,-0.021055747623290946f,0.9997783031712701f,0.01675008887287076f,0f,0f,0f,1f], start_interpolation: 0, interpolation_duration: 1 }
$data merge entity $(bone_upper_body) { transformation: [1f,0f,0f,-1.3003191651720649e-18f,0f,0.9997783031712701f,0.021055747623290946f,0.8243042939995366f,-2.465190328815662e-32f,-0.021055747623290946f,0.9997783031712701f,0.01675008887287076f,0f,0f,0f,1f], start_interpolation: 0, interpolation_duration: 1 }
$data merge entity $(bone_right_lower_leg) { transformation: [1f,0f,0f,-0.125f,0f,0.8848563619952475f,-0.4658639486336493f,0.41527784450287275f,-2.465190328815662e-32f,0.4658639486336493f,0.8848563619952475f,-0.10415173925399751f,0f,0f,0f,1f], start_interpolation: 0, interpolation_duration: 1 }
$data merge entity $(bone_right_leg) { transformation: [1f,0f,0f,-0.125f,0f,0.9414609336780945f,-0.3371221000735053f,0.7683256946321582f,-2.465190328815662e-32f,0.3371221000735053f,0.9414609336780945f,0.022269048273566967f,0f,0f,0f,1f], start_interpolation: 0, interpolation_duration: 1 }
$data merge entity $(bone_left_lower_leg) { transformation: [1f,0f,0f,0.125f,0f,0.8848563619952475f,-0.4658639486336493f,0.41527784450287275f,-2.465190328815662e-32f,0.4658639486336493f,0.8848563619952475f,-0.10415173925399751f,0f,0f,0f,1f], start_interpolation: 0, interpolation_duration: 1 }
$data merge entity $(bone_left_leg) { transformation: [1f,0f,0f,0.125f,0f,0.9414609336780945f,-0.3371221000735053f,0.7683256946321582f,-2.465190328815662e-32f,0.3371221000735053f,0.9414609336780945f,0.022269048273566967f,0f,0f,0f,1f], start_interpolation: 0, interpolation_duration: 1 }