# This file was generated by Animated Java via MC-Build. It is not recommended to edit this file directly.
$data merge entity $(bone_right_forearm) { transformation: [1f,5.2071354992101536e-33f,2.4095685830071173e-32f,-0.3125f,0f,0.9890159000076654f,-0.14780916592697443f,1.2010140582089983f,0f,0.14780916592697443f,0.9890159000076654f,-0.03621719170905498f,0f,0f,0f,1f], start_interpolation: 0, interpolation_duration: 1 }
$data merge entity $(bone_right_arm) { transformation: [1f,6.1188670256601574e-33f,2.3880448112439517e-32f,-0.3125f,0f,0.9826859386070249f,-0.18527910314989807f,1.4466855428607546f,0f,0.18527910314989807f,0.9826859386070249f,0.01010258407841954f,0f,0f,0f,1f], start_interpolation: 0, interpolation_duration: 1 }
$data merge entity $(bone_left_forearm) { transformation: [1f,5.2071354992101536e-33f,2.4095685830071173e-32f,0.3125f,0f,0.9890159000076654f,-0.14780916592697443f,1.2010140582089983f,0f,0.14780916592697443f,0.9890159000076654f,-0.03621719170905498f,0f,0f,0f,1f], start_interpolation: 0, interpolation_duration: 1 }
$data merge entity $(bone_left_arm) { transformation: [1f,6.1188670256601574e-33f,2.3880448112439517e-32f,0.3125f,0f,0.9826859386070249f,-0.18527910314989807f,1.4466855428607546f,0f,0.18527910314989807f,0.9826859386070249f,0.01010258407841954f,0f,0f,0f,1f], start_interpolation: 0, interpolation_duration: 1 }
$data merge entity $(bone_head) { transformation: [1f,1.859018916022072e-33f,2.4581708329538437e-32f,-1.024165592848671e-18f,0f,0.9999394395472473f,-0.011005327706935835f,1.5091851242923524f,0f,0.011005327706935835f,0.9999394395472473f,0.009873846510252238f,0f,0f,0f,1f], start_interpolation: 0, interpolation_duration: 1 }
$data merge entity $(bone_torso) { transformation: [1f,1.4983323487574952e-33f,2.4606327151797646e-32f,-1.024165592848672e-18f,0f,0.9999933029055629f,0.0036598010906768175f,0.8216897285447778f,0f,-0.0036598010906768175f,0.9999933029055629f,0.01238995976009255f,0f,0f,0f,1f], start_interpolation: 0, interpolation_duration: 1 }
$data merge entity $(bone_upper_body) { transformation: [1f,1.4983323487574952e-33f,2.4606327151797646e-32f,-1.024165592848672e-18f,0f,0.9999933029055629f,0.0036598010906768175f,0.8216897285447778f,0f,-0.0036598010906768175f,0.9999933029055629f,0.01238995976009255f,0f,0f,0f,1f], start_interpolation: 0, interpolation_duration: 1 }
$data merge entity $(bone_right_lower_leg) { transformation: [1f,1.2347220542772001e-32f,2.133688076071046e-32f,-0.125f,0f,0.8959999152235983f,-0.4440542218235345f,0.4112110063128998f,0f,0.4440542218235345f,0.8959999152235983f,-0.10672199986036376f,0f,0f,0f,1f], start_interpolation: 0, interpolation_duration: 1 }
$data merge entity $(bone_right_leg) { transformation: [1f,9.552612915318175e-33f,2.2725842607452943e-32f,-0.125f,0f,0.9449216129947872f,-0.3272967236244963f,0.765556611185945f,0f,0.3272967236244963f,0.9449216129947872f,0.01601427149882234f,0f,0f,0f,1f], start_interpolation: 0, interpolation_duration: 1 }
$data merge entity $(bone_left_lower_leg) { transformation: [1f,1.2347220542772001e-32f,2.133688076071046e-32f,0.125f,0f,0.8959999152235983f,-0.4440542218235345f,0.4112110063128998f,0f,0.4440542218235345f,0.8959999152235983f,-0.10672199986036376f,0f,0f,0f,1f], start_interpolation: 0, interpolation_duration: 1 }
$data merge entity $(bone_left_leg) { transformation: [1f,9.552612915318175e-33f,2.2725842607452943e-32f,0.125f,0f,0.9449216129947872f,-0.3272967236244963f,0.765556611185945f,0f,0.3272967236244963f,0.9449216129947872f,0.01601427149882234f,0f,0f,0f,1f], start_interpolation: 0, interpolation_duration: 1 }