# This file was generated by Animated Java via MC-Build. It is not recommended to edit this file directly.
$data merge entity $(bone_right_forearm) { transformation: [1f,-4.4638329917612755e-33f,-2.4244391738096682e-32f,-0.3125f,0f,0.9899594851147792f,-0.14135139840582162f,1.1983765072536225f,-2.465190328815662e-32f,0.14135139840582164f,0.9899594851147794f,-0.030514282083850895f,0f,0f,0f,1f], start_interpolation: 0, interpolation_duration: 1 }
$data merge entity $(bone_right_arm) { transformation: [1f,-5.280119860992112e-33f,-2.407979796389878e-32f,-0.3125f,0f,0.9846206820641248f,-0.17470578826008562f,1.4445316777696537f,-2.465190328815662e-32f,0.17470578826008568f,0.984620682064125f,0.013162164981170524f,0f,0f,0f,1f], start_interpolation: 0, interpolation_duration: 1 }
$data merge entity $(bone_left_forearm) { transformation: [1f,-4.4638329917612755e-33f,-2.4244391738096682e-32f,0.3125f,0f,0.9899594851147792f,-0.14135139840582162f,1.1983765072536225f,-2.465190328815662e-32f,0.14135139840582164f,0.9899594851147794f,-0.030514282083850895f,0f,0f,0f,1f], start_interpolation: 0, interpolation_duration: 1 }
$data merge entity $(bone_left_arm) { transformation: [1f,-5.280119860992112e-33f,-2.407979796389878e-32f,0.3125f,0f,0.9846206820641248f,-0.17470578826008562f,1.4445316777696537f,-2.465190328815662e-32f,0.17470578826008568f,0.984620682064125f,0.013162164981170524f,0f,0f,0f,1f], start_interpolation: 0, interpolation_duration: 1 }
$data merge entity $(bone_head) { transformation: [1f,-1.8161470989127654e-33f,-2.4584912963924397e-32f,-7.907559225538281e-19f,0f,0.9994393999931467f,-0.0334796317384008f,1.5070302732357086f,-2.465190328815662e-32f,0.033479631738400815f,0.9994393999931469f,0.013581169480493219f,0f,0f,0f,1f], start_interpolation: 0, interpolation_duration: 1 }
$data merge entity $(bone_torso) { transformation: [1f,-1.1571471037061886e-33f,-2.462473038043283e-32f,-7.907559225538273e-19f,0f,0.9999775274568745f,-0.006704071989163132f,0.8195457231091072f,-2.465190328815662e-32f,0.006704071989163139f,0.9999775274568747f,0.008972119987943561f,0f,0f,0f,1f], start_interpolation: 0, interpolation_duration: 1 }
$data merge entity $(bone_upper_body) { transformation: [1f,-1.1571471037061886e-33f,-2.462473038043283e-32f,-7.907559225538273e-19f,0f,0.9999775274568745f,-0.006704071989163132f,0.8195457231091072f,-2.465190328815662e-32f,0.006704071989163139f,0.9999775274568747f,0.008972119987943561f,0f,0f,0f,1f], start_interpolation: 0, interpolation_duration: 1 }
$data merge entity $(bone_right_lower_leg) { transformation: [1f,-1.108326362482266e-32f,-2.2019936492899112e-32f,-0.125f,0f,0.9106035002227416f,-0.4132810972958857f,0.40661327620214105f,-2.465190328815662e-32f,0.4132810972958858f,0.9106035002227418f,-0.10439354500720713f,0f,0f,0f,1f], start_interpolation: 0, interpolation_duration: 1 }
$data merge entity $(bone_right_leg) { transformation: [1f,-8.53882437673169e-33f,-2.3125847314032838e-32f,-0.125f,0f,0.9512746957002287f,-0.30834469886871296f,0.7633412870897268f,-2.465190328815662e-32f,0.308344698868713f,0.9512746957002289f,0.011235717068560247f,0f,0f,0f,1f], start_interpolation: 0, interpolation_duration: 1 }
$data merge entity $(bone_left_lower_leg) { transformation: [1f,-1.108326362482266e-32f,-2.2019936492899112e-32f,0.125f,0f,0.9106035002227416f,-0.4132810972958857f,0.40661327620214105f,-2.465190328815662e-32f,0.4132810972958858f,0.9106035002227418f,-0.10439354500720713f,0f,0f,0f,1f], start_interpolation: 0, interpolation_duration: 1 }
$data merge entity $(bone_left_leg) { transformation: [1f,-8.53882437673169e-33f,-2.3125847314032838e-32f,0.125f,0f,0.9512746957002287f,-0.30834469886871296f,0.7633412870897268f,-2.465190328815662e-32f,0.308344698868713f,0.9512746957002289f,0.011235717068560247f,0f,0f,0f,1f], start_interpolation: 0, interpolation_duration: 1 }