# This file was generated by Animated Java via MC-Build. It is not recommended to edit this file directly.
$data merge entity $(bone_right_forearm) { transformation: [1.0000000000000004f,-3.769343208772304e-33f,-2.4362027573728534e-32f,-0.3125000000000001f,-1.925929944387236e-34f,0.9915736160971909f,-0.1295444474299886f,1.1959013584863774f,2.465190328815662e-32f,0.12954444742998864f,0.9915736160971912f,-0.026074878871560687f,0f,0f,0f,1f], start_interpolation: 0, interpolation_duration: 1 }
$data merge entity $(bone_right_arm) { transformation: [1.0000000000000004f,-4.487684586963024e-33f,-2.423998809357302e-32f,-0.3125000000000001f,-1.925929944387236e-34f,0.9873119744036786f,-0.15879252249117412f,1.442729352087297f,2.465190328815662e-32f,0.15879252249117415f,0.9873119744036789f,0.01362325175123285f,0f,0f,0f,1f], start_interpolation: 0, interpolation_duration: 1 }
$data merge entity $(bone_left_forearm) { transformation: [1.0000000000000004f,-3.769343208772304e-33f,-2.4362027573728534e-32f,0.3125000000000001f,-1.925929944387236e-34f,0.9915736160971909f,-0.1295444474299886f,1.1959013584863774f,2.465190328815662e-32f,0.12954444742998864f,0.9915736160971912f,-0.026074878871560687f,0f,0f,0f,1f], start_interpolation: 0, interpolation_duration: 1 }
$data merge entity $(bone_left_arm) { transformation: [1.0000000000000004f,-4.487684586963024e-33f,-2.423998809357302e-32f,0.3125000000000001f,-1.925929944387236e-34f,0.9873119744036786f,-0.15879252249117412f,1.442729352087297f,2.465190328815662e-32f,0.15879252249117415f,0.9873119744036789f,0.01362325175123285f,0f,0f,0f,1f], start_interpolation: 0, interpolation_duration: 1 }
$data merge entity $(bone_head) { transformation: [1.0000000000000004f,-1.6605471086349793e-33f,-2.459591264882503e-32f,-5.939991211799865e-19f,-1.925929944387236e-34f,0.9990402543443101f,-0.04380148627222948f,1.5052250907164009f,2.465190328815662e-32f,0.0438014862722295f,0.9990402543443104f,0.014353082692435959f,0f,0f,0f,1f], start_interpolation: 0, interpolation_duration: 1 }
$data merge entity $(bone_torso) { transformation: [1.0000000000000004f,-8.693636383646851e-34f,-2.4636569213121304e-32f,-5.93999121179986e-19f,-1.925929944387236e-34f,0.9999318180656616f,-0.011677295059249696f,0.8177719657962584f,2.465190328815662e-32f,0.01167729505924971f,0.9999318180656619f,0.006324942339201782f,0f,0f,0f,1f], start_interpolation: 0, interpolation_duration: 1 }
$data merge entity $(bone_upper_body) { transformation: [1.0000000000000004f,-8.693636383646851e-34f,-2.4636569213121304e-32f,-5.93999121179986e-19f,-1.925929944387236e-34f,0.9999318180656616f,-0.011677295059249696f,0.8177719657962584f,2.465190328815662e-32f,0.01167729505924971f,0.9999318180656619f,0.006324942339201782f,0f,0f,0f,1f], start_interpolation: 0, interpolation_duration: 1 }
$data merge entity $(bone_right_lower_leg) { transformation: [1.0000000000000004f,-9.781661605183425e-33f,-2.262819992775182e-32f,-0.12500000000000006f,-1.925929944387236e-34f,0.9270148873976148f,-0.3750245305885838f,0.4017591788361925f,2.465190328815662e-32f,0.375024530588584f,0.9270148873976152f,-0.09810460201297098f,0f,0f,0f,1f], start_interpolation: 0, interpolation_duration: 1 }
$data merge entity $(bone_right_leg) { transformation: [1.0000000000000004f,-7.508346855005608e-33f,-2.3480652955860373e-32f,-0.12500000000000006f,-1.925929944387236e-34f,0.9594091854338782f,-0.2820177563649179f,0.7615376233738969f,2.465190328815662e-32f,0.282017756364918f,0.9594091854338785f,0.007652056623873263f,0f,0f,0f,1f], start_interpolation: 0, interpolation_duration: 1 }
$data merge entity $(bone_left_lower_leg) { transformation: [1.0000000000000004f,-9.781661605183425e-33f,-2.262819992775182e-32f,0.12500000000000006f,-1.925929944387236e-34f,0.9270148873976148f,-0.3750245305885838f,0.4017591788361925f,2.465190328815662e-32f,0.375024530588584f,0.9270148873976152f,-0.09810460201297098f,0f,0f,0f,1f], start_interpolation: 0, interpolation_duration: 1 }
$data merge entity $(bone_left_leg) { transformation: [1.0000000000000004f,-7.508346855005608e-33f,-2.3480652955860373e-32f,0.12500000000000006f,-1.925929944387236e-34f,0.9594091854338782f,-0.2820177563649179f,0.7615376233738969f,2.465190328815662e-32f,0.282017756364918f,0.9594091854338785f,0.007652056623873263f,0f,0f,0f,1f], start_interpolation: 0, interpolation_duration: 1 }