# This file was generated by Animated Java via MC-Build. It is not recommended to edit this file directly.
$data merge entity $(bone_right_forearm) { transformation: [0.9999999999999998f,1.910454656999417e-34f,-2.4365786307168975e-35f,-0.31249999999999994f,0f,0.9934955847534251f,-0.11387064185052205f,1.193681628218645f,0f,0.11387064185052204f,0.9934955847534249f,-0.022461199817260198f,0f,0f,0f,1f], start_interpolation: 0, interpolation_duration: 1 }
$data merge entity $(bone_right_arm) { transformation: [0.9999999999999998f,1.9036690298695794e-34f,-2.9197666927827674e-35f,-0.31249999999999994f,0f,0.990292095038732f,-0.139002037768513f,1.441254651978328f,0f,0.13900203776851297f,0.9902920950387317f,0.012289309624868046f,0f,0f,0f,1f], start_interpolation: 0, interpolation_duration: 1 }
$data merge entity $(bone_left_forearm) { transformation: [0.9999999999999998f,1.910454656999417e-34f,-2.4365786307168975e-35f,0.31249999999999994f,0f,0.9934955847534251f,-0.11387064185052205f,1.193681628218645f,0f,0.11387064185052204f,0.9934955847534249f,-0.022461199817260198f,0f,0f,0f,1f], start_interpolation: 0, interpolation_duration: 1 }
$data merge entity $(bone_left_arm) { transformation: [0.9999999999999998f,1.9036690298695794e-34f,-2.9197666927827674e-35f,0.31249999999999994f,0f,0.990292095038732f,-0.139002037768513f,1.441254651978328f,0f,0.13900203776851297f,0.9902920950387317f,0.012289309624868046f,0f,0f,0f,1f], start_interpolation: 0, interpolation_duration: 1 }
$data merge entity $(bone_head) { transformation: [0.9999999999999998f,1.922728063644965e-34f,-1.1100875622898122e-35f,-4.296355932880962e-19f,0f,0.9989906002926522f,-0.0449197120085011f,1.5037495508505858f,0f,0.04491971200850109f,0.998990600292652f,0.01308781757490574f,0f,0f,0f,1f], start_interpolation: 0, interpolation_duration: 1 }
$data merge entity $(bone_torso) { transformation: [0.9999999999999998f,1.9253031891259113e-34f,-4.9130241491540954e-36f,-4.2963559328809634e-19f,0f,0.9999183819561245f,-0.0127761272006031f,0.8163056632557503f,0f,0.012776127200603093f,0.9999183819561243f,0.004304230124491113f,0f,0f,0f,1f], start_interpolation: 0, interpolation_duration: 1 }
$data merge entity $(bone_upper_body) { transformation: [0.9999999999999998f,1.9253031891259113e-34f,-4.9130241491540954e-36f,-4.2963559328809634e-19f,0f,0.9999183819561245f,-0.0127761272006031f,0.8163056632557503f,0f,0.012776127200603093f,0.9999183819561243f,0.004304230124491113f,0f,0f,0f,1f], start_interpolation: 0, interpolation_duration: 1 }
$data merge entity $(bone_right_lower_leg) { transformation: [0.9999999999999998f,1.8093441449049517e-34f,-6.599090209912199e-35f,-0.12499999999999997f,0f,0.9437528572854342f,-0.33065169645047787f,0.3969551361789069f,0f,0.3306516964504778f,0.943752857285434f,-0.08867940202915234f,0f,0f,0f,1f], start_interpolation: 0, interpolation_duration: 1 }
$data merge entity $(bone_right_leg) { transformation: [0.9999999999999998f,1.8585598493362663e-34f,-5.049370625360912e-35f,-0.12499999999999997f,0f,0.9682802377974845f,-0.24986672665812662f,0.7600602253529636f,0f,0.24986672665812656f,0.9682802377974843f,0.005020620467645115f,0f,0f,0f,1f], start_interpolation: 0, interpolation_duration: 1 }
$data merge entity $(bone_left_lower_leg) { transformation: [0.9999999999999998f,1.8093441449049517e-34f,-6.599090209912199e-35f,0.12499999999999997f,0f,0.9437528572854342f,-0.33065169645047787f,0.3969551361789069f,0f,0.3306516964504778f,0.943752857285434f,-0.08867940202915234f,0f,0f,0f,1f], start_interpolation: 0, interpolation_duration: 1 }
$data merge entity $(bone_left_leg) { transformation: [0.9999999999999998f,1.8585598493362663e-34f,-5.049370625360912e-35f,0.12499999999999997f,0f,0.9682802377974845f,-0.24986672665812662f,0.7600602253529636f,0f,0.24986672665812656f,0.9682802377974843f,0.005020620467645115f,0f,0f,0f,1f], start_interpolation: 0, interpolation_duration: 1 }