# This file was generated by Animated Java via MC-Build. It is not recommended to edit this file directly.
$data merge entity $(bone_right_forearm) { transformation: [1f,-2.5087999723969805e-33f,-2.4523911972340956e-32f,-0.3125f,0f,0.9954143582982581f,-0.0956569667806122f,1.1917737184498427f,-2.465190328815662e-32f,0.0956569667806122f,0.9954143582982582f,-0.019278173863343014f,0f,0f,0f,1f], start_interpolation: 0, interpolation_duration: 1 }
$data merge entity $(bone_right_arm) { transformation: [1f,-3.0259721451876047e-33f,-2.446548238447744e-32f,-0.3125f,0f,0.9931730707475733f,-0.11665012448272644f,1.4400669861367361f,-2.465190328815662e-32f,0.11665012448272645f,0.9931730707475734f,0.009884357257338598f,0f,0f,0f,1f], start_interpolation: 0, interpolation_duration: 1 }
$data merge entity $(bone_left_forearm) { transformation: [1f,-2.5087999723969805e-33f,-2.4523911972340956e-32f,0.3125f,0f,0.9954143582982581f,-0.0956569667806122f,1.1917737184498427f,-2.465190328815662e-32f,0.0956569667806122f,0.9954143582982582f,-0.019278173863343014f,0f,0f,0f,1f], start_interpolation: 0, interpolation_duration: 1 }
$data merge entity $(bone_left_arm) { transformation: [1f,-3.0259721451876047e-33f,-2.446548238447744e-32f,0.3125f,0f,0.9931730707475733f,-0.11665012448272644f,1.4400669861367361f,-2.465190328815662e-32f,0.11665012448272645f,0.9931730707475734f,0.009884357257338598f,0f,0f,0f,1f], start_interpolation: 0, interpolation_duration: 1 }
$data merge entity $(bone_head) { transformation: [1f,-1.1277161010494904e-33f,-2.4626095754789486e-32f,-2.946023471367003e-19f,0f,0.9992152498252103f,-0.03960914688228724f,1.5025629590322431f,-2.465190328815662e-32f,0.03960914688228725f,0.9992152498252104f,0.01059384428614199f,0f,0f,0f,1f], start_interpolation: 0, interpolation_duration: 1 }
$data merge entity $(bone_torso) { transformation: [1f,-4.312407370722377e-34f,-2.464813110877408e-32f,-2.946023471367e-19f,0f,0.9999355663281138f,-0.011351792460854292f,0.8151072571816649f,-2.465190328815662e-32f,0.011351792460854295f,0.9999355663281139f,0.0027894869693046625f,0f,0f,0f,1f], start_interpolation: 0, interpolation_duration: 1 }
$data merge entity $(bone_upper_body) { transformation: [1f,-4.312407370722377e-34f,-2.464813110877408e-32f,-2.946023471367e-19f,0f,0.9999355663281138f,-0.011351792460854292f,0.8151072571816649f,-2.465190328815662e-32f,0.011351792460854295f,0.9999355663281139f,0.0027894869693046625f,0f,0f,0f,1f], start_interpolation: 0, interpolation_duration: 1 }
$data merge entity $(bone_right_lower_leg) { transformation: [1f,-7.083319048269971e-33f,-2.3612346918276527e-32f,-0.125f,0f,0.9595773252695163f,-0.28144512223273854f,0.39248605875094195f,-2.465190328815662e-32f,0.2814451222327386f,0.9595773252695164f,-0.07684231814267863f,0f,0f,0f,1f], start_interpolation: 0, interpolation_duration: 1 }
$data merge entity $(bone_right_leg) { transformation: [1f,-5.405409745322739e-33f,-2.405198289567405e-32f,-0.125f,0f,0.9769926918392904f,-0.21327278329083013f,0.7588583181906758f,-2.465190328815662e-32f,0.21327278329083016f,0.9769926918392905f,0.0031349755913826897f,0f,0f,0f,1f], start_interpolation: 0, interpolation_duration: 1 }
$data merge entity $(bone_left_lower_leg) { transformation: [1f,-7.083319048269971e-33f,-2.3612346918276527e-32f,0.125f,0f,0.9595773252695163f,-0.28144512223273854f,0.39248605875094195f,-2.465190328815662e-32f,0.2814451222327386f,0.9595773252695164f,-0.07684231814267863f,0f,0f,0f,1f], start_interpolation: 0, interpolation_duration: 1 }
$data merge entity $(bone_left_leg) { transformation: [1f,-5.405409745322739e-33f,-2.405198289567405e-32f,0.125f,0f,0.9769926918392904f,-0.21327278329083013f,0.7588583181906758f,-2.465190328815662e-32f,0.21327278329083016f,0.9769926918392905f,0.0031349755913826897f,0f,0f,0f,1f], start_interpolation: 0, interpolation_duration: 1 }