# This file was generated by Animated Java via MC-Build. It is not recommended to edit this file directly.
$data merge entity $(bone_right_forearm) { transformation: [1f,0f,0f,-0.3125f,0f,0.9971035083194905f,-0.07605651646613786f,1.1902093453365354f,0f,0.07605651646613787f,0.9971035083194907f,-0.0161845682621768f,0f,0f,0f,1f], start_interpolation: 0, interpolation_duration: 1 }
$data merge entity $(bone_right_arm) { transformation: [1f,0f,0f,-0.3125f,0f,0.9956767290125753f,-0.0928862277348943f,1.4391285275896792f,0f,0.09288622773489431f,0.9956767290125755f,0.007036988671546778f,0f,0f,0f,1f], start_interpolation: 0, interpolation_duration: 1 }
$data merge entity $(bone_left_forearm) { transformation: [1f,0f,0f,0.3125f,0f,0.9971035083194905f,-0.07605651646613786f,1.1902093453365354f,0f,0.07605651646613787f,0.9971035083194907f,-0.0161845682621768f,0f,0f,0f,1f], start_interpolation: 0, interpolation_duration: 1 }
$data merge entity $(bone_left_arm) { transformation: [1f,0f,0f,0.3125f,0f,0.9956767290125753f,-0.0928862277348943f,1.4391285275896792f,0f,0.09288622773489431f,0.9956767290125755f,0.007036988671546778f,0f,0f,0f,1f], start_interpolation: 0, interpolation_duration: 1 }
$data merge entity $(bone_head) { transformation: [1f,0f,0f,-1.8666729454023578e-19f,0f,0.9995361706823199f,-0.030453957012580087f,1.5016262330388492f,0f,0.030453957012580093f,0.9995361706823201f,0.007572538472031187f,0f,0f,0f,1f], start_interpolation: 0, interpolation_duration: 1 }
$data merge entity $(bone_torso) { transformation: [1f,0f,0f,-1.8666729454023578e-19f,0f,0.9999632871867183f,-0.008568796807750523f,0.8141514730979804f,0f,0.008568796807750526f,0.9999632871867186f,0.0016814906667027f,0f,0f,0f,1f], start_interpolation: 0, interpolation_duration: 1 }
$data merge entity $(bone_upper_body) { transformation: [1f,0f,0f,-1.8666729454023578e-19f,0f,0.9999632871867183f,-0.008568796807750523f,0.8141514730979804f,0f,0.008568796807750526f,0.9999632871867186f,0.0016814906667027f,0f,0f,0f,1f], start_interpolation: 0, interpolation_duration: 1 }
$data merge entity $(bone_right_lower_leg) { transformation: [1f,0f,0f,-0.125f,0f,0.9735208202298511f,-0.22859836521506025f,0.38858597543037127f,0f,0.22859836521506033f,0.9735208202298513f,-0.06322260891163729f,0f,0f,0f,1f], start_interpolation: 0, interpolation_duration: 1 }
$data merge entity $(bone_right_leg) { transformation: [1f,0f,0f,-0.125f,0f,0.9848418018022623f,-0.17345496655579976f,0.7579016511062197f,0f,0.1734549665557998f,0.9848418018022626f,0.001823003546787626f,0f,0f,0f,1f], start_interpolation: 0, interpolation_duration: 1 }
$data merge entity $(bone_left_lower_leg) { transformation: [1f,0f,0f,0.125f,0f,0.9735208202298511f,-0.22859836521506025f,0.38858597543037127f,0f,0.22859836521506033f,0.9735208202298513f,-0.06322260891163729f,0f,0f,0f,1f], start_interpolation: 0, interpolation_duration: 1 }
$data merge entity $(bone_left_leg) { transformation: [1f,0f,0f,0.125f,0f,0.9848418018022623f,-0.17345496655579976f,0.7579016511062197f,0f,0.1734549665557998f,0.9848418018022626f,0.001823003546787626f,0f,0f,0f,1f], start_interpolation: 0, interpolation_duration: 1 }