# This file was generated by Animated Java via MC-Build. It is not recommended to edit this file directly.
$data merge entity $(bone_right_forearm) { transformation: [1f,1.4009248009795183e-33f,2.4612065037916415e-32f,-0.3125f,-6.018531076210112e-36f,0.9984288881812677f,-0.05603351894283945f,1.1890030154876479f,0f,0.05603351894283945f,0.9984288881812677f,-0.012898451537659745f,0f,0f,0f,1f], start_interpolation: 0, interpolation_duration: 1 }
$data merge entity $(bone_right_arm) { transformation: [1f,1.7125826194526438e-33f,2.4592344266055153e-32f,-0.3125f,-6.018531076210112e-36f,0.9976389823299574f,-0.06867649478276308f,1.4384127610701372f,0f,0.06867649478276308f,0.9976389823299574f,0.004270672158031026f,0f,0f,0f,1f], start_interpolation: 0, interpolation_duration: 1 }
$data merge entity $(bone_left_forearm) { transformation: [1f,1.4009248009795183e-33f,2.4612065037916415e-32f,0.3125f,-6.018531076210112e-36f,0.9984288881812677f,-0.05603351894283945f,1.1890030154876479f,0f,0.05603351894283945f,0.9984288881812677f,-0.012898451537659745f,0f,0f,0f,1f], start_interpolation: 0, interpolation_duration: 1 }
$data merge entity $(bone_left_arm) { transformation: [1f,1.7125826194526438e-33f,2.4592344266055153e-32f,0.3125f,-6.018531076210112e-36f,0.9976389823299574f,-0.06867649478276308f,1.4384127610701372f,0f,0.06867649478276308f,0.9976389823299574f,0.004270672158031026f,0f,0f,0f,1f], start_interpolation: 0, interpolation_duration: 1 }
$data merge entity $(bone_head) { transformation: [1f,5.087234123754894e-34f,2.4646653651526978e-32f,-1.0420729258820891e-19f,-6.018531076210112e-36f,0.9998031593845492f,-0.019840425516449343f,1.500911852509177f,0f,0.019840425516449343f,0.9998031593845492f,0.004607672595040693f,0f,0f,0f,1f], start_interpolation: 0, interpolation_duration: 1 }
$data merge entity $(bone_torso) { transformation: [1f,1.525460864687665e-34f,2.465143130570982e-32f,-1.0420729258820902e-19f,-6.018531076210112e-36f,0.9999854630246364f,-0.005392006992154669f,0.8134218466797393f,0f,0.005392006992154669f,0.9999854630246364f,0.000900667787934358f,0f,0f,0f,1f], start_interpolation: 0, interpolation_duration: 1 }
$data merge entity $(bone_upper_body) { transformation: [1f,1.525460864687665e-34f,2.465143130570982e-32f,-1.0420729258820902e-19f,-6.018531076210112e-36f,0.9999854630246364f,-0.005392006992154669f,0.8134218466797393f,0f,0.005392006992154669f,0.9999854630246364f,0.000900667787934358f,0f,0f,0f,1f], start_interpolation: 0, interpolation_duration: 1 }
$data merge entity $(bone_right_lower_leg) { transformation: [1f,4.288822199987067e-33f,2.4275962182074787e-32f,-0.125f,-6.018531076210112e-36f,0.9848881912132035f,-0.17319137048012578f,0.38542639804627543f,0f,0.17319137048012578f,0.9848881912132035f,-0.048352712463830175f,0f,0f,0f,1f], start_interpolation: 0, interpolation_duration: 1 }
$data merge entity $(bone_right_leg) { transformation: [1f,3.260234168483399e-33f,2.4435367991812206e-32f,-0.125f,-6.018531076210112e-36f,0.9913212438783893f,-0.1314617489439534f,0.7571718645006714f,0f,0.1314617489439534f,0.9913212438783893f,0.0009454433901523539f,0f,0f,0f,1f], start_interpolation: 0, interpolation_duration: 1 }
$data merge entity $(bone_left_lower_leg) { transformation: [1f,4.288822199987067e-33f,2.4275962182074787e-32f,0.125f,-6.018531076210112e-36f,0.9848881912132035f,-0.17319137048012578f,0.38542639804627543f,0f,0.17319137048012578f,0.9848881912132035f,-0.048352712463830175f,0f,0f,0f,1f], start_interpolation: 0, interpolation_duration: 1 }
$data merge entity $(bone_left_leg) { transformation: [1f,3.260234168483399e-33f,2.4435367991812206e-32f,0.125f,-6.018531076210112e-36f,0.9913212438783893f,-0.1314617489439534f,0.7571718645006714f,0f,0.1314617489439534f,0.9913212438783893f,0.0009454433901523539f,0f,0f,0f,1f], start_interpolation: 0, interpolation_duration: 1 }