# This file was generated by Animated Java via MC-Build. It is not recommended to edit this file directly.
$data merge entity $(bone_right_forearm) { transformation: [0.9999999999999998f,0f,0f,-0.3124999999999999f,1.925929944387236e-34f,0.9999532440608399f,-0.009670040961760384f,0.4058296270144534f,-2.465190328815662e-32f,0.00967004096176044f,0.9999532440608397f,0.027564460319555964f,0f,0f,0f,1f], start_interpolation: 0, interpolation_duration: 1 }
$data merge entity $(bone_right_arm) { transformation: [0.9999999999999998f,0f,0f,-0.3124999999999999f,1.925929944387236e-34f,0.9999532440608399f,-0.009670040961760384f,0.6558179380296634f,-2.465190328815662e-32f,0.00967004096176044f,0.9999532440608397f,0.029981970559996074f,0f,0f,0f,1f], start_interpolation: 0, interpolation_duration: 1 }
$data merge entity $(bone_left_forearm) { transformation: [0.9999999999999998f,0f,0f,0.3125f,1.925929944387236e-34f,0.9999532440608399f,-0.009670040961760384f,0.4058296270144534f,-2.465190328815662e-32f,0.00967004096176044f,0.9999532440608397f,0.027564460319555964f,0f,0f,0f,1f], start_interpolation: 0, interpolation_duration: 1 }
$data merge entity $(bone_left_arm) { transformation: [0.9999999999999998f,0f,0f,0.3125f,1.925929944387236e-34f,0.9999532440608399f,-0.009670040961760384f,0.6558179380296634f,-2.465190328815662e-32f,0.00967004096176044f,0.9999532440608397f,0.029981970559996074f,0f,0f,0f,1f], start_interpolation: 0, interpolation_duration: 1 }
$data merge entity $(bone_head) { transformation: [0.9999999999999998f,0f,0f,4.4274185230350485e-17f,1.925929944387236e-34f,0.14823240420159783f,-0.9889525541423179f,0.7044063788780235f,-2.465190328815662e-32f,0.9889525541423176f,0.14823240420159767f,0.06929371709872684f,0f,0f,0f,1f], start_interpolation: 0, interpolation_duration: 1 }
$data merge entity $(bone_torso) { transformation: [0.9999999999999998f,0f,0f,4.4274185230350485e-17f,1.925929944387236e-34f,0.7774150535737617f,-0.6289879446196923f,0.16993352954606228f,-2.465190328815662e-32f,0.6289879446196922f,0.7774150535737615f,-0.36313549482731156f,0f,0f,0f,1f], start_interpolation: 0, interpolation_duration: 1 }
$data merge entity $(bone_upper_body) { transformation: [0.9999999999999998f,0f,0f,4.4274185230350485e-17f,1.925929944387236e-34f,0.7774150535737617f,-0.6289879446196923f,0.16993352954606228f,-2.465190328815662e-32f,0.6289879446196922f,0.7774150535737615f,-0.36313549482731156f,0f,0f,0f,1f], start_interpolation: 0, interpolation_duration: 1 }
$data merge entity $(bone_right_lower_leg) { transformation: [0.9999999999999998f,0f,0f,-0.12499999999999993f,1.925929944387236e-34f,0.07417080464686766f,0.9972455523781675f,0.08588812864178455f,-2.465190328815662e-32f,-0.9972455523781673f,0.07417080464686765f,0.00938318424397322f,0f,0f,0f,1f], start_interpolation: 0, interpolation_duration: 1 }
$data merge entity $(bone_right_leg) { transformation: [0.9999999999999998f,0f,0f,-0.12499999999999993f,1.925929944387236e-34f,0.07417080464686766f,0.9972455523781675f,0.11370218038435993f,-2.465190328815662e-32f,-0.9972455523781673f,0.07417080464686765f,-0.3645838978978395f,0f,0f,0f,1f], start_interpolation: 0, interpolation_duration: 1 }
$data merge entity $(bone_left_lower_leg) { transformation: [0.9999999999999998f,0f,0f,0.12500000000000003f,1.925929944387236e-34f,0.07417080464686766f,0.9972455523781675f,0.08588812864178455f,-2.465190328815662e-32f,-0.9972455523781673f,0.07417080464686765f,0.00938318424397322f,0f,0f,0f,1f], start_interpolation: 0, interpolation_duration: 1 }
$data merge entity $(bone_left_leg) { transformation: [0.9999999999999998f,0f,0f,0.12500000000000003f,1.925929944387236e-34f,0.07417080464686766f,0.9972455523781675f,0.11370218038435993f,-2.465190328815662e-32f,-0.9972455523781673f,0.07417080464686765f,-0.3645838978978395f,0f,0f,0f,1f], start_interpolation: 0, interpolation_duration: 1 }