# This file was generated by Animated Java via MC-Build. It is not recommended to edit this file directly.
$data merge entity $(bone_right_forearm) { transformation: [0.9999999999999998f,0f,0f,-0.31249999999999994f,0f,0.9993390842558001f,-0.03635099281696508f,1.1881563382793627f,0f,0.03635099281696507f,0.9993390842558f,-0.009199758227069648f,0f,0f,0f,1f], start_interpolation: 0, interpolation_duration: 1 }
$data merge entity $(bone_right_arm) { transformation: [0.9999999999999998f,0f,0f,-0.31249999999999994f,0f,0.9989964621977219f,-0.04478915623714796f,1.4379054538287932f,0f,0.04478915623714795f,0.9989964621977218f,0.0019975308322173397f,0f,0f,0f,1f], start_interpolation: 0, interpolation_duration: 1 }
$data merge entity $(bone_left_forearm) { transformation: [0.9999999999999998f,0f,0f,0.31249999999999994f,0f,0.9993390842558001f,-0.03635099281696508f,1.1881563382793627f,0f,0.03635099281696507f,0.9993390842558f,-0.009199758227069648f,0f,0f,0f,1f], start_interpolation: 0, interpolation_duration: 1 }
$data merge entity $(bone_left_arm) { transformation: [0.9999999999999998f,0f,0f,0.31249999999999994f,0f,0.9989964621977219f,-0.04478915623714796f,1.4379054538287932f,0f,0.04478915623714795f,0.9989964621977218f,0.0019975308322173397f,0f,0f,0f,1f], start_interpolation: 0, interpolation_duration: 1 }
$data merge entity $(bone_head) { transformation: [0.9999999999999998f,0f,0f,-4.606902637390087e-20f,0f,0.9999504974806549f,-0.009950004431689492f,1.5004052460683526f,0f,0.00995000443168949f,0.9999504974806548f,0.0021586829712485125f,0f,0f,0f,1f], start_interpolation: 0, interpolation_duration: 1 }
$data merge entity $(bone_torso) { transformation: [0.9999999999999998f,0f,0f,-4.606902637390087e-20f,0f,0.9999966758329499f,-0.002578434224498768f,0.8129075314331995f,0f,0.0025784342244987678f,0.9999966758329498f,0.0003860094419056098f,0f,0f,0f,1f], start_interpolation: 0, interpolation_duration: 1 }
$data merge entity $(bone_upper_body) { transformation: [0.9999999999999998f,0f,0f,-4.606902637390087e-20f,0f,0.9999966758329499f,-0.002578434224498768f,0.8129075314331995f,0f,0.0025784342244987678f,0.9999966758329498f,0.0003860094419056098f,0f,0f,0f,1f], start_interpolation: 0, interpolation_duration: 1 }
$data merge entity $(bone_right_lower_leg) { transformation: [0.9999999999999998f,0f,0f,-0.12499999999999997f,0f,0.9932309009410779f,-0.11615669337483164f,0.3831174752463053f,0f,0.11615669337483164f,0.9932309009410778f,-0.03266306341781862f,0f,0f,0f,1f], start_interpolation: 0, interpolation_duration: 1 }
$data merge entity $(bone_right_leg) { transformation: [0.9999999999999998f,0f,0f,-0.12499999999999997f,0f,0.9961068183526378f,-0.08815444646406106f,0.7566575321285445f,0f,0.08815444646406106f,0.9961068183526377f,0.0003948540062042783f,0f,0f,0f,1f], start_interpolation: 0, interpolation_duration: 1 }
$data merge entity $(bone_left_lower_leg) { transformation: [0.9999999999999998f,0f,0f,0.12499999999999997f,0f,0.9932309009410779f,-0.11615669337483164f,0.3831174752463053f,0f,0.11615669337483164f,0.9932309009410778f,-0.03266306341781862f,0f,0f,0f,1f], start_interpolation: 0, interpolation_duration: 1 }
$data merge entity $(bone_left_leg) { transformation: [0.9999999999999998f,0f,0f,0.12499999999999997f,0f,0.9961068183526378f,-0.08815444646406106f,0.7566575321285445f,0f,0.08815444646406106f,0.9961068183526377f,0.0003948540062042783f,0f,0f,0f,1f], start_interpolation: 0, interpolation_duration: 1 }