# This file was generated by Animated Java via MC-Build. It is not recommended to edit this file directly.
$data merge entity $(bone_right_forearm) { transformation: [0.9999999999999998f,-3.327129456484764e-34f,4.930870225421082e-32f,-0.3124999999999999f,0f,0.9999642055305358f,-0.008460948982487781f,0.4172288052240159f,-2.465190328815662e-32f,0.008460948982487837f,0.9999642055305356f,0.03403143659355223f,0f,0f,0f,1f], start_interpolation: 0, interpolation_duration: 1 }
$data merge entity $(bone_right_arm) { transformation: [0.9999999999999998f,-3.327129456484764e-34f,4.930870225421082e-32f,-0.3124999999999999f,0f,0.9999642055305358f,-0.008460948982487781f,0.6672198566066498f,-2.465190328815662e-32f,0.008460948982487837f,0.9999642055305356f,0.03614667383917419f,0f,0f,0f,1f], start_interpolation: 0, interpolation_duration: 1 }
$data merge entity $(bone_left_forearm) { transformation: [0.9999999999999998f,-3.327129456484764e-34f,4.930870225421082e-32f,0.3125f,0f,0.9999642055305358f,-0.008460948982487781f,0.4172288052240159f,-2.465190328815662e-32f,0.008460948982487837f,0.9999642055305356f,0.03403143659355223f,0f,0f,0f,1f], start_interpolation: 0, interpolation_duration: 1 }
$data merge entity $(bone_left_arm) { transformation: [0.9999999999999998f,-3.327129456484764e-34f,4.930870225421082e-32f,0.3125f,0f,0.9999642055305358f,-0.008460948982487781f,0.6672198566066498f,-2.465190328815662e-32f,0.008460948982487837f,0.9999642055305356f,0.03614667383917419f,0f,0f,0f,1f], start_interpolation: 0, interpolation_duration: 1 }
$data merge entity $(bone_head) { transformation: [0.9999999999999998f,4.868854465943037e-32f,7.80284786762325e-33f,4.378201566922573e-17f,0f,0.14320664190262722f,-0.9896928097722912f,0.7156079680057297f,-2.465190328815662e-32f,0.989692809772291f,0.14320664190262722f,0.0757047409713058f,0f,0f,0f,1f], start_interpolation: 0, interpolation_duration: 1 }
$data merge entity $(bone_torso) { transformation: [0.9999999999999998f,3.0625432928784615e-32f,3.864636689034473e-32f,4.378201566922571e-17f,0f,0.7742097823852784f,-0.6329290741141063f,0.18333874261585084f,-2.465190328815662e-32f,0.6329290741141061f,0.7742097823852783f,-0.35943399748214216f,0f,0f,0f,1f], start_interpolation: 0, interpolation_duration: 1 }
$data merge entity $(bone_upper_body) { transformation: [0.9999999999999998f,3.0625432928784615e-32f,3.864636689034473e-32f,4.378201566922571e-17f,0f,0.7742097823852784f,-0.6329290741141063f,0.18333874261585084f,-2.465190328815662e-32f,0.6329290741141061f,0.7742097823852783f,-0.35943399748214216f,0f,0f,0f,1f], start_interpolation: 0, interpolation_duration: 1 }
$data merge entity $(bone_right_lower_leg) { transformation: [0.9999999999999998f,-4.917372418236e-32f,3.661101737974789e-33f,-0.12499999999999993f,0f,0.08940425181333292f,0.9959954215545863f,0.0935888824293296f,-2.465190328815662e-32f,-0.9959954215545861f,0.0894042518133329f,0.012330247633663582f,0f,0f,0f,1f], start_interpolation: 0, interpolation_duration: 1 }
$data merge entity $(bone_right_leg) { transformation: [0.9999999999999998f,-4.917372418236e-32f,3.661101737974789e-33f,-0.12499999999999993f,0f,0.08940425181333292f,0.9959954215545863f,0.12711547685932945f,-2.465190328815662e-32f,-0.9959954215545861f,0.0894042518133329f,-0.3611680354493062f,0f,0f,0f,1f], start_interpolation: 0, interpolation_duration: 1 }
$data merge entity $(bone_left_lower_leg) { transformation: [0.9999999999999998f,-4.917372418236e-32f,3.661101737974789e-33f,0.12500000000000003f,0f,0.08940425181333292f,0.9959954215545863f,0.0935888824293296f,-2.465190328815662e-32f,-0.9959954215545861f,0.0894042518133329f,0.012330247633663582f,0f,0f,0f,1f], start_interpolation: 0, interpolation_duration: 1 }
$data merge entity $(bone_left_leg) { transformation: [0.9999999999999998f,-4.917372418236e-32f,3.661101737974789e-33f,0.12500000000000003f,0f,0.08940425181333292f,0.9959954215545863f,0.12711547685932945f,-2.465190328815662e-32f,-0.9959954215545861f,0.0894042518133329f,-0.3611680354493062f,0f,0f,0f,1f], start_interpolation: 0, interpolation_duration: 1 }