# This file was generated by Animated Java via MC-Build. It is not recommended to edit this file directly.
$data merge entity $(bone_right_forearm) { transformation: [1f,0f,0f,-0.31249999999999994f,-3.851859888774472e-34f,0.9999859159551336f,-0.005307343155696698f,0.43084010725360855f,0f,0.005307343155696698f,0.9999859159551339f,0.041919155078787684f,0f,0f,0f,1f], start_interpolation: 0, interpolation_duration: 1 }
$data merge entity $(bone_right_arm) { transformation: [1f,0f,0f,-0.31249999999999994f,-3.851859888774472e-34f,0.9999859159551336f,-0.005307343155696698f,0.680836586242392f,0f,0.005307343155696698f,0.9999859159551339f,0.04324599086771186f,0f,0f,0f,1f], start_interpolation: 0, interpolation_duration: 1 }
$data merge entity $(bone_left_forearm) { transformation: [1f,0f,0f,0.31250000000000006f,-3.851859888774472e-34f,0.9999859159551336f,-0.005307343155696698f,0.43084010725360855f,0f,0.005307343155696698f,0.9999859159551339f,0.041919155078787684f,0f,0f,0f,1f], start_interpolation: 0, interpolation_duration: 1 }
$data merge entity $(bone_left_arm) { transformation: [1f,0f,0f,0.31250000000000006f,-3.851859888774472e-34f,0.9999859159551336f,-0.005307343155696698f,0.680836586242392f,0f,0.005307343155696698f,0.9999859159551339f,0.04324599086771186f,0f,0f,0f,1f], start_interpolation: 0, interpolation_duration: 1 }
$data merge entity $(bone_head) { transformation: [1f,0f,0f,4.3200586137317596e-17f,-3.851859888774472e-34f,0.13766718114588045f,-0.9904785445608337f,0.7290026173823985f,0f,0.9904785445608337f,0.13766718114588045f,0.08307416486828506f,0f,0f,0f,1f], start_interpolation: 0, interpolation_duration: 1 }
$data merge entity $(bone_torso) { transformation: [1f,0f,0f,4.3200586137317596e-17f,-3.851859888774472e-34f,0.7706564982401021f,-0.6372507840091712f,0.1991762748423282f,0f,0.6372507840091713f,0.7706564982401022f,-0.3550357491380202f,0f,0f,0f,1f], start_interpolation: 0, interpolation_duration: 1 }
$data merge entity $(bone_upper_body) { transformation: [1f,0f,0f,4.3200586137317596e-17f,-3.851859888774472e-34f,0.7706564982401021f,-0.6372507840091712f,0.1991762748423282f,0f,0.6372507840091713f,0.7706564982401022f,-0.3550357491380202f,0f,0f,0f,1f], start_interpolation: 0, interpolation_duration: 1 }
$data merge entity $(bone_right_lower_leg) { transformation: [1f,0f,0f,-0.12499999999999996f,-3.851859888774472e-34f,0.10646788505782795f,0.9943161416025152f,0.10303813391403935f,0f,-0.9943161416025154f,0.10646788505782796f,0.015784230321795267f,0f,0f,0f,1f], start_interpolation: 0, interpolation_duration: 1 }
$data merge entity $(bone_right_leg) { transformation: [1f,0f,0f,-0.12499999999999996f,-3.851859888774472e-34f,0.10646788505782795f,0.9943161416025152f,0.14296359081072482f,0f,-0.9943161416025154f,0.10646788505782796f,-0.357084322779148f,0f,0f,0f,1f], start_interpolation: 0, interpolation_duration: 1 }
$data merge entity $(bone_left_lower_leg) { transformation: [1f,0f,0f,0.12500000000000006f,-3.851859888774472e-34f,0.10646788505782795f,0.9943161416025152f,0.10303813391403935f,0f,-0.9943161416025154f,0.10646788505782796f,0.015784230321795267f,0f,0f,0f,1f], start_interpolation: 0, interpolation_duration: 1 }
$data merge entity $(bone_left_leg) { transformation: [1f,0f,0f,0.12500000000000006f,-3.851859888774472e-34f,0.10646788505782795f,0.9943161416025152f,0.14296359081072482f,0f,-0.9943161416025154f,0.10646788505782796f,-0.357084322779148f,0f,0f,0f,1f], start_interpolation: 0, interpolation_duration: 1 }