# This file was generated by Animated Java via MC-Build. It is not recommended to edit this file directly.
$data merge entity $(bone_right_forearm) { transformation: [1f,0f,0f,-0.31249999999999994f,0f,0.9999997330259645f,0.0007307174556355212f,0.44685834524982976f,0f,-0.0007307174556355767f,0.9999997330259642f,0.05152899997291263f,0f,0f,0f,1f], start_interpolation: 0, interpolation_duration: 1 }
$data merge entity $(bone_right_arm) { transformation: [1f,0f,0f,-0.31249999999999994f,0f,0.9999997330259645f,0.0007307174556355212f,0.6968582785063209f,0f,-0.0007307174556355767f,0.9999997330259642f,0.05134632060900374f,0f,0f,0f,1f], start_interpolation: 0, interpolation_duration: 1 }
$data merge entity $(bone_left_forearm) { transformation: [1f,0f,0f,0.31250000000000006f,0f,0.9999997330259645f,0.0007307174556355212f,0.44685834524982976f,0f,-0.0007307174556355767f,0.9999997330259642f,0.05152899997291263f,0f,0f,0f,1f], start_interpolation: 0, interpolation_duration: 1 }
$data merge entity $(bone_left_arm) { transformation: [1f,0f,0f,0.31250000000000006f,0f,0.9999997330259645f,0.0007307174556355212f,0.6968582785063209f,0f,-0.0007307174556355767f,0.9999997330259642f,0.05134632060900374f,0f,0f,0f,1f], start_interpolation: 0, interpolation_duration: 1 }
$data merge entity $(bone_head) { transformation: [1f,0f,0f,4.252245830372754e-17f,0f,0.1315912264328445f,-0.9913040649194877f,0.7447791877563953f,0f,0.9913040649194875f,0.1315912264328446f,0.0914690879194241f,0f,0f,0f,1f], start_interpolation: 0, interpolation_duration: 1 }
$data merge entity $(bone_torso) { transformation: [1f,0f,0f,4.252245830372754e-17f,0f,0.7667345480011901f,-0.6419642769667255f,0.21764918600557703f,0f,0.6419642769667254f,0.76673454800119f,-0.34988135249519964f,0f,0f,0f,1f], start_interpolation: 0, interpolation_duration: 1 }
$data merge entity $(bone_upper_body) { transformation: [1f,0f,0f,4.252245830372754e-17f,0f,0.7667345480011901f,-0.6419642769667255f,0.21764918600557703f,0f,0.6419642769667254f,0.76673454800119f,-0.34988135249519964f,0f,0f,0f,1f], start_interpolation: 0, interpolation_duration: 1 }
$data merge entity $(bone_right_lower_leg) { transformation: [1f,0f,0f,-0.12499999999999996f,0f,0.12555871935984392f,0.9920861898004204f,0.1143656003173216f,0f,-0.9920861898004203f,0.12555871935984392f,0.019757751434278215f,0f,0f,0f,1f], start_interpolation: 0, interpolation_duration: 1 }
$data merge entity $(bone_right_leg) { transformation: [1f,0f,0f,-0.12499999999999996f,0f,0.12555871935984392f,0.9920861898004204f,0.16145012007726306f,0f,-0.9920861898004203f,0.12555871935984392f,-0.3522745697408794f,0f,0f,0f,1f], start_interpolation: 0, interpolation_duration: 1 }
$data merge entity $(bone_left_lower_leg) { transformation: [1f,0f,0f,0.12500000000000006f,0f,0.12555871935984392f,0.9920861898004204f,0.1143656003173216f,0f,-0.9920861898004203f,0.12555871935984392f,0.019757751434278215f,0f,0f,0f,1f], start_interpolation: 0, interpolation_duration: 1 }
$data merge entity $(bone_left_leg) { transformation: [1f,0f,0f,0.12500000000000006f,0f,0.12555871935984392f,0.9920861898004204f,0.16145012007726306f,0f,-0.9920861898004203f,0.12555871935984392f,-0.3522745697408794f,0f,0f,0f,1f], start_interpolation: 0, interpolation_duration: 1 }