# This file was generated by Animated Java via MC-Build. It is not recommended to edit this file directly.
$data merge entity $(bone_right_forearm) { transformation: [0.9999999999999998f,0f,0f,-0.3124999999999999f,-3.851859888774472e-34f,0.999939878005004f,0.010965417244121423f,0.4654881509503683f,0f,-0.010965417244121423f,0.9999398780050038f,0.06325629978072313f,0f,0f,0f,1f], start_interpolation: 0, interpolation_duration: 1 }
$data merge entity $(bone_right_arm) { transformation: [0.9999999999999998f,0f,0f,-0.3124999999999999f,-3.851859888774472e-34f,0.999939878005004f,0.010965417244121423f,0.7154731204516193f,0f,-0.010965417244121423f,0.9999398780050038f,0.06051494546969277f,0f,0f,0f,1f], start_interpolation: 0, interpolation_duration: 1 }
$data merge entity $(bone_left_forearm) { transformation: [0.9999999999999998f,0f,0f,0.3125f,-3.851859888774472e-34f,0.999939878005004f,0.010965417244121423f,0.4654881509503683f,0f,-0.010965417244121423f,0.9999398780050038f,0.06325629978072313f,0f,0f,0f,1f], start_interpolation: 0, interpolation_duration: 1 }
$data merge entity $(bone_left_arm) { transformation: [0.9999999999999998f,0f,0f,0.3125f,-3.851859888774472e-34f,0.999939878005004f,0.010965417244121423f,0.7154731204516193f,0f,-0.010965417244121423f,0.9999398780050038f,0.06051494546969277f,0f,0f,0f,1f], start_interpolation: 0, interpolation_duration: 1 }
$data merge entity $(bone_head) { transformation: [0.9999999999999998f,0f,0f,4.1740193837556926e-17f,-3.851859888774472e-34f,0.12495236604139054f,-0.9921627418023005f,0.7631243692257355f,0f,0.9921627418023002f,0.12495236604139054f,0.10095760228483397f,0f,0f,0f,1f], start_interpolation: 0, interpolation_duration: 1 }
$data merge entity $(bone_torso) { transformation: [0.9999999999999998f,0f,0f,4.1740193837556926e-17f,-3.851859888774472e-34f,0.7624199803858589f,-0.64708250904226f,0.23896063271045742f,0f,0.6470825090422598f,0.7624199803858588f,-0.34391162268171965f,0f,0f,0f,1f], start_interpolation: 0, interpolation_duration: 1 }
$data merge entity $(bone_upper_body) { transformation: [0.9999999999999998f,0f,0f,4.1740193837556926e-17f,-3.851859888774472e-34f,0.7624199803858589f,-0.64708250904226f,0.23896063271045742f,0f,0.6470825090422598f,0.7624199803858588f,-0.34391162268171965f,0f,0f,0f,1f], start_interpolation: 0, interpolation_duration: 1 }
$data merge entity $(bone_right_lower_leg) { transformation: [0.9999999999999998f,0f,0f,-0.12499999999999993f,-3.851859888774472e-34f,0.1469415892041791f,0.9891451710250371f,0.12767575051317076f,0f,-0.989145171025037f,0.1469415892041791f,0.024248449333582167f,0f,0f,0f,1f], start_interpolation: 0, interpolation_duration: 1 }
$data merge entity $(bone_right_leg) { transformation: [0.9999999999999998f,0f,0f,-0.12499999999999993f,-3.851859888774472e-34f,0.1469415892041791f,0.9891451710250371f,0.1827788464647379f,0f,-0.989145171025037f,0.1469415892041791f,-0.3466809898008067f,0f,0f,0f,1f], start_interpolation: 0, interpolation_duration: 1 }
$data merge entity $(bone_left_lower_leg) { transformation: [0.9999999999999998f,0f,0f,0.12500000000000003f,-3.851859888774472e-34f,0.1469415892041791f,0.9891451710250371f,0.12767575051317076f,0f,-0.989145171025037f,0.1469415892041791f,0.024248449333582167f,0f,0f,0f,1f], start_interpolation: 0, interpolation_duration: 1 }
$data merge entity $(bone_left_leg) { transformation: [0.9999999999999998f,0f,0f,0.12500000000000003f,-3.851859888774472e-34f,0.1469415892041791f,0.9891451710250371f,0.1827788464647379f,0f,-0.989145171025037f,0.1469415892041791f,-0.3466809898008067f,0f,0f,0f,1f], start_interpolation: 0, interpolation_duration: 1 }