# This file was generated by Animated Java via MC-Build. It is not recommended to edit this file directly.
$data merge entity $(bone_right_forearm) { transformation: [1f,-2.062631814239597e-33f,2.4565461235798398e-32f,-0.31249999999999994f,0f,0.999629318556438f,0.027225456513914725f,0.4869596498889521f,0f,-0.027225456513914725f,0.999629318556438f,0.07762655147556813f,0f,0f,0f,1f], start_interpolation: 0, interpolation_duration: 1 }
$data merge entity $(bone_right_arm) { transformation: [1f,-2.062631814239597e-33f,2.4565461235798398e-32f,-0.31249999999999994f,0f,0.999629318556438f,0.027225456513914725f,0.7368669795280616f,0f,-0.027225456513914725f,0.999629318556438f,0.07082018734708945f,0f,0f,0f,1f], start_interpolation: 0, interpolation_duration: 1 }
$data merge entity $(bone_left_forearm) { transformation: [1f,-2.062631814239597e-33f,2.4565461235798398e-32f,0.31250000000000006f,0f,0.999629318556438f,0.027225456513914725f,0.4869596498889521f,0f,-0.027225456513914725f,0.999629318556438f,0.07762655147556813f,0f,0f,0f,1f], start_interpolation: 0, interpolation_duration: 1 }
$data merge entity $(bone_left_arm) { transformation: [1f,-2.062631814239597e-33f,2.4565461235798398e-32f,0.31250000000000006f,0f,0.999629318556438f,0.027225456513914725f,0.7368669795280616f,0f,-0.027225456513914725f,0.999629318556438f,0.07082018734708945f,0f,0f,0f,1f], start_interpolation: 0, interpolation_duration: 1 }
$data merge entity $(bone_head) { transformation: [1f,2.4277385484683785e-32f,4.2807580820098094e-33f,4.084635440790716e-17f,0f,0.11771992233476974f,-0.9930468367028293f,0.7842222888660999f,0f,0.9930468367028293f,0.11771992233476974f,0.11160896861717279f,0f,0f,0f,1f], start_interpolation: 0, interpolation_duration: 1 }
$data merge entity $(bone_torso) { transformation: [1f,1.5007127873483003e-32f,1.9557669818195537e-32f,4.0846354407907145e-17f,0f,0.7576849494086126f,-0.6526205003213338f,0.26331388614767864f,0f,0.6526205003213338f,0.7576849494086126f,-0.3370676253537442f,0f,0f,0f,1f], start_interpolation: 0, interpolation_duration: 1 }
$data merge entity $(bone_upper_body) { transformation: [1f,1.5007127873483003e-32f,1.9557669818195537e-32f,4.0846354407907145e-17f,0f,0.7576849494086126f,-0.6526205003213338f,0.26331388614767864f,0f,0.6526205003213338f,0.7576849494086126f,-0.3370676253537442f,0f,0f,0f,1f], start_interpolation: 0, interpolation_duration: 1 }
$data merge entity $(bone_right_lower_leg) { transformation: [1f,-2.448824091662997e-32f,2.835911235867024e-33f,-0.12499999999999996f,0f,0.17098852389760283f,0.9852730203833446f,0.14303307303045582f,0f,-0.9852730203833446f,0.17098852389760283f,0.02923111021508057f,0f,0f,0f,1f], start_interpolation: 0, interpolation_duration: 1 }
$data merge entity $(bone_right_leg) { transformation: [1f,-2.448824091662997e-32f,2.835911235867024e-33f,-0.12499999999999996f,0f,0.17098852389760283f,0.9852730203833446f,0.20715376949205688f,0f,-0.9852730203833446f,0.17098852389760283f,-0.34024627242867367f,0f,0f,0f,1f], start_interpolation: 0, interpolation_duration: 1 }
$data merge entity $(bone_left_lower_leg) { transformation: [1f,-2.448824091662997e-32f,2.835911235867024e-33f,0.12500000000000003f,0f,0.17098852389760283f,0.9852730203833446f,0.14303307303045582f,0f,-0.9852730203833446f,0.17098852389760283f,0.02923111021508057f,0f,0f,0f,1f], start_interpolation: 0, interpolation_duration: 1 }
$data merge entity $(bone_left_leg) { transformation: [1f,-2.448824091662997e-32f,2.835911235867024e-33f,0.12500000000000003f,0f,0.17098852389760283f,0.9852730203833446f,0.20715376949205688f,0f,-0.9852730203833446f,0.17098852389760283f,-0.34024627242867367f,0f,0f,0f,1f], start_interpolation: 0, interpolation_duration: 1 }