# This file was generated by Animated Java via MC-Build. It is not recommended to edit this file directly.
$data merge entity $(bone_right_forearm) { transformation: [1f,0f,0f,-0.31249999999999994f,7.703719777548943e-34f,0.9986444310541904f,0.05205093970767627f,0.5115618414285168f,0f,-0.05205093970767627f,0.9986444310541904f,0.09534434223323368f,0f,0f,0f,1f], start_interpolation: 0, interpolation_duration: 1 }
$data merge entity $(bone_right_arm) { transformation: [1f,0f,0f,-0.31249999999999994f,7.703719777548943e-34f,0.9986444310541904f,0.05205093970767627f,0.7612229491920643f,0f,-0.05205093970767627f,0.9986444310541904f,0.08233160730631461f,0f,0f,0f,1f], start_interpolation: 0, interpolation_duration: 1 }
$data merge entity $(bone_left_forearm) { transformation: [1f,0f,0f,0.31250000000000006f,7.703719777548943e-34f,0.9986444310541904f,0.05205093970767627f,0.5115618414285168f,0f,-0.05205093970767627f,0.9986444310541904f,0.09534434223323368f,0f,0f,0f,1f], start_interpolation: 0, interpolation_duration: 1 }
$data merge entity $(bone_left_arm) { transformation: [1f,0f,0f,0.31250000000000006f,7.703719777548943e-34f,0.9986444310541904f,0.05205093970767627f,0.7612229491920643f,0f,-0.05205093970767627f,0.9986444310541904f,0.08233160730631461f,0f,0f,0f,1f], start_interpolation: 0, interpolation_duration: 1 }
$data merge entity $(bone_head) { transformation: [1f,0f,0f,3.9833501683879584e-17f,7.703719777548943e-34f,0.10985812039061005f,-0.9939472789762254f,0.8082540086290095f,0f,0.9939472789762254f,0.10985812039061005f,0.12349384058195856f,0f,0f,0f,1f], start_interpolation: 0, interpolation_duration: 1 }
$data merge entity $(bone_torso) { transformation: [1f,0f,0f,3.9833501683879584e-17f,7.703719777548943e-34f,0.7524969509911235f,-0.6585957324103024f,0.29091235482261213f,0f,0.6585957324103024f,0.7524969509911235f,-0.3292907254501244f,0f,0f,0f,1f], start_interpolation: 0, interpolation_duration: 1 }
$data merge entity $(bone_upper_body) { transformation: [1f,0f,0f,3.9833501683879584e-17f,7.703719777548943e-34f,0.7524969509911235f,-0.6585957324103024f,0.29091235482261213f,0f,0.6585957324103024f,0.7524969509911235f,-0.3292907254501244f,0f,0f,0f,1f], start_interpolation: 0, interpolation_duration: 1 }
$data merge entity $(bone_right_lower_leg) { transformation: [1f,0f,0f,-0.12499999999999996f,7.703719777548943e-34f,0.198255791208028f,0.9801503156416769f,0.160433227872975f,0f,-0.980150315641677f,0.19825579120802803f,0.0346426926342992f,0f,0f,0f,1f], start_interpolation: 0, interpolation_duration: 1 }
$data merge entity $(bone_right_leg) { transformation: [1f,0f,0f,-0.12499999999999996f,7.703719777548943e-34f,0.198255791208028f,0.9801503156416769f,0.2347791495759855f,0f,-0.980150315641677f,0.19825579120802803f,-0.3329136757313297f,0f,0f,0f,1f], start_interpolation: 0, interpolation_duration: 1 }
$data merge entity $(bone_left_lower_leg) { transformation: [1f,0f,0f,0.12500000000000003f,7.703719777548943e-34f,0.198255791208028f,0.9801503156416769f,0.160433227872975f,0f,-0.980150315641677f,0.19825579120802803f,0.0346426926342992f,0f,0f,0f,1f], start_interpolation: 0, interpolation_duration: 1 }
$data merge entity $(bone_left_leg) { transformation: [1f,0f,0f,0.12500000000000003f,7.703719777548943e-34f,0.198255791208028f,0.9801503156416769f,0.2347791495759855f,0f,-0.980150315641677f,0.19825579120802803f,-0.3329136757313297f,0f,0f,0f,1f], start_interpolation: 0, interpolation_duration: 1 }