# This file was generated by Animated Java via MC-Build. It is not recommended to edit this file directly.
$data merge entity $(bone_right_forearm) { transformation: [1.0000000000000004f,3.978519000013223e-33f,-2.4328742719161648e-32f,-0.31250000000000006f,-7.703719777548943e-34f,0.9960365028683791f,0.08894540434294357f,0.539711634333545f,4.930380657631324e-32f,-0.08894540434294357f,0.9960365028683793f,0.11735661542096663f,0f,0f,0f,1f], start_interpolation: 0, interpolation_duration: 1 }
$data merge entity $(bone_right_arm) { transformation: [1.0000000000000004f,3.978519000013223e-33f,-2.4328742719161648e-32f,-0.31250000000000006f,-7.703719777548943e-34f,0.9960365028683791f,0.08894540434294357f,0.7887207600506397f,4.930380657631324e-32f,-0.08894540434294357f,0.9960365028683793f,0.09512026433523074f,0f,0f,0f,1f], start_interpolation: 0, interpolation_duration: 1 }
$data merge entity $(bone_left_forearm) { transformation: [1.0000000000000004f,3.978519000013223e-33f,-2.4328742719161648e-32f,0.31250000000000017f,-7.703719777548943e-34f,0.9960365028683791f,0.08894540434294357f,0.539711634333545f,4.930380657631324e-32f,-0.08894540434294357f,0.9960365028683793f,0.11735661542096663f,0f,0f,0f,1f], start_interpolation: 0, interpolation_duration: 1 }
$data merge entity $(bone_left_arm) { transformation: [1.0000000000000004f,3.978519000013223e-33f,-2.4328742719161648e-32f,0.31250000000000017f,-7.703719777548943e-34f,0.9960365028683791f,0.08894540434294357f,0.7887207600506397f,4.930380657631324e-32f,-0.08894540434294357f,0.9960365028683793f,0.09512026433523074f,0f,0f,0f,1f], start_interpolation: 0, interpolation_duration: 1 }
$data merge entity $(bone_head) { transformation: [1.0000000000000004f,-2.4277385484683785e-32f,-4.2807580820098094e-33f,3.869419733457562e-17f,-7.703719777548943e-34f,0.10132501061808996f,-0.9948533772487502f,0.8353968746546014f,4.930380657631324e-32f,0.9948533772487504f,0.10132501061809002f,0.1366845558061296f,0f,0f,0f,1f], start_interpolation: 0, interpolation_duration: 1 }
$data merge entity $(bone_torso) { transformation: [1.0000000000000004f,-1.5007127873483003e-32f,-1.9557669818195537e-32f,3.869419733457563e-17f,-7.703719777548943e-34f,0.7468178336633867f,-0.665028663534382f,0.321959614011023f,4.930380657631324e-32f,0.6650286635343821f,0.7468178336633868f,-0.32052265037375804f,0f,0f,0f,1f], start_interpolation: 0, interpolation_duration: 1 }
$data merge entity $(bone_upper_body) { transformation: [1.0000000000000004f,-1.5007127873483003e-32f,-1.9557669818195537e-32f,3.869419733457563e-17f,-7.703719777548943e-34f,0.7468178336633867f,-0.665028663534382f,0.321959614011023f,4.930380657631324e-32f,0.6650286635343821f,0.7468178336633868f,-0.32052265037375804f,0f,0f,0f,1f], start_interpolation: 0, interpolation_duration: 1 }
$data merge entity $(bone_right_lower_leg) { transformation: [1.0000000000000004f,2.434215523444998e-32f,-3.895614748735629e-33f,-0.12500000000000003f,-7.703719777548943e-34f,0.22965562469511855f,0.9732719527685441f,0.17973870473636758f,4.930380657631324e-32f,-0.9732719527685443f,0.22965562469511858f,0.0403498357908918f,0f,0f,0f,1f], start_interpolation: 0, interpolation_duration: 1 }
$data merge entity $(bone_right_leg) { transformation: [1.0000000000000004f,2.434215523444998e-32f,-3.895614748735629e-33f,-0.12500000000000003f,-7.703719777548943e-34f,0.22965562469511855f,0.9732719527685441f,0.26585956399703703f,4.930380657631324e-32f,-0.9732719527685443f,0.22965562469511858f,-0.3246271464973123f,0f,0f,0f,1f], start_interpolation: 0, interpolation_duration: 1 }
$data merge entity $(bone_left_lower_leg) { transformation: [1.0000000000000004f,2.434215523444998e-32f,-3.895614748735629e-33f,0.12500000000000008f,-7.703719777548943e-34f,0.22965562469511855f,0.9732719527685441f,0.17973870473636758f,4.930380657631324e-32f,-0.9732719527685443f,0.22965562469511858f,0.0403498357908918f,0f,0f,0f,1f], start_interpolation: 0, interpolation_duration: 1 }
$data merge entity $(bone_left_leg) { transformation: [1.0000000000000004f,2.434215523444998e-32f,-3.895614748735629e-33f,0.12500000000000008f,-7.703719777548943e-34f,0.22965562469511855f,0.9732719527685441f,0.26585956399703703f,4.930380657631324e-32f,-0.9732719527685443f,0.22965562469511858f,-0.3246271464973123f,0f,0f,0f,1f], start_interpolation: 0, interpolation_duration: 1 }