# This file was generated by Animated Java via MC-Build. It is not recommended to edit this file directly.
$data merge entity $(bone_right_forearm) { transformation: [1.0000000000000004f,5.511706583792014e-33f,-2.4027846891946245e-32f,-0.31250000000000006f,0f,0.9897706622161984f,0.14266757240560385f,0.5720933398168426f,4.930380657631324e-32f,-0.1426675724056039f,0.9897706622161987f,0.14492594875802017f,0f,0f,0f,1f], start_interpolation: 0, interpolation_duration: 1 }
$data merge entity $(bone_right_arm) { transformation: [1.0000000000000004f,5.511706583792014e-33f,-2.4027846891946245e-32f,-0.31250000000000006f,0f,0.9897706622161984f,0.14266757240560385f,0.8195360053708922f,4.930380657631324e-32f,-0.1426675724056039f,0.9897706622161987f,0.1092590556566192f,0f,0f,0f,1f], start_interpolation: 0, interpolation_duration: 1 }
$data merge entity $(bone_left_forearm) { transformation: [1.0000000000000004f,5.511706583792014e-33f,-2.4027846891946245e-32f,0.31250000000000017f,0f,0.9897706622161984f,0.14266757240560385f,0.5720933398168426f,4.930380657631324e-32f,-0.1426675724056039f,0.9897706622161987f,0.14492594875802017f,0f,0f,0f,1f], start_interpolation: 0, interpolation_duration: 1 }
$data merge entity $(bone_left_arm) { transformation: [1.0000000000000004f,5.511706583792014e-33f,-2.4027846891946245e-32f,0.31250000000000017f,0f,0.9897706622161984f,0.14266757240560385f,0.8195360053708922f,4.930380657631324e-32f,-0.1426675724056039f,0.9897706622161987f,0.1092590556566192f,0f,0f,0f,1f], start_interpolation: 0, interpolation_duration: 1 }
$data merge entity $(bone_head) { transformation: [1.0000000000000004f,-2.4277385484683785e-32f,-4.2807580820098094e-33f,3.742100302909666e-17f,0f,0.09207105174997493f,-0.9957524398311327f,0.8658236614578199f,4.930380657631324e-32f,0.995752439831133f,0.09207105174997487f,0.15125551853122693f,0f,0f,0f,1f], start_interpolation: 0, interpolation_duration: 1 }
$data merge entity $(bone_torso) { transformation: [1.0000000000000004f,-1.5007127873483003e-32f,-1.9557669818195537e-32f,3.7421003029096674e-17f,0f,0.7406024973908436f,-0.6719434059937232f,0.3566594445016149f,4.930380657631324e-32f,0.6719434059937234f,0.7406024973908438f,-0.3107055730894579f,0f,0f,0f,1f], start_interpolation: 0, interpolation_duration: 1 }
$data merge entity $(bone_upper_body) { transformation: [1.0000000000000004f,-1.5007127873483003e-32f,-1.9557669818195537e-32f,3.7421003029096674e-17f,0f,0.7406024973908436f,-0.6719434059937232f,0.3566594445016149f,4.930380657631324e-32f,0.6719434059937234f,0.7406024973908438f,-0.3107055730894579f,0f,0f,0f,1f], start_interpolation: 0, interpolation_duration: 1 }
$data merge entity $(bone_right_lower_leg) { transformation: [1.0000000000000004f,2.421814447133496e-32f,-4.604108392965452e-33f,-0.12500000000000003f,0f,0.26692349410042093f,0.9637177223114778f,0.20050367022265053f,4.930380657631324e-32f,-0.9637177223114779f,0.26692349410042104f,0.046062667784006195f,0f,0f,0f,1f], start_interpolation: 0, interpolation_duration: 1 }
$data merge entity $(bone_right_leg) { transformation: [1.0000000000000004f,2.421814447133496e-32f,-4.604108392965452e-33f,-0.12500000000000003f,0f,0.26692349410042093f,0.9637177223114778f,0.3005999805103084f,4.930380657631324e-32f,-0.9637177223114779f,0.26692349410042104f,-0.315331478082798f,0f,0f,0f,1f], start_interpolation: 0, interpolation_duration: 1 }
$data merge entity $(bone_left_lower_leg) { transformation: [1.0000000000000004f,2.421814447133496e-32f,-4.604108392965452e-33f,0.12500000000000008f,0f,0.26692349410042093f,0.9637177223114778f,0.20050367022265053f,4.930380657631324e-32f,-0.9637177223114779f,0.26692349410042104f,0.046062667784006195f,0f,0f,0f,1f], start_interpolation: 0, interpolation_duration: 1 }
$data merge entity $(bone_left_leg) { transformation: [1.0000000000000004f,2.421814447133496e-32f,-4.604108392965452e-33f,0.12500000000000008f,0f,0.26692349410042093f,0.9637177223114778f,0.3005999805103084f,4.930380657631324e-32f,-0.9637177223114779f,0.26692349410042104f,-0.315331478082798f,0f,0f,0f,1f], start_interpolation: 0, interpolation_duration: 1 }