# This file was generated by Animated Java via MC-Build. It is not recommended to edit this file directly.
$data merge entity $(bone_right_forearm) { transformation: [1f,0f,0f,-0.31249999999999994f,0f,0.9756207704570424f,0.21946323667714107f,0.6099339121274093f,0f,-0.21946323667714107f,0.9756207704570424f,0.17968898124921054f,0f,0f,0f,1f], start_interpolation: 0, interpolation_duration: 1 }
$data merge entity $(bone_right_arm) { transformation: [1f,0f,0f,-0.31249999999999994f,0f,0.9756207704570424f,0.21946323667714107f,0.8538391047416699f,0f,-0.21946323667714107f,0.9756207704570424f,0.12482317207992527f,0f,0f,0f,1f], start_interpolation: 0, interpolation_duration: 1 }
$data merge entity $(bone_left_forearm) { transformation: [1f,0f,0f,0.31250000000000006f,0f,0.9756207704570424f,0.21946323667714107f,0.6099339121274093f,0f,-0.21946323667714107f,0.9756207704570424f,0.17968898124921054f,0f,0f,0f,1f], start_interpolation: 0, interpolation_duration: 1 }
$data merge entity $(bone_left_arm) { transformation: [1f,0f,0f,0.31250000000000006f,0f,0.9756207704570424f,0.21946323667714107f,0.8538391047416699f,0f,-0.21946323667714107f,0.9756207704570424f,0.12482317207992527f,0f,0f,0f,1f], start_interpolation: 0, interpolation_duration: 1 }
$data merge entity $(bone_head) { transformation: [1f,0f,0f,3.6006480436544104e-17f,0f,0.08203721477593567f,-0.9966292667746653f,0.8997014267720113f,0f,0.9966292667746653f,0.08203721477593567f,0.16728371161942324f,0f,0f,0f,1f], start_interpolation: 0, interpolation_duration: 1 }
$data merge entity $(bone_torso) { transformation: [1f,0f,0f,3.6006480436544104e-17f,0f,0.7337971524854613f,-0.6793686326319671f,0.3952158844382566f,0f,0.6793686326319671f,0.7337971524854613f,-0.29978222331505416f,0f,0f,0f,1f], start_interpolation: 0, interpolation_duration: 1 }
$data merge entity $(bone_upper_body) { transformation: [1f,0f,0f,3.6006480436544104e-17f,0f,0.7337971524854613f,-0.6793686326319671f,0.3952158844382566f,0f,0.6793686326319671f,0.7337971524854613f,-0.29978222331505416f,0f,0f,0f,1f], start_interpolation: 0, interpolation_duration: 1 }
$data merge entity $(bone_right_lower_leg) { transformation: [1f,0f,0f,-0.12499999999999996f,0f,0.31444397324880813f,0.9492760334526006f,0.22128936587740683f,0f,-0.9492760334526006f,0.31444397324880813f,0.051005990870028994f,0f,0f,0f,1f], start_interpolation: 0, interpolation_duration: 1 }
$data merge entity $(bone_right_leg) { transformation: [1f,0f,0f,-0.12499999999999996f,0f,0.31444397324880813f,0.9492760334526006f,0.3392058558457099f,0f,-0.9492760334526006f,0.31444397324880813f,-0.30497252167469624f,0f,0f,0f,1f], start_interpolation: 0, interpolation_duration: 1 }
$data merge entity $(bone_left_lower_leg) { transformation: [1f,0f,0f,0.12500000000000003f,0f,0.31444397324880813f,0.9492760334526006f,0.22128936587740683f,0f,-0.9492760334526006f,0.31444397324880813f,0.051005990870028994f,0f,0f,0f,1f], start_interpolation: 0, interpolation_duration: 1 }
$data merge entity $(bone_left_leg) { transformation: [1f,0f,0f,0.12500000000000003f,0f,0.31444397324880813f,0.9492760334526006f,0.3392058558457099f,0f,-0.9492760334526006f,0.31444397324880813f,-0.30497252167469624f,0f,0f,0f,1f], start_interpolation: 0, interpolation_duration: 1 }