# This file was generated by Animated Java via MC-Build. It is not recommended to edit this file directly.
$data merge entity $(bone_right_forearm) { transformation: [1f,1.3963882447081714e-33f,6.511465322650364e-34f,-0.31249999999999994f,0f,0.9450620503782231f,0.3268909924346479f,0.6555283767128893f,0f,-0.3268909924346478f,0.945062050378223f,0.2236134677175088f,0f,0f,0f,1f], start_interpolation: 0, interpolation_duration: 1 }
$data merge entity $(bone_right_arm) { transformation: [1f,1.3963882447081714e-33f,6.511465322650364e-34f,-0.31249999999999994f,0f,0.9450620503782231f,0.3268909924346479f,0.8917938893074451f,0f,-0.3268909924346478f,0.945062050378223f,0.14189071960884686f,0f,0f,0f,1f], start_interpolation: 0, interpolation_duration: 1 }
$data merge entity $(bone_left_forearm) { transformation: [1f,1.3963882447081714e-33f,6.511465322650364e-34f,0.31250000000000006f,0f,0.9450620503782231f,0.3268909924346479f,0.6555283767128893f,0f,-0.3268909924346478f,0.945062050378223f,0.2236134677175088f,0f,0f,0f,1f], start_interpolation: 0, interpolation_duration: 1 }
$data merge entity $(bone_left_arm) { transformation: [1f,1.3963882447081714e-33f,6.511465322650364e-34f,0.31250000000000006f,0f,0.9450620503782231f,0.3268909924346479f,0.8917938893074451f,0f,-0.3268909924346478f,0.945062050378223f,0.14189071960884686f,0f,0f,0f,1f], start_interpolation: 0, interpolation_duration: 1 }
$data merge entity $(bone_head) { transformation: [1f,2.675473801256131e-34f,-1.5173365927927366e-33f,3.444319122601931e-17f,0f,0.07115239453236893f,-0.9974654564205772f,0.9371899482287647f,0f,0.9974654564205772f,0.07115239453236882f,0.18484939550105833f,0f,0f,0f,1f], start_interpolation: 0, interpolation_duration: 1 }
$data merge entity $(bone_torso) { transformation: [1f,1.222354363637221e-33f,-9.379454920926877e-34f,3.444319122601931e-17f,0f,0.726336942741115f,-0.6873388142753836f,0.43783330009424815f,0f,0.6873388142753836f,0.7263369427411149f,-0.28769603931326787f,0f,0f,0f,1f], start_interpolation: 0, interpolation_duration: 1 }
$data merge entity $(bone_upper_body) { transformation: [1f,1.222354363637221e-33f,-9.379454920926877e-34f,3.444319122601931e-17f,0f,0.726336942741115f,-0.6873388142753836f,0.43783330009424815f,0f,0.6873388142753836f,0.7263369427411149f,-0.28769603931326787f,0f,0f,0f,1f], start_interpolation: 0, interpolation_duration: 1 }
$data merge entity $(bone_right_lower_leg) { transformation: [1f,4.952559132281447e-34f,1.4589768733096856e-33f,-0.12499999999999997f,0f,0.4173884739041643f,0.9087281561897115f,0.22536259246500992f,0f,-0.9087281561897115f,0.4173884739041642f,0.047275583875932836f,0f,0f,0f,1f], start_interpolation: 0, interpolation_duration: 1 }
$data merge entity $(bone_right_leg) { transformation: [1f,4.952559132281447e-34f,1.4589768733096856e-33f,-0.12499999999999997f,0f,0.4173884739041643f,0.9087281561897115f,0.38188327017907153f,0f,-0.9087281561897115f,0.4173884739041642f,-0.293497474695209f,0f,0f,0f,1f], start_interpolation: 0, interpolation_duration: 1 }
$data merge entity $(bone_left_lower_leg) { transformation: [1f,4.952559132281447e-34f,1.4589768733096856e-33f,0.12500000000000003f,0f,0.4173884739041643f,0.9087281561897115f,0.22536259246500992f,0f,-0.9087281561897115f,0.4173884739041642f,0.047275583875932836f,0f,0f,0f,1f], start_interpolation: 0, interpolation_duration: 1 }
$data merge entity $(bone_left_leg) { transformation: [1f,4.952559132281447e-34f,1.4589768733096856e-33f,0.12500000000000003f,0f,0.4173884739041643f,0.9087281561897115f,0.38188327017907153f,0f,-0.9087281561897115f,0.4173884739041642f,-0.293497474695209f,0f,0f,0f,1f], start_interpolation: 0, interpolation_duration: 1 }