# This file was generated by Animated Java via MC-Build. It is not recommended to edit this file directly.
$data merge entity $(bone_right_forearm) { transformation: [1.0000000000000004f,1.3073794144969738e-32f,-2.089957517232305e-32f,-0.31250000000000006f,-1.5407439555097887e-33f,0.9031142480227347f,0.4294003435237682f,0.7035253620148879f,2.465190328815662e-32f,-0.4294003435237685f,0.903114248022735f,0.2666181637615682f,0f,0f,0f,1f], start_interpolation: 0, interpolation_duration: 1 }
$data merge entity $(bone_right_arm) { transformation: [1.0000000000000004f,1.3073794144969738e-32f,-2.089957517232305e-32f,-0.31250000000000006f,-1.5407439555097887e-33f,0.9031142480227347f,0.4294003435237682f,0.9293039240205716f,2.465190328815662e-32f,-0.4294003435237685f,0.903114248022735f,0.15926807788062608f,0f,0f,0f,1f], start_interpolation: 0, interpolation_duration: 1 }
$data merge entity $(bone_left_forearm) { transformation: [1.0000000000000004f,1.3073794144969738e-32f,-2.089957517232305e-32f,0.31250000000000017f,-1.5407439555097887e-33f,0.9031142480227347f,0.4294003435237682f,0.7035253620148879f,2.465190328815662e-32f,-0.4294003435237685f,0.903114248022735f,0.2666181637615682f,0f,0f,0f,1f], start_interpolation: 0, interpolation_duration: 1 }
$data merge entity $(bone_left_arm) { transformation: [1.0000000000000004f,1.3073794144969738e-32f,-2.089957517232305e-32f,0.31250000000000017f,-1.5407439555097887e-33f,0.9031142480227347f,0.4294003435237682f,0.9293039240205716f,2.465190328815662e-32f,-0.4294003435237685f,0.903114248022735f,0.15926807788062608f,0f,0f,0f,1f], start_interpolation: 0, interpolation_duration: 1 }
$data merge entity $(bone_head) { transformation: [1.0000000000000004f,-2.4277385484683785e-32f,-4.2807580820098094e-33f,3.287990201549451e-17f,-1.5407439555097887e-33f,0.05932979254915616f,-0.9982384363047108f,0.9741878380128947f,2.465190328815662e-32f,0.9982384363047112f,0.05932979254915627f,0.20276157469026118f,0f,0f,0f,1f], start_interpolation: 0, interpolation_duration: 1 }
$data merge entity $(bone_torso) { transformation: [1.0000000000000004f,-1.5007127873483003e-32f,-1.9557669818195537e-32f,3.287990201549452e-17f,-1.5407439555097887e-33f,0.7181426238771704f,-0.6958959489541614f,0.48046478409734f,2.465190328815662e-32f,0.6958959489541616f,0.7181426238771708f,-0.27566689021572494f,0f,0f,0f,1f], start_interpolation: 0, interpolation_duration: 1 }
$data merge entity $(bone_upper_body) { transformation: [1.0000000000000004f,-1.5007127873483003e-32f,-1.9557669818195537e-32f,3.287990201549452e-17f,-1.5407439555097887e-33f,0.7181426238771704f,-0.6958959489541614f,0.48046478409734f,2.465190328815662e-32f,0.6958959489541616f,0.7181426238771708f,-0.27566689021572494f,0f,0f,0f,1f], start_interpolation: 0, interpolation_duration: 1 }
$data merge entity $(bone_right_lower_leg) { transformation: [1.0000000000000004f,2.2438148134325816e-32f,-1.0210085407609388e-32f,-0.12500000000000003f,-1.5407439555097887e-33f,0.5160210978208596f,0.8565758732323453f,0.23107950268910127f,2.465190328815662e-32f,-0.8565758732323456f,0.5160210978208597f,0.03908515842834559f,0f,0f,0f,1f], start_interpolation: 0, interpolation_duration: 1 }
$data merge entity $(bone_right_leg) { transformation: [1.0000000000000004f,2.2438148134325816e-32f,-1.0210085407609388e-32f,-0.12500000000000003f,-1.5407439555097887e-33f,0.5160210978208596f,0.8565758732323453f,0.4245874143719236f,2.465190328815662e-32f,-0.8565758732323456f,0.5160210978208597f,-0.28213079403378405f,0f,0f,0f,1f], start_interpolation: 0, interpolation_duration: 1 }
$data merge entity $(bone_left_lower_leg) { transformation: [1.0000000000000004f,2.2438148134325816e-32f,-1.0210085407609388e-32f,0.12500000000000008f,-1.5407439555097887e-33f,0.5160210978208596f,0.8565758732323453f,0.23107950268910127f,2.465190328815662e-32f,-0.8565758732323456f,0.5160210978208597f,0.03908515842834559f,0f,0f,0f,1f], start_interpolation: 0, interpolation_duration: 1 }
$data merge entity $(bone_left_leg) { transformation: [1.0000000000000004f,2.2438148134325816e-32f,-1.0210085407609388e-32f,0.12500000000000008f,-1.5407439555097887e-33f,0.5160210978208596f,0.8565758732323453f,0.4245874143719236f,2.465190328815662e-32f,-0.8565758732323456f,0.5160210978208597f,-0.28213079403378405f,0f,0f,0f,1f], start_interpolation: 0, interpolation_duration: 1 }