# This file was generated by Animated Java via MC-Build. It is not recommended to edit this file directly.
$data merge entity $(bone_right_forearm) { transformation: [1f,0f,0f,-0.31249999999999994f,0f,0.8682546963598149f,0.49611871789837336f,0.7451976943498194f,-2.465190328815662e-32f,-0.4961187178983735f,0.8682546963598152f,0.29979633754621243f,0f,0f,0f,1f], start_interpolation: 0, interpolation_duration: 1 }
$data merge entity $(bone_right_arm) { transformation: [1f,0f,0f,-0.31249999999999994f,0f,0.8682546963598149f,0.49611871789837336f,0.9622613684397732f,-2.465190328815662e-32f,-0.4961187178983735f,0.8682546963598152f,0.17576665807161906f,0f,0f,0f,1f], start_interpolation: 0, interpolation_duration: 1 }
$data merge entity $(bone_left_forearm) { transformation: [1f,0f,0f,0.31250000000000006f,0f,0.8682546963598149f,0.49611871789837336f,0.7451976943498194f,-2.465190328815662e-32f,-0.4961187178983735f,0.8682546963598152f,0.29979633754621243f,0f,0f,0f,1f], start_interpolation: 0, interpolation_duration: 1 }
$data merge entity $(bone_left_arm) { transformation: [1f,0f,0f,0.31250000000000006f,0f,0.8682546963598149f,0.49611871789837336f,0.9622613684397732f,-2.465190328815662e-32f,-0.4961187178983735f,0.8682546963598152f,0.17576665807161906f,0f,0f,0f,1f], start_interpolation: 0, interpolation_duration: 1 }
$data merge entity $(bone_head) { transformation: [1f,0f,0f,3.146537942294195e-17f,0f,0.04646172136025528f,-0.9989200711009074f,1.0065811054656866f,-2.465190328815662e-32f,0.9989200711009079f,0.04646172136025534f,0.2198349109295879f,0f,0f,0f,1f], start_interpolation: 0, interpolation_duration: 1 }
$data merge entity $(bone_torso) { transformation: [1f,0f,0f,3.146537942294195e-17f,0f,0.7091157924146151f,-0.7050920457275011f,0.5190639981806388f,-2.465190328815662e-32f,0.7050920457275013f,0.7091157924146153f,-0.26491587050806925f,0f,0f,0f,1f], start_interpolation: 0, interpolation_duration: 1 }
$data merge entity $(bone_upper_body) { transformation: [1f,0f,0f,3.146537942294195e-17f,0f,0.7091157924146151f,-0.7050920457275011f,0.5190639981806388f,-2.465190328815662e-32f,0.7050920457275013f,0.7091157924146153f,-0.26491587050806925f,0f,0f,0f,1f], start_interpolation: 0, interpolation_duration: 1 }
$data merge entity $(bone_right_lower_leg) { transformation: [1f,0f,0f,-0.12499999999999997f,0f,0.560247819251039f,0.8283250455132063f,0.2531816283668341f,-2.465190328815662e-32f,-0.8283250455132065f,0.5602478192510391f,0.038522627314948876f,0f,0f,0f,1f], start_interpolation: 0, interpolation_duration: 1 }
$data merge entity $(bone_right_leg) { transformation: [1f,0f,0f,-0.12499999999999997f,0f,0.560247819251039f,0.8283250455132063f,0.4632745605859737f,-2.465190328815662e-32f,-0.8283250455132065f,0.5602478192510391f,-0.27209926475250357f,0f,0f,0f,1f], start_interpolation: 0, interpolation_duration: 1 }
$data merge entity $(bone_left_lower_leg) { transformation: [1f,0f,0f,0.12500000000000003f,0f,0.560247819251039f,0.8283250455132063f,0.2531816283668341f,-2.465190328815662e-32f,-0.8283250455132065f,0.5602478192510391f,0.038522627314948876f,0f,0f,0f,1f], start_interpolation: 0, interpolation_duration: 1 }
$data merge entity $(bone_left_leg) { transformation: [1f,0f,0f,0.12500000000000003f,0f,0.560247819251039f,0.8283250455132063f,0.4632745605859737f,-2.465190328815662e-32f,-0.8283250455132065f,0.5602478192510391f,-0.27209926475250357f,0f,0f,0f,1f], start_interpolation: 0, interpolation_duration: 1 }