# This file was generated by Animated Java via MC-Build. It is not recommended to edit this file directly.
$data merge entity $(bone_right_forearm) { transformation: [1f,0f,0f,-0.31249999999999994f,1.5407439555097887e-33f,0.8427350793911247f,0.5383285111933371f,0.7801106927599287f,0f,-0.5383285111933372f,0.8427350793911248f,0.32606239263964054f,0f,0f,0f,1f], start_interpolation: 0, interpolation_duration: 1 }
$data merge entity $(bone_right_arm) { transformation: [1f,0f,0f,-0.31249999999999994f,1.5407439555097887e-33f,0.8427350793911247f,0.5383285111933371f,0.9907944626077099f,0f,-0.5383285111933372f,0.8427350793911248f,0.19148026484130626f,0f,0f,0f,1f], start_interpolation: 0, interpolation_duration: 1 }
$data merge entity $(bone_left_forearm) { transformation: [1f,0f,0f,0.31250000000000006f,1.5407439555097887e-33f,0.8427350793911247f,0.5383285111933371f,0.7801106927599287f,0f,-0.5383285111933372f,0.8427350793911248f,0.32606239263964054f,0f,0f,0f,1f], start_interpolation: 0, interpolation_duration: 1 }
$data merge entity $(bone_left_arm) { transformation: [1f,0f,0f,0.31250000000000006f,1.5407439555097887e-33f,0.8427350793911247f,0.5383285111933371f,0.9907944626077099f,0f,-0.5383285111933372f,0.8427350793911248f,0.19148026484130626f,0f,0f,0f,1f], start_interpolation: 0, interpolation_duration: 1 }
$data merge entity $(bone_head) { transformation: [1f,0f,0f,3.0192185117462996e-17f,1.5407439555097887e-33f,0.03241189337117539f,-0.9994745965596603f,1.0344902003965843f,0f,0.9994745965596605f,0.03241189337117545f,0.23616731552812065f,0f,0f,0f,1f], start_interpolation: 0, interpolation_duration: 1 }
$data merge entity $(bone_torso) { transformation: [1f,0f,0f,3.0192185117462996e-17f,1.5407439555097887e-33f,0.6991318046219929f,-0.7149928109890306f,0.5538370847189643f,0f,0.7149928109890307f,0.699131804621993f,-0.2553902420268379f,0f,0f,0f,1f], start_interpolation: 0, interpolation_duration: 1 }
$data merge entity $(bone_upper_body) { transformation: [1f,0f,0f,3.0192185117462996e-17f,1.5407439555097887e-33f,0.6991318046219929f,-0.7149928109890306f,0.5538370847189643f,0f,0.7149928109890307f,0.699131804621993f,-0.2553902420268379f,0f,0f,0f,1f], start_interpolation: 0, interpolation_duration: 1 }
$data merge entity $(bone_right_lower_leg) { transformation: [1f,0f,0f,-0.12499999999999997f,1.5407439555097887e-33f,0.5955287774582588f,0.8033339748940485f,0.27483087204309176f,0f,-0.8033339748940486f,0.5955287774582589f,0.03789289152144826f,0f,0f,0f,1f], start_interpolation: 0, interpolation_duration: 1 }
$data merge entity $(bone_right_leg) { transformation: [1f,0f,0f,-0.12499999999999997f,1.5407439555097887e-33f,0.5955287774582588f,0.8033339748940485f,0.4981541635899388f,0f,-0.8033339748940486f,0.5955287774582589f,-0.26335734906381997f,0f,0f,0f,1f], start_interpolation: 0, interpolation_duration: 1 }
$data merge entity $(bone_left_lower_leg) { transformation: [1f,0f,0f,0.12500000000000003f,1.5407439555097887e-33f,0.5955287774582588f,0.8033339748940485f,0.27483087204309176f,0f,-0.8033339748940486f,0.5955287774582589f,0.03789289152144826f,0f,0f,0f,1f], start_interpolation: 0, interpolation_duration: 1 }
$data merge entity $(bone_left_leg) { transformation: [1f,0f,0f,0.12500000000000003f,1.5407439555097887e-33f,0.5955287774582588f,0.8033339748940485f,0.4981541635899388f,0f,-0.8033339748940486f,0.5955287774582589f,-0.26335734906381997f,0f,0f,0f,1f], start_interpolation: 0, interpolation_duration: 1 }