# This file was generated by Animated Java via MC-Build. It is not recommended to edit this file directly.
$data merge entity $(bone_right_forearm) { transformation: [1f,-2.2417563642205748e-33f,-2.1142601895784607e-33f,-0.31249999999999994f,1.5407439555097887e-33f,0.8261202652143416f,0.5634938397198203f,0.8084792530521792f,0f,-0.5634938397198203f,0.8261202652143416f,0.34738590482389975f,0f,0f,0f,1f], start_interpolation: 0, interpolation_duration: 1 }
$data merge entity $(bone_right_arm) { transformation: [1f,-2.2417563642205748e-33f,-2.1142601895784607e-33f,-0.31249999999999994f,1.5407439555097887e-33f,0.8261202652143416f,0.5634938397198203f,1.0150093193557645f,0f,-0.5634938397198203f,0.8261202652143416f,0.20651244489394469f,0f,0f,0f,1f], start_interpolation: 0, interpolation_duration: 1 }
$data merge entity $(bone_left_forearm) { transformation: [1f,-2.2417563642205748e-33f,-2.1142601895784607e-33f,0.31250000000000006f,1.5407439555097887e-33f,0.8261202652143416f,0.5634938397198203f,0.8084792530521792f,0f,-0.5634938397198203f,0.8261202652143416f,0.34738590482389975f,0f,0f,0f,1f], start_interpolation: 0, interpolation_duration: 1 }
$data merge entity $(bone_left_arm) { transformation: [1f,-2.2417563642205748e-33f,-2.1142601895784607e-33f,0.31250000000000006f,1.5407439555097887e-33f,0.8261202652143416f,0.5634938397198203f,1.0150093193557645f,0f,-0.5634938397198203f,0.8261202652143416f,0.20651244489394469f,0f,0f,0f,1f], start_interpolation: 0, interpolation_duration: 1 }
$data merge entity $(bone_head) { transformation: [1f,-5.350947602512262e-34f,3.034673185585473e-33f,2.9052880768159036e-17f,1.5407439555097887e-33f,0.01700351608474049f,-0.9998554297701024f,1.0580111221332267f,0f,0.9998554297701024f,0.01700351608474049f,0.25186765361232955f,0f,0f,0f,1f], start_interpolation: 0, interpolation_duration: 1 }
$data merge entity $(bone_torso) { transformation: [1f,-2.444708727274442e-33f,1.8758909841853754e-33f,2.9052880768159036e-17f,1.5407439555097887e-33f,0.6880288444393942f,-0.7256833394941572f,0.5849912915811432f,0f,0.7256833394941572f,0.6880288444393942f,-0.24703964228990358f,0f,0f,0f,1f], start_interpolation: 0, interpolation_duration: 1 }
$data merge entity $(bone_upper_body) { transformation: [1f,-2.444708727274442e-33f,1.8758909841853754e-33f,2.9052880768159036e-17f,1.5407439555097887e-33f,0.6880288444393942f,-0.7256833394941572f,0.5849912915811432f,0f,0.7256833394941572f,0.6880288444393942f,-0.24703964228990358f,0f,0f,0f,1f], start_interpolation: 0, interpolation_duration: 1 }
$data merge entity $(bone_right_lower_leg) { transformation: [1f,-1.529453188443167e-33f,-2.675133770509585e-33f,-0.12499999999999997f,1.5407439555097887e-33f,0.6263807873523028f,0.7795172283124404f,0.2945449833340361f,0f,-0.7795172283124404f,0.6263807873523028f,0.03645493764244162f,0f,0f,0f,1f], start_interpolation: 0, interpolation_duration: 1 }
$data merge entity $(bone_right_leg) { transformation: [1f,-1.529453188443167e-33f,-2.675133770509585e-33f,-0.12499999999999997f,1.5407439555097887e-33f,0.6263807873523028f,0.7795172283124404f,0.5294377785911497f,0f,-0.7795172283124404f,0.6263807873523028f,-0.25586402297472355f,0f,0f,0f,1f], start_interpolation: 0, interpolation_duration: 1 }
$data merge entity $(bone_left_lower_leg) { transformation: [1f,-1.529453188443167e-33f,-2.675133770509585e-33f,0.12500000000000003f,1.5407439555097887e-33f,0.6263807873523028f,0.7795172283124404f,0.2945449833340361f,0f,-0.7795172283124404f,0.6263807873523028f,0.03645493764244162f,0f,0f,0f,1f], start_interpolation: 0, interpolation_duration: 1 }
$data merge entity $(bone_left_leg) { transformation: [1f,-1.529453188443167e-33f,-2.675133770509585e-33f,0.12500000000000003f,1.5407439555097887e-33f,0.6263807873523028f,0.7795172283124404f,0.5294377785911497f,0f,-0.7795172283124404f,0.6263807873523028f,-0.25586402297472355f,0f,0f,0f,1f], start_interpolation: 0, interpolation_duration: 1 }