# This file was generated by Animated Java via MC-Build. It is not recommended to edit this file directly.
$data merge entity $(bone_right_forearm) { transformation: [1f,2.1713052185131068e-33f,2.1865501123499434e-33f,-0.31249999999999994f,0f,0.8171405270583799f,0.5764385127997202f,0.8306942476668936f,-2.465190328815662e-32f,-0.5764385127997202f,0.81714052705838f,0.3650907478725637f,0f,0f,0f,1f], start_interpolation: 0, interpolation_duration: 1 }
$data merge entity $(bone_right_arm) { transformation: [1f,2.1713052185131068e-33f,2.1865501123499434e-33f,-0.31249999999999994f,0f,0.8171405270583799f,0.5764385127997202f,1.0349793794314885f,-2.465190328815662e-32f,-0.5764385127997202f,0.81714052705838f,0.22098111967263365f,0f,0f,0f,1f], start_interpolation: 0, interpolation_duration: 1 }
$data merge entity $(bone_left_forearm) { transformation: [1f,2.1713052185131068e-33f,2.1865501123499434e-33f,0.31250000000000006f,0f,0.8171405270583799f,0.5764385127997202f,0.8306942476668936f,-2.465190328815662e-32f,-0.5764385127997202f,0.81714052705838f,0.3650907478725637f,0f,0f,0f,1f], start_interpolation: 0, interpolation_duration: 1 }
$data merge entity $(bone_left_arm) { transformation: [1f,2.1713052185131068e-33f,2.1865501123499434e-33f,0.31250000000000006f,0f,0.8171405270583799f,0.5764385127997202f,1.0349793794314885f,-2.465190328815662e-32f,-0.5764385127997202f,0.81714052705838f,0.22098111967263365f,0f,0f,0f,1f], start_interpolation: 0, interpolation_duration: 1 }
$data merge entity $(bone_head) { transformation: [1f,5.350947602512262e-34f,-3.034673185585473e-33f,2.8040028044131474e-17f,0f,1.6653345369377348e-16f,-1f,1.0772037674074673f,-2.465190328815662e-32f,1f,1.1102230246251565e-16f,0.2670609532232664f,0f,0f,0f,1f], start_interpolation: 0, interpolation_duration: 1 }
$data merge entity $(bone_torso) { transformation: [1f,2.444708727274442e-33f,-1.8758909841853754e-33f,2.8040028044131474e-17f,0f,0.6755902076156602f,-0.7372773368101241f,0.6127354996717009f,-2.465190328815662e-32f,0.7372773368101242f,0.6755902076156602f,-0.239817215833694f,0f,0f,0f,1f], start_interpolation: 0, interpolation_duration: 1 }
$data merge entity $(bone_upper_body) { transformation: [1f,2.444708727274442e-33f,-1.8758909841853754e-33f,2.8040028044131474e-17f,0f,0.6755902076156602f,-0.7372773368101241f,0.6127354996717009f,-2.465190328815662e-32f,0.7372773368101242f,0.6755902076156602f,-0.239817215833694f,0f,0f,0f,1f], start_interpolation: 0, interpolation_duration: 1 }
$data merge entity $(bone_right_lower_leg) { transformation: [1f,1.5822021103216183e-33f,2.644277638194147e-33f,-0.12499999999999997f,0f,0.654663901481072f,0.7559200857878967f,0.3118411005093622f,-2.465190328815662e-32f,-0.7559200857878969f,0.6546639014810721f,0.03388510634300251f,0f,0f,0f,1f], start_interpolation: 0, interpolation_duration: 1 }
$data merge entity $(bone_right_leg) { transformation: [1f,1.5822021103216183e-33f,2.644277638194147e-33f,-0.12499999999999997f,0f,0.654663901481072f,0.7559200857878967f,0.5573400635647642f,-2.465190328815662e-32f,-0.7559200857878969f,0.6546639014810721f,-0.24958492582745884f,0f,0f,0f,1f], start_interpolation: 0, interpolation_duration: 1 }
$data merge entity $(bone_left_lower_leg) { transformation: [1f,1.5822021103216183e-33f,2.644277638194147e-33f,0.12500000000000003f,0f,0.654663901481072f,0.7559200857878967f,0.3118411005093622f,-2.465190328815662e-32f,-0.7559200857878969f,0.6546639014810721f,0.03388510634300251f,0f,0f,0f,1f], start_interpolation: 0, interpolation_duration: 1 }
$data merge entity $(bone_left_leg) { transformation: [1f,1.5822021103216183e-33f,2.644277638194147e-33f,0.12500000000000003f,0f,0.654663901481072f,0.7559200857878967f,0.5573400635647642f,-2.465190328815662e-32f,-0.7559200857878969f,0.6546639014810721f,-0.24958492582745884f,0f,0f,0f,1f], start_interpolation: 0, interpolation_duration: 1 }