# This file was generated by Animated Java via MC-Build. It is not recommended to edit this file directly.
$data merge entity $(bone_right_forearm) { transformation: [1f,1.7896577724194572e-32f,-1.6953726477989724e-32f,-0.3125f,-1.5407439555097887e-33f,0.814468626493135f,0.5802075977254919f,0.8471100901776015f,0f,-0.580207597725492f,0.814468626493135f,0.3800784650545348f,0f,0f,0f,1f], start_interpolation: 0, interpolation_duration: 1 }
$data merge entity $(bone_right_arm) { transformation: [1f,1.7896577724194572e-32f,-1.6953726477989724e-32f,-0.3125f,-1.5407439555097887e-33f,0.814468626493135f,0.5802075977254919f,1.0507272468008853f,0f,-0.580207597725492f,0.814468626493135f,0.23502656562316177f,0f,0f,0f,1f], start_interpolation: 0, interpolation_duration: 1 }
$data merge entity $(bone_left_forearm) { transformation: [1f,1.7896577724194572e-32f,-1.6953726477989724e-32f,0.3125f,-1.5407439555097887e-33f,0.814468626493135f,0.5802075977254919f,0.8471100901776015f,0f,-0.580207597725492f,0.814468626493135f,0.3800784650545348f,0f,0f,0f,1f], start_interpolation: 0, interpolation_duration: 1 }
$data merge entity $(bone_left_arm) { transformation: [1f,1.7896577724194572e-32f,-1.6953726477989724e-32f,0.3125f,-1.5407439555097887e-33f,0.814468626493135f,0.5802075977254919f,1.0507272468008853f,0f,-0.580207597725492f,0.814468626493135f,0.23502656562316177f,0f,0f,0f,1f], start_interpolation: 0, interpolation_duration: 1 }
$data merge entity $(bone_head) { transformation: [1f,-2.4277385484683785e-32f,-4.2807580820098094e-33f,2.714618861448168e-17f,-1.5407439555097887e-33f,-0.018928274080529883f,-0.9998208441717608f,1.0920718583126328f,0f,0.9998208441717609f,-0.018928274080529772f,0.2818973784915416f,0f,0f,0f,1f], start_interpolation: 0, interpolation_duration: 1 }
$data merge entity $(bone_torso) { transformation: [1f,-1.5007127873483003e-32f,-1.9557669818195537e-32f,2.714618861448169e-17f,-1.5407439555097887e-33f,0.6615137841879593f,-0.7499330058940772f,0.6372811316834107f,0f,0.7499330058940772f,0.6615137841879594f,-0.23368156306063648f,0f,0f,0f,1f], start_interpolation: 0, interpolation_duration: 1 }
$data merge entity $(bone_upper_body) { transformation: [1f,-1.5007127873483003e-32f,-1.9557669818195537e-32f,2.714618861448169e-17f,-1.5407439555097887e-33f,0.6615137841879593f,-0.7499330058940772f,0.6372811316834107f,0f,0.7499330058940772f,0.6615137841879594f,-0.23368156306063648f,0f,0f,0f,1f], start_interpolation: 0, interpolation_duration: 1 }
$data merge entity $(bone_right_lower_leg) { transformation: [1f,2.093507109637696e-32f,-1.3016878808618797e-32f,-0.12499999999999997f,-1.5407439555097887e-33f,0.6814472682462712f,0.7318672151419917f,0.3265377802912599f,0f,-0.7318672151419918f,0.6814472682462713f,0.029954142568577008f,0f,0f,0f,1f], start_interpolation: 0, interpolation_duration: 1 }
$data merge entity $(bone_right_leg) { transformation: [1f,2.093507109637696e-32f,-1.3016878808618797e-32f,-0.12499999999999997f,-1.5407439555097887e-33f,0.6814472682462712f,0.7318672151419917f,0.5820805058836116f,0f,-0.7318672151419918f,0.6814472682462713f,-0.24449606310966995f,0f,0f,0f,1f], start_interpolation: 0, interpolation_duration: 1 }
$data merge entity $(bone_left_lower_leg) { transformation: [1f,2.093507109637696e-32f,-1.3016878808618797e-32f,0.12500000000000003f,-1.5407439555097887e-33f,0.6814472682462712f,0.7318672151419917f,0.3265377802912599f,0f,-0.7318672151419918f,0.6814472682462713f,0.029954142568577008f,0f,0f,0f,1f], start_interpolation: 0, interpolation_duration: 1 }
$data merge entity $(bone_left_leg) { transformation: [1f,2.093507109637696e-32f,-1.3016878808618797e-32f,0.12500000000000003f,-1.5407439555097887e-33f,0.6814472682462712f,0.7318672151419917f,0.5820805058836116f,0f,-0.7318672151419918f,0.6814472682462713f,-0.24449606310966995f,0f,0f,0f,1f], start_interpolation: 0, interpolation_duration: 1 }