# This file was generated by Animated Java via MC-Build. It is not recommended to edit this file directly.
$data merge entity $(bone_right_forearm) { transformation: [0.9999999999999998f,-1.8181010762924666e-32f,1.6648338756976465e-32f,-0.31249999999999994f,0f,0.8170242176364476f,0.5766033539579447f,0.8579347537069251f,-2.465190328815662e-32f,-0.5766033539579445f,0.8170242176364474f,0.39297713728191364f,0f,0f,0f,1f], start_interpolation: 0, interpolation_duration: 1 }
$data merge entity $(bone_right_arm) { transformation: [0.9999999999999998f,-1.8181010762924666e-32f,1.6648338756976465e-32f,-0.31249999999999994f,0f,0.8170242176364476f,0.5766033539579447f,1.062190808116037f,-2.465190328815662e-32f,-0.5766033539579445f,0.8170242176364474f,0.2488262987924275f,0f,0f,0f,1f], start_interpolation: 0, interpolation_duration: 1 }
$data merge entity $(bone_left_forearm) { transformation: [0.9999999999999998f,-1.8181010762924666e-32f,1.6648338756976465e-32f,0.31249999999999994f,0f,0.8170242176364476f,0.5766033539579447f,0.8579347537069251f,-2.465190328815662e-32f,-0.5766033539579445f,0.8170242176364474f,0.39297713728191364f,0f,0f,0f,1f], start_interpolation: 0, interpolation_duration: 1 }
$data merge entity $(bone_left_arm) { transformation: [0.9999999999999998f,-1.8181010762924666e-32f,1.6648338756976465e-32f,0.31249999999999994f,0f,0.8170242176364476f,0.5766033539579447f,1.062190808116037f,-2.465190328815662e-32f,-0.5766033539579445f,0.8170242176364474f,0.2488262987924275f,0f,0f,0f,1f], start_interpolation: 0, interpolation_duration: 1 }
$data merge entity $(bone_head) { transformation: [0.9999999999999998f,2.4277385484683785e-32f,4.2807580820098094e-33f,2.6363924148311088e-17f,0f,-0.04026594010941503f,-0.9991889981715698f,1.102525504218161f,-2.465190328815662e-32f,0.9991889981715694f,-0.04026594010941492f,0.2965689661911944f,0f,0f,0f,1f], start_interpolation: 0, interpolation_duration: 1 }
$data merge entity $(bone_torso) { transformation: [0.9999999999999998f,1.5007127873483003e-32f,1.9557669818195537e-32f,2.636392414831108e-17f,0f,0.6453551376339888f,-0.7638826783802704f,0.6588438470947938f,-2.465190328815662e-32f,0.7638826783802701f,0.6453551376339886f,-0.2286003751952413f,0f,0f,0f,1f], start_interpolation: 0, interpolation_duration: 1 }
$data merge entity $(bone_upper_body) { transformation: [0.9999999999999998f,1.5007127873483003e-32f,1.9557669818195537e-32f,2.636392414831108e-17f,0f,0.6453551376339888f,-0.7638826783802704f,0.6588438470947938f,-2.465190328815662e-32f,0.7638826783802701f,0.6453551376339886f,-0.2286003751952413f,0f,0f,0f,1f], start_interpolation: 0, interpolation_duration: 1 }
$data merge entity $(bone_right_lower_leg) { transformation: [0.9999999999999998f,-2.0738930562128452e-32f,1.3327156293367374e-32f,-0.12499999999999994f,0f,0.7075153733138938f,0.7066979528231998f,0.33856837782073146f,-2.465190328815662e-32f,-0.7066979528231995f,0.7075153733138937f,0.02442101943774133f,0f,0f,0f,1f], start_interpolation: 0, interpolation_duration: 1 }
$data merge entity $(bone_right_leg) { transformation: [0.9999999999999998f,-2.0738930562128452e-32f,1.3327156293367374e-32f,-0.12499999999999994f,0f,0.7075153733138938f,0.7066979528231998f,0.6038866428134416f,-2.465190328815662e-32f,-0.7066979528231995f,0.7075153733138937f,-0.24059071287095846f,0f,0f,0f,1f], start_interpolation: 0, interpolation_duration: 1 }
$data merge entity $(bone_left_lower_leg) { transformation: [0.9999999999999998f,-2.0738930562128452e-32f,1.3327156293367374e-32f,0.125f,0f,0.7075153733138938f,0.7066979528231998f,0.33856837782073146f,-2.465190328815662e-32f,-0.7066979528231995f,0.7075153733138937f,0.02442101943774133f,0f,0f,0f,1f], start_interpolation: 0, interpolation_duration: 1 }
$data merge entity $(bone_left_leg) { transformation: [0.9999999999999998f,-2.0738930562128452e-32f,1.3327156293367374e-32f,0.125f,0f,0.7075153733138938f,0.7066979528231998f,0.6038866428134416f,-2.465190328815662e-32f,-0.7066979528231995f,0.7075153733138937f,-0.24059071287095846f,0f,0f,0f,1f], start_interpolation: 0, interpolation_duration: 1 }
execute on vehicle unless entity @s[tag=aj.transforms_only] at @s run function animated_java:rend_fallen_tether/animations/rise_2/zzz/frames/zzz/1