# This file was generated by Animated Java via MC-Build. It is not recommended to edit this file directly.
$data merge entity $(bone_right_forearm) { transformation: [1f,0f,0f,-0.3125f,0f,0.8240998805146756f,0.5664445135542382f,0.8631278367738484f,0f,-0.5664445135542384f,0.8240998805146756f,0.404237143008626f,0f,0f,0f,1f], start_interpolation: 0, interpolation_duration: 1 }
$data merge entity $(bone_right_arm) { transformation: [1f,0f,0f,-0.3125f,0f,0.8240998805146756f,0.5664445135542382f,1.0691528069025173f,0f,-0.5664445135542384f,0.8240998805146756f,0.2626260146200664f,0f,0f,0f,1f], start_interpolation: 0, interpolation_duration: 1 }
$data merge entity $(bone_left_forearm) { transformation: [1f,0f,0f,0.3125f,0f,0.8240998805146756f,0.5664445135542382f,0.8631278367738484f,0f,-0.5664445135542384f,0.8240998805146756f,0.404237143008626f,0f,0f,0f,1f], start_interpolation: 0, interpolation_duration: 1 }
$data merge entity $(bone_left_arm) { transformation: [1f,0f,0f,0.3125f,0f,0.8240998805146756f,0.5664445135542382f,1.0691528069025173f,0f,-0.5664445135542384f,0.8240998805146756f,0.2626260146200664f,0f,0f,0f,1f], start_interpolation: 0, interpolation_duration: 1 }
$data merge entity $(bone_head) { transformation: [1f,0f,0f,2.568579631472102e-17f,0f,-0.06478149201018624f,-0.9978994730397118f,1.10830338104418f,0f,0.9978994730397119f,-0.06478149201018613f,0.31134441509030136f,0f,0f,0f,1f], start_interpolation: 0, interpolation_duration: 1 }
$data merge entity $(bone_torso) { transformation: [1f,0f,0f,2.568579631472102e-17f,0f,0.6264091862666002f,-0.7794944075237589f,0.6776470654858923f,0f,0.7794944075237589f,0.6264091862666004f,-0.2245579900822829f,0f,0f,0f,1f], start_interpolation: 0, interpolation_duration: 1 }
$data merge entity $(bone_upper_body) { transformation: [1f,0f,0f,2.568579631472102e-17f,0f,0.6264091862666002f,-0.7794944075237589f,0.6776470654858923f,0f,0.7794944075237589f,0.6264091862666004f,-0.2245579900822829f,0f,0f,0f,1f], start_interpolation: 0, interpolation_duration: 1 }
$data merge entity $(bone_right_lower_leg) { transformation: [1f,0f,0f,-0.12499999999999997f,0f,0.7336075245881479f,0.6795733954972412f,0.3478979340923385f,0f,-0.6795733954972413f,0.7336075245881479f,0.016946241572037668f,0f,0f,0f,1f], start_interpolation: 0, interpolation_duration: 1 }
$data merge entity $(bone_right_leg) { transformation: [1f,0f,0f,-0.12499999999999997f,0f,0.7336075245881479f,0.6795733954972412f,0.6230007558128939f,0f,-0.6795733954972413f,0.7336075245881479f,-0.23789378173942782f,0f,0f,0f,1f], start_interpolation: 0, interpolation_duration: 1 }
$data merge entity $(bone_left_lower_leg) { transformation: [1f,0f,0f,0.12500000000000003f,0f,0.7336075245881479f,0.6795733954972412f,0.3478979340923385f,0f,-0.6795733954972413f,0.7336075245881479f,0.016946241572037668f,0f,0f,0f,1f], start_interpolation: 0, interpolation_duration: 1 }
$data merge entity $(bone_left_leg) { transformation: [1f,0f,0f,0.12500000000000003f,0f,0.7336075245881479f,0.6795733954972412f,0.6230007558128939f,0f,-0.6795733954972413f,0.7336075245881479f,-0.23789378173942782f,0f,0f,0f,1f], start_interpolation: 0, interpolation_duration: 1 }