# This file was generated by Animated Java via MC-Build. It is not recommended to edit this file directly.
$data merge entity $(bone_right_forearm) { transformation: [1f,-4.066101288477662e-33f,-4.631316367392698e-33f,-0.3125f,-3.0814879110195774e-33f,0.8354851520030042f,0.5495130214858579f,0.8621980863193683f,0f,-0.5495130214858581f,0.8354851520030043f,0.41419317382668447f,0f,0f,0f,1f], start_interpolation: 0, interpolation_duration: 1 }
$data merge entity $(bone_right_arm) { transformation: [1f,-4.066101288477662e-33f,-4.631316367392698e-33f,-0.3125f,-3.0814879110195774e-33f,0.8354851520030042f,0.5495130214858579f,1.0710693743201194f,0f,-0.5495130214858581f,0.8354851520030043f,0.27681491845521994f,0f,0f,0f,1f], start_interpolation: 0, interpolation_duration: 1 }
$data merge entity $(bone_left_forearm) { transformation: [1f,-4.066101288477662e-33f,-4.631316367392698e-33f,0.3125f,-3.0814879110195774e-33f,0.8354851520030042f,0.5495130214858579f,0.8621980863193683f,0f,-0.5495130214858581f,0.8354851520030043f,0.41419317382668447f,0f,0f,0f,1f], start_interpolation: 0, interpolation_duration: 1 }
$data merge entity $(bone_left_arm) { transformation: [1f,-4.066101288477662e-33f,-4.631316367392698e-33f,0.3125f,-3.0814879110195774e-33f,0.8354851520030042f,0.5495130214858579f,1.0710693743201194f,0f,-0.5495130214858581f,0.8354851520030043f,0.27681491845521994f,0f,0f,0f,1f], start_interpolation: 0, interpolation_duration: 1 }
$data merge entity $(bone_head) { transformation: [1f,-1.0701895205024523e-33f,6.069346371170946e-33f,2.5104366782812904e-17f,-3.0814879110195774e-33f,-0.0938409894031792f,-0.9955871979429187f,1.1087832572580536f,0f,0.9955871979429188f,-0.09384098940317914f,0.3266537891661801f,0f,0f,0f,1f], start_interpolation: 0, interpolation_duration: 1 }
$data merge entity $(bone_torso) { transformation: [1f,-4.889417454548884e-33f,3.751781968370751e-33f,2.5104366782812907e-17f,-3.0814879110195774e-33f,0.6034221270069466f,-0.7974219313753618f,0.6939305449407778f,0f,0.7974219313753619f,0.6034221270069469f,-0.2215737886543812f,0f,0f,0f,1f], start_interpolation: 0, interpolation_duration: 1 }
$data merge entity $(bone_upper_body) { transformation: [1f,-4.889417454548884e-33f,3.751781968370751e-33f,2.5104366782812907e-17f,-3.0814879110195774e-33f,0.6034221270069466f,-0.7974219313753618f,0.6939305449407778f,0f,0.7974219313753619f,0.6034221270069469f,-0.2215737886543812f,0f,0f,0f,1f], start_interpolation: 0, interpolation_duration: 1 }
$data merge entity $(bone_right_lower_leg) { transformation: [1f,-3.4585191343875094e-33f,-5.1010701210740745e-33f,-0.12499999999999997f,-3.0814879110195774e-33f,0.7606534301816918f,0.6491581927025385f,0.35445113318013044f,0f,-0.6491581927025385f,0.760653430181692f,0.0069375640533638205f,0f,0f,0f,1f], start_interpolation: 0, interpolation_duration: 1 }
$data merge entity $(bone_right_leg) { transformation: [1f,-3.4585191343875094e-33f,-5.1010701210740745e-33f,-0.12499999999999997f,-3.0814879110195774e-33f,0.7606534301816918f,0.6491581927025385f,0.6396961694982649f,0f,-0.6491581927025385f,0.760653430181692f,-0.23649675821008811f,0f,0f,0f,1f], start_interpolation: 0, interpolation_duration: 1 }
$data merge entity $(bone_left_lower_leg) { transformation: [1f,-3.4585191343875094e-33f,-5.1010701210740745e-33f,0.12500000000000003f,-3.0814879110195774e-33f,0.7606534301816918f,0.6491581927025385f,0.35445113318013044f,0f,-0.6491581927025385f,0.760653430181692f,0.0069375640533638205f,0f,0f,0f,1f], start_interpolation: 0, interpolation_duration: 1 }
$data merge entity $(bone_left_leg) { transformation: [1f,-3.4585191343875094e-33f,-5.1010701210740745e-33f,0.12500000000000003f,-3.0814879110195774e-33f,0.7606534301816918f,0.6491581927025385f,0.6396961694982649f,0f,-0.6491581927025385f,0.760653430181692f,-0.23649675821008811f,0f,0f,0f,1f], start_interpolation: 0, interpolation_duration: 1 }