# This file was generated by Animated Java via MC-Build. It is not recommended to edit this file directly.
$data merge entity $(bone_right_forearm) { transformation: [1f,0f,0f,-0.3125f,0f,0.851855311555551f,0.5237771741633988f,0.8535649604287087f,2.465190328815662e-32f,-0.5237771741633986f,0.851855311555551f,0.4231077988622056f,0f,0f,0f,1f], start_interpolation: 0, interpolation_duration: 1 }
$data merge entity $(bone_right_arm) { transformation: [1f,0f,0f,-0.3125f,0f,0.851855311555551f,0.5237771741633988f,1.0665287883175965f,2.465190328815662e-32f,-0.5237771741633986f,0.851855311555551f,0.292163505321356f,0f,0f,0f,1f], start_interpolation: 0, interpolation_duration: 1 }
$data merge entity $(bone_left_forearm) { transformation: [1f,0f,0f,0.3125f,0f,0.851855311555551f,0.5237771741633988f,0.8535649604287087f,2.465190328815662e-32f,-0.5237771741633986f,0.851855311555551f,0.4231077988622056f,0f,0f,0f,1f], start_interpolation: 0, interpolation_duration: 1 }
$data merge entity $(bone_left_arm) { transformation: [1f,0f,0f,0.3125f,0f,0.851855311555551f,0.5237771741633988f,1.0665287883175965f,2.465190328815662e-32f,-0.5237771741633986f,0.851855311555551f,0.292163505321356f,0f,0f,0f,1f], start_interpolation: 0, interpolation_duration: 1 }
$data merge entity $(bone_head) { transformation: [1f,0f,0f,2.461219722168813e-17f,0f,-0.13039826618525252f,-0.9914616947597522f,1.1023839211793462f,2.465190328815662e-32f,0.9914616947597521f,-0.13039826618525258f,0.34335588217051477f,0f,0f,0f,1f], start_interpolation: 0, interpolation_duration: 1 }
$data merge entity $(bone_torso) { transformation: [1f,0f,0f,2.461219722168813e-17f,0f,0.5736821257879946f,-0.8190780295865392f,0.7079774597000998f,2.465190328815662e-32f,0.8190780295865392f,0.5736821257879945f,-0.21976026317023095f,0f,0f,0f,1f], start_interpolation: 0, interpolation_duration: 1 }
$data merge entity $(bone_upper_body) { transformation: [1f,0f,0f,2.461219722168813e-17f,0f,0.5736821257879946f,-0.8190780295865392f,0.7079774597000998f,2.465190328815662e-32f,0.8190780295865392f,0.5736821257879945f,-0.21976026317023095f,0f,0f,0f,1f], start_interpolation: 0, interpolation_duration: 1 }
$data merge entity $(bone_right_lower_leg) { transformation: [1f,0f,0f,-0.12499999999999997f,0f,0.7903103251180468f,0.6127067732707115f,0.3579623272640806f,2.465190328815662e-32f,-0.6127067732707115f,0.7903103251180468f,-0.006903002320974488f,0f,0f,0f,1f], start_interpolation: 0, interpolation_duration: 1 }
$data merge entity $(bone_right_leg) { transformation: [1f,0f,0f,-0.12499999999999997f,0f,0.7903103251180468f,0.6127067732707115f,0.6543286991833481f,2.465190328815662e-32f,-0.6127067732707115f,0.7903103251180468f,-0.2366680422974913f,0f,0f,0f,1f], start_interpolation: 0, interpolation_duration: 1 }
$data merge entity $(bone_left_lower_leg) { transformation: [1f,0f,0f,0.12500000000000003f,0f,0.7903103251180468f,0.6127067732707115f,0.3579623272640806f,2.465190328815662e-32f,-0.6127067732707115f,0.7903103251180468f,-0.006903002320974488f,0f,0f,0f,1f], start_interpolation: 0, interpolation_duration: 1 }
$data merge entity $(bone_left_leg) { transformation: [1f,0f,0f,0.12500000000000003f,0f,0.7903103251180468f,0.6127067732707115f,0.6543286991833481f,2.465190328815662e-32f,-0.6127067732707115f,0.7903103251180468f,-0.2366680422974913f,0f,0f,0f,1f], start_interpolation: 0, interpolation_duration: 1 }