# This file was generated by Animated Java via MC-Build. It is not recommended to edit this file directly.
$data merge entity $(bone_right_forearm) { transformation: [0.9999999999999998f,-2.2715800600782492e-32f,1.1388196072124682e-32f,-0.31249999999999994f,0f,0.877095892714074f,0.48031530788025234f,0.8309719733076157f,0f,-0.4803153078802522f,0.8770958927140737f,0.4312227847915929f,0f,0f,0f,1f], start_interpolation: 0, interpolation_duration: 1 }
$data merge entity $(bone_right_arm) { transformation: [0.9999999999999998f,-2.2715800600782492e-32f,1.1388196072124682e-32f,-0.31249999999999994f,0f,0.877095892714074f,0.48031530788025234f,1.0502459464861342f,0f,-0.4803153078802522f,0.8770958927140737f,0.3111439578215298f,0f,0f,0f,1f], start_interpolation: 0, interpolation_duration: 1 }
$data merge entity $(bone_left_forearm) { transformation: [0.9999999999999998f,-2.2715800600782492e-32f,1.1388196072124682e-32f,0.31249999999999994f,0f,0.877095892714074f,0.48031530788025234f,0.8309719733076157f,0f,-0.4803153078802522f,0.8770958927140737f,0.4312227847915929f,0f,0f,0f,1f], start_interpolation: 0, interpolation_duration: 1 }
$data merge entity $(bone_left_arm) { transformation: [0.9999999999999998f,-2.2715800600782492e-32f,1.1388196072124682e-32f,0.31249999999999994f,0f,0.877095892714074f,0.48031530788025234f,1.0502459464861342f,0f,-0.4803153078802522f,0.8770958927140737f,0.3111439578215298f,0f,0f,0f,1f], start_interpolation: 0, interpolation_duration: 1 }
$data merge entity $(bone_head) { transformation: [0.9999999999999998f,2.320719596418133e-32f,1.0350104453180754e-32f,2.4201849300448087e-17f,0f,-0.18449358886540024f,-0.9828337172012185f,1.0832440648110353f,0f,0.9828337172012183f,-0.18449358886540018f,0.364222900793445f,0f,0f,0f,1f], start_interpolation: 0, interpolation_duration: 1 }
$data merge entity $(bone_torso) { transformation: [0.9999999999999998f,1.0117710418934119e-32f,2.3309451786566287e-32f,2.420184930044808e-17f,0f,0.5279698931984179f,-0.8492630875506431f,0.720264763237123f,0f,0.8492630875506428f,0.5279698931984177f,-0.21964547189762199f,0f,0f,0f,1f], start_interpolation: 0, interpolation_duration: 1 }
$data merge entity $(bone_upper_body) { transformation: [0.9999999999999998f,1.0117710418934119e-32f,2.3309451786566287e-32f,2.420184930044808e-17f,0f,0.5279698931984179f,-0.8492630875506431f,0.720264763237123f,0f,0.8492630875506428f,0.5279698931984177f,-0.21964547189762199f,0f,0f,0f,1f], start_interpolation: 0, interpolation_duration: 1 }
$data merge entity $(bone_right_lower_leg) { transformation: [0.9999999999999998f,-2.3690679380428225e-32f,9.189685370317049e-33f,-0.12499999999999994f,0f,0.8277595659065099f,0.561082971627429f,0.3572125035089647f,0f,-0.5610829716274288f,0.8277595659065097f,-0.02905949507318431f,0f,0f,0f,1f], start_interpolation: 0, interpolation_duration: 1 }
$data merge entity $(bone_right_leg) { transformation: [0.9999999999999998f,-2.3690679380428225e-32f,9.189685370317049e-33f,-0.12499999999999994f,0f,0.8277595659065099f,0.561082971627429f,0.6676223407239059f,0f,-0.5610829716274288f,0.8277595659065097f,-0.23946560943347012f,0f,0f,0f,1f], start_interpolation: 0, interpolation_duration: 1 }
$data merge entity $(bone_left_lower_leg) { transformation: [0.9999999999999998f,-2.3690679380428225e-32f,9.189685370317049e-33f,0.125f,0f,0.8277595659065099f,0.561082971627429f,0.3572125035089647f,0f,-0.5610829716274288f,0.8277595659065097f,-0.02905949507318431f,0f,0f,0f,1f], start_interpolation: 0, interpolation_duration: 1 }
$data merge entity $(bone_left_leg) { transformation: [0.9999999999999998f,-2.3690679380428225e-32f,9.189685370317049e-33f,0.125f,0f,0.8277595659065099f,0.561082971627429f,0.6676223407239059f,0f,-0.5610829716274288f,0.8277595659065097f,-0.23946560943347012f,0f,0f,0f,1f], start_interpolation: 0, interpolation_duration: 1 }