# This file was generated by Animated Java via MC-Build. It is not recommended to edit this file directly.
$data merge entity $(bone_right_forearm) { transformation: [1f,9.376054746810557e-33f,-8.001167497119905e-33f,-0.3125f,0f,0.9387613333595398f,0.34456807598647193f,0.7442705753011678f,0f,-0.34456807598647216f,0.93876133335954f,0.43536391132012625f,0f,0f,0f,1f], start_interpolation: 0, interpolation_duration: 1 }
$data merge entity $(bone_right_arm) { transformation: [1f,9.376054746810557e-33f,-8.001167497119905e-33f,-0.3125f,0f,0.9387613333595398f,0.34456807598647193f,0.9789609086410528f,0f,-0.34456807598647216f,0.93876133335954f,0.3492218923235082f,0f,0f,0f,1f], start_interpolation: 0, interpolation_duration: 1 }
$data merge entity $(bone_left_forearm) { transformation: [1f,9.376054746810557e-33f,-8.001167497119905e-33f,0.3125f,0f,0.9387613333595398f,0.34456807598647193f,0.7442705753011678f,0f,-0.34456807598647216f,0.93876133335954f,0.43536391132012625f,0f,0f,0f,1f], start_interpolation: 0, interpolation_duration: 1 }
$data merge entity $(bone_left_arm) { transformation: [1f,9.376054746810557e-33f,-8.001167497119905e-33f,0.3125f,0f,0.9387613333595398f,0.34456807598647193f,0.9789609086410528f,0f,-0.34456807598647216f,0.93876133335954f,0.3492218923235082f,0f,0f,0f,1f], start_interpolation: 0, interpolation_duration: 1 }
$data merge entity $(bone_head) { transformation: [1f,-1.2138692742341893e-32f,-2.1403790410049047e-33f,2.3865884688194134e-17f,0f,-0.33164072380781046f,-0.9434057612248463f,1.003513690170109f,0f,0.9434057612248465f,-0.3316407238078105f,0.40669719936215254f,0f,0f,0f,1f], start_interpolation: 0, interpolation_duration: 1 }
$data merge entity $(bone_torso) { transformation: [1f,-7.503563936741501e-33f,-9.778834909097769e-33f,2.386588468819414e-17f,0f,0.3928445044648993f,-0.919604912618309f,0.7334330933504907f,0f,0.9196049126183092f,0.39284450446489955f,-0.2255311780629351f,0f,0f,0f,1f], start_interpolation: 0, interpolation_duration: 1 }
$data merge entity $(bone_upper_body) { transformation: [1f,-7.503563936741501e-33f,-9.778834909097769e-33f,2.386588468819414e-17f,0f,0.3928445044648993f,-0.919604912618309f,0.7334330933504907f,0f,0.9196049126183092f,0.39284450446489955f,-0.2255311780629351f,0f,0f,0f,1f], start_interpolation: 0, interpolation_duration: 1 }
$data merge entity $(bone_right_lower_leg) { transformation: [1f,1.0010860454627657e-32f,-7.191088713826922e-33f,-0.12499999999999997f,0f,0.9067437037577956f,0.42168217379395484f,0.34438320128474736f,0f,-0.42168217379395506f,0.9067437037577957f,-0.09498665929844702f,0f,0f,0f,1f], start_interpolation: 0, interpolation_duration: 1 }
$data merge entity $(bone_right_leg) { transformation: [1f,1.0010860454627657e-32f,-7.191088713826922e-33f,-0.12499999999999997f,0f,0.9067437037577956f,0.42168217379395484f,0.6844120901939207f,0f,-0.42168217379395506f,0.9067437037577957f,-0.25311747447118016f,0f,0f,0f,1f], start_interpolation: 0, interpolation_duration: 1 }
$data merge entity $(bone_left_lower_leg) { transformation: [1f,1.0010860454627657e-32f,-7.191088713826922e-33f,0.12500000000000003f,0f,0.9067437037577956f,0.42168217379395484f,0.34438320128474736f,0f,-0.42168217379395506f,0.9067437037577957f,-0.09498665929844702f,0f,0f,0f,1f], start_interpolation: 0, interpolation_duration: 1 }
$data merge entity $(bone_left_leg) { transformation: [1f,1.0010860454627657e-32f,-7.191088713826922e-33f,0.12500000000000003f,0f,0.9067437037577956f,0.42168217379395484f,0.6844120901939207f,0f,-0.42168217379395506f,0.9067437037577957f,-0.25311747447118016f,0f,0f,0f,1f], start_interpolation: 0, interpolation_duration: 1 }