# This file was generated by Animated Java via MC-Build. It is not recommended to edit this file directly.
$data merge entity $(bone_right_forearm) { transformation: [0.9999999999999998f,-1.737396252516983e-32f,-1.415483676454073e-33f,-0.31249999999999994f,0f,0.9555345284570992f,0.2948792378691136f,0.7173187920987146f,-2.465190328815662e-32f,-0.29487923786911346f,0.9555345284570992f,0.4347842219062718f,0f,0f,0f,1f], start_interpolation: 0, interpolation_duration: 1 }
$data merge entity $(bone_right_arm) { transformation: [0.9999999999999998f,-1.737396252516983e-32f,-1.415483676454073e-33f,-0.31249999999999994f,0f,0.9555345284570992f,0.2948792378691136f,0.9562024242129894f,-2.465190328815662e-32f,-0.29487923786911346f,0.9555345284570992f,0.36106441243899345f,0f,0f,0f,1f], start_interpolation: 0, interpolation_duration: 1 }
$data merge entity $(bone_left_forearm) { transformation: [0.9999999999999998f,-1.737396252516983e-32f,-1.415483676454073e-33f,0.31249999999999994f,0f,0.9555345284570992f,0.2948792378691136f,0.7173187920987146f,-2.465190328815662e-32f,-0.29487923786911346f,0.9555345284570992f,0.4347842219062718f,0f,0f,0f,1f], start_interpolation: 0, interpolation_duration: 1 }
$data merge entity $(bone_left_arm) { transformation: [0.9999999999999998f,-1.737396252516983e-32f,-1.415483676454073e-33f,0.31249999999999994f,0f,0.9555345284570992f,0.2948792378691136f,0.9562024242129894f,-2.465190328815662e-32f,-0.29487923786911346f,0.9555345284570992f,0.36106441243899345f,0f,0f,0f,1f], start_interpolation: 0, interpolation_duration: 1 }
$data merge entity $(bone_head) { transformation: [0.9999999999999998f,9.998313701336986e-33f,1.4279071783346797e-32f,2.3596865054027695e-17f,0f,-0.38280263625400185f,-0.9238301476337447f,0.9775711050292546f,-2.465190328815662e-32f,0.9238301476337446f,-0.3828026362540019f,0.4197979589024293f,0f,0f,0f,1f], start_interpolation: 0, interpolation_duration: 1 }
$data merge entity $(bone_torso) { transformation: [0.9999999999999998f,-2.275270972356267e-33f,1.728239884583927e-32f,2.3596865054027698e-17f,0f,0.3418988930602423f,-0.9397367434149742f,0.742515616050338f,-2.465190328815662e-32f,0.9397367434149742f,0.3418988930602422f,-0.22627105219536536f,0f,0f,0f,1f], start_interpolation: 0, interpolation_duration: 1 }
$data merge entity $(bone_upper_body) { transformation: [0.9999999999999998f,-2.275270972356267e-33f,1.728239884583927e-32f,2.3596865054027698e-17f,0f,0.3418988930602423f,-0.9397367434149742f,0.742515616050338f,-2.465190328815662e-32f,0.9397367434149742f,0.3418988930602422f,-0.22627105219536536f,0f,0f,0f,1f], start_interpolation: 0, interpolation_duration: 1 }
$data merge entity $(bone_right_lower_leg) { transformation: [0.9999999999999998f,-1.7220997635878664e-32f,-2.7010013493841518e-33f,-0.12499999999999994f,0f,0.9310146876780937f,0.3649817136894145f,0.3459482393899236f,-2.465190328815662e-32f,-0.3649817136894143f,0.9310146876780936f,-0.11963213350559387f,0f,0f,0f,1f], start_interpolation: 0, interpolation_duration: 1 }
$data merge entity $(bone_right_leg) { transformation: [0.9999999999999998f,-1.7220997635878664e-32f,-2.7010013493841518e-33f,-0.12499999999999994f,0f,0.9310146876780937f,0.3649817136894145f,0.6950787472692087f,-2.465190328815662e-32f,-0.3649817136894143f,0.9310146876780936f,-0.25650027613912424f,0f,0f,0f,1f], start_interpolation: 0, interpolation_duration: 1 }
$data merge entity $(bone_left_lower_leg) { transformation: [0.9999999999999998f,-1.7220997635878664e-32f,-2.7010013493841518e-33f,0.125f,0f,0.9310146876780937f,0.3649817136894145f,0.3459482393899236f,-2.465190328815662e-32f,-0.3649817136894143f,0.9310146876780936f,-0.11963213350559387f,0f,0f,0f,1f], start_interpolation: 0, interpolation_duration: 1 }
$data merge entity $(bone_left_leg) { transformation: [0.9999999999999998f,-1.7220997635878664e-32f,-2.7010013493841518e-33f,0.125f,0f,0.9310146876780937f,0.3649817136894145f,0.6950787472692087f,-2.465190328815662e-32f,-0.3649817136894143f,0.9310146876780936f,-0.25650027613912424f,0f,0f,0f,1f], start_interpolation: 0, interpolation_duration: 1 }