# This file was generated by Animated Java via MC-Build. It is not recommended to edit this file directly.
$data merge entity $(bone_right_forearm) { transformation: [1f,0f,0f,-0.3125f,0f,0.9652971975698552f,0.26115382509889407f,0.700103317429478f,0f,-0.26115382509889395f,0.9652971975698552f,0.4336102489901793f,0f,0f,0f,1f], start_interpolation: 0, interpolation_duration: 1 }
$data merge entity $(bone_right_arm) { transformation: [1f,0f,0f,-0.3125f,0f,0.9652971975698552f,0.26115382509889407f,0.9414276168219418f,0f,-0.26115382509889395f,0.9652971975698552f,0.36832179271545584f,0f,0f,0f,1f], start_interpolation: 0, interpolation_duration: 1 }
$data merge entity $(bone_left_forearm) { transformation: [1f,0f,0f,0.3125f,0f,0.9652971975698552f,0.26115382509889407f,0.700103317429478f,0f,-0.26115382509889395f,0.9652971975698552f,0.4336102489901793f,0f,0f,0f,1f], start_interpolation: 0, interpolation_duration: 1 }
$data merge entity $(bone_left_arm) { transformation: [1f,0f,0f,0.3125f,0f,0.9652971975698552f,0.26115382509889407f,0.9414276168219418f,0f,-0.26115382509889395f,0.9652971975698552f,0.36832179271545584f,0f,0f,0f,1f], start_interpolation: 0, interpolation_duration: 1 }
$data merge entity $(bone_head) { transformation: [1f,0f,0f,2.338735206705015e-17f,0f,-0.4165249182320395f,-0.9091242998027238f,0.9606214350733786f,0f,0.9091242998027238f,-0.41652491823203963f,0.42780159887629343f,0f,0f,0f,1f], start_interpolation: 0, interpolation_duration: 1 }
$data merge entity $(bone_torso) { transformation: [1f,0f,0f,2.338735206705015e-17f,0f,0.307101092022991f,-0.9516768985734005f,0.7494894343075723f,0f,0.9516768985734005f,0.3071010920229909f,-0.22647626889291947f,0f,0f,0f,1f], start_interpolation: 0, interpolation_duration: 1 }
$data merge entity $(bone_upper_body) { transformation: [1f,0f,0f,2.338735206705015e-17f,0f,0.307101092022991f,-0.9516768985734005f,0.7494894343075723f,0f,0.9516768985734005f,0.3071010920229909f,-0.22647626889291947f,0f,0f,0f,1f], start_interpolation: 0, interpolation_duration: 1 }
$data merge entity $(bone_right_lower_leg) { transformation: [1f,0f,0f,-0.12499999999999997f,0f,0.9457629524525477f,0.3248575653547877f,0.3485354846813487f,0f,-0.3248575653547876f,0.9457629524525476f,-0.13660832388850164f,0f,0f,0f,1f], start_interpolation: 0, interpolation_duration: 1 }
$data merge entity $(bone_right_leg) { transformation: [1f,0f,0f,-0.12499999999999997f,0f,0.9457629524525477f,0.3248575653547877f,0.7031965918510541f,0f,-0.3248575653547876f,0.9457629524525476f,-0.258429910896547f,0f,0f,0f,1f], start_interpolation: 0, interpolation_duration: 1 }
$data merge entity $(bone_left_lower_leg) { transformation: [1f,0f,0f,0.12500000000000003f,0f,0.9457629524525477f,0.3248575653547877f,0.3485354846813487f,0f,-0.3248575653547876f,0.9457629524525476f,-0.13660832388850164f,0f,0f,0f,1f], start_interpolation: 0, interpolation_duration: 1 }
$data merge entity $(bone_left_leg) { transformation: [1f,0f,0f,0.12500000000000003f,0f,0.9457629524525477f,0.3248575653547877f,0.7031965918510541f,0f,-0.3248575653547876f,0.9457629524525476f,-0.258429910896547f,0f,0f,0f,1f], start_interpolation: 0, interpolation_duration: 1 }