# This file was generated by Animated Java via MC-Build. It is not recommended to edit this file directly.
$data merge entity $(bone_right_forearm) { transformation: [1f,0f,0f,-0.3125f,6.162975822039155e-33f,0.9722172985314196f,0.23408016668711784f,0.6862965956464795f,0f,-0.23408016668711784f,0.9722172985314196f,0.43198520175900146f,0f,0f,0f,1f], start_interpolation: 0, interpolation_duration: 1 }
$data merge entity $(bone_right_arm) { transformation: [1f,0f,0f,-0.3125f,6.162975822039155e-33f,0.9722172985314196f,0.23408016668711784f,0.9293509202793344f,0f,-0.23408016668711784f,0.9722172985314196f,0.37346516008722197f,0f,0f,0f,1f], start_interpolation: 0, interpolation_duration: 1 }
$data merge entity $(bone_left_forearm) { transformation: [1f,0f,0f,0.3125f,6.162975822039155e-33f,0.9722172985314196f,0.23408016668711784f,0.6862965956464795f,0f,-0.23408016668711784f,0.9722172985314196f,0.43198520175900146f,0f,0f,0f,1f], start_interpolation: 0, interpolation_duration: 1 }
$data merge entity $(bone_left_arm) { transformation: [1f,0f,0f,0.3125f,6.162975822039155e-33f,0.9722172985314196f,0.23408016668711784f,0.9293509202793344f,0f,-0.23408016668711784f,0.9722172985314196f,0.37346516008722197f,0f,0f,0f,1f], start_interpolation: 0, interpolation_duration: 1 }
$data merge entity $(bone_head) { transformation: [1f,0f,0f,2.322990739636288e-17f,6.162975822039155e-33f,-0.4428473187439757f,-0.8965970400805883f,0.9468028508217449f,0f,0.8965970400805883f,-0.4428473187439757f,0.4334791594568931f,0f,0f,0f,1f], start_interpolation: 0, interpolation_duration: 1 }
$data merge entity $(bone_torso) { transformation: [1f,0f,0f,2.322990739636288e-17f,6.162975822039155e-33f,0.27923088867856827f,-0.9602239899147371f,0.7548316148552292f,0f,0.9602239899147371f,0.27923088867856827f,-0.22667483360948867f,0f,0f,0f,1f], start_interpolation: 0, interpolation_duration: 1 }
$data merge entity $(bone_upper_body) { transformation: [1f,0f,0f,2.322990739636288e-17f,6.162975822039155e-33f,0.27923088867856827f,-0.9602239899147371f,0.7548316148552292f,0f,0.9602239899147371f,0.27923088867856827f,-0.22667483360948867f,0f,0f,0f,1f], start_interpolation: 0, interpolation_duration: 1 }
$data merge entity $(bone_right_lower_leg) { transformation: [1f,0f,0f,-0.12499999999999997f,6.162975822039155e-33f,0.9563256561969713f,0.29230333439670575f,0.35086771391491967f,0f,-0.29230333439670575f,0.9563256561969713f,-0.1503505034301093f,0f,0f,0f,1f], start_interpolation: 0, interpolation_duration: 1 }
$data merge entity $(bone_right_leg) { transformation: [1f,0f,0f,-0.12499999999999997f,6.162975822039155e-33f,0.9563256561969713f,0.29230333439670575f,0.7094898349887839f,0f,-0.29230333439670575f,0.9563256561969713f,-0.25996425382887395f,0f,0f,0f,1f], start_interpolation: 0, interpolation_duration: 1 }
$data merge entity $(bone_left_lower_leg) { transformation: [1f,0f,0f,0.12500000000000003f,6.162975822039155e-33f,0.9563256561969713f,0.29230333439670575f,0.35086771391491967f,0f,-0.29230333439670575f,0.9563256561969713f,-0.1503505034301093f,0f,0f,0f,1f], start_interpolation: 0, interpolation_duration: 1 }
$data merge entity $(bone_left_leg) { transformation: [1f,0f,0f,0.12500000000000003f,6.162975822039155e-33f,0.9563256561969713f,0.29230333439670575f,0.7094898349887839f,0f,-0.29230333439670575f,0.9563256561969713f,-0.25996425382887395f,0f,0f,0f,1f], start_interpolation: 0, interpolation_duration: 1 }