# This file was generated by Animated Java via MC-Build. It is not recommended to edit this file directly.
$data merge entity $(bone_right_forearm) { transformation: [0.9999999999999998f,-9.424618476388764e-33f,7.94390650163182e-33f,-0.31249999999999994f,0f,0.9774876705960012f,0.2109925444957792f,0.6741882471145706f,-2.465190328815662e-32f,-0.2109925444957791f,0.9774876705960011f,0.4300121264740534f,0f,0f,0f,1f], start_interpolation: 0, interpolation_duration: 1 }
$data merge entity $(bone_right_arm) { transformation: [0.9999999999999998f,-9.424618476388764e-33f,7.94390650163182e-33f,-0.31249999999999994f,0f,0.9774876705960012f,0.2109925444957792f,0.9185601647635708f,-2.465190328815662e-32f,-0.2109925444957791f,0.9774876705960011f,0.3772639903501086f,0f,0f,0f,1f], start_interpolation: 0, interpolation_duration: 1 }
$data merge entity $(bone_left_forearm) { transformation: [0.9999999999999998f,-9.424618476388764e-33f,7.94390650163182e-33f,0.31249999999999994f,0f,0.9774876705960012f,0.2109925444957792f,0.6741882471145706f,-2.465190328815662e-32f,-0.2109925444957791f,0.9774876705960011f,0.4300121264740534f,0f,0f,0f,1f], start_interpolation: 0, interpolation_duration: 1 }
$data merge entity $(bone_left_arm) { transformation: [0.9999999999999998f,-9.424618476388764e-33f,7.94390650163182e-33f,0.31249999999999994f,0f,0.9774876705960012f,0.2109925444957792f,0.9185601647635708f,-2.465190328815662e-32f,-0.2109925444957791f,0.9774876705960011f,0.3772639903501086f,0f,0f,0f,1f], start_interpolation: 0, interpolation_duration: 1 }
$data merge entity $(bone_head) { transformation: [0.9999999999999998f,1.2138692742341893e-32f,2.1403790410049047e-33f,2.3117092711067282e-17f,0f,-0.4647231720437685f,-0.88545602565321f,0.9345336371115213f,-2.465190328815662e-32f,0.8854560256532098f,-0.46472317204376845f,0.4376883081464169f,0f,0f,0f,1f], start_interpolation: 0, interpolation_duration: 1 }
$data merge entity $(bone_torso) { transformation: [0.9999999999999998f,7.503563936741501e-33f,9.778834909097769e-33f,2.3117092711067275e-17f,0f,0.2555755575672066f,-0.9667890847409333f,0.7588254412840667f,-2.465190328815662e-32f,0.9667890847409332f,0.2555755575672065f,-0.22697918761297461f,0f,0f,0f,1f], start_interpolation: 0, interpolation_duration: 1 }
$data merge entity $(bone_upper_body) { transformation: [0.9999999999999998f,7.503563936741501e-33f,9.778834909097769e-33f,2.3117092711067275e-17f,0f,0.2555755575672066f,-0.9667890847409333f,0.7588254412840667f,-2.465190328815662e-32f,0.9667890847409332f,0.2555755575672065f,-0.22697918761297461f,0f,0f,0f,1f], start_interpolation: 0, interpolation_duration: 1 }
$data merge entity $(bone_right_lower_leg) { transformation: [0.9999999999999998f,-9.849017573390871e-33f,7.411203463081726e-33f,-0.12499999999999994f,0f,0.9643410610847511f,0.2646626492460471f,0.3526866018546165f,-2.465190328815662e-32f,-0.2646626492460469f,0.964341061084751f,-0.16212311460088272f,0f,0f,0f,1f], start_interpolation: 0, interpolation_duration: 1 }
$data merge entity $(bone_right_leg) { transformation: [0.9999999999999998f,-9.849017573390871e-33f,7.411203463081726e-33f,-0.12499999999999994f,0f,0.9643410610847511f,0.2646626492460471f,0.7143144997613982f,-2.465190328815662e-32f,-0.2646626492460469f,0.964341061084751f,-0.2613716080681503f,0f,0f,0f,1f], start_interpolation: 0, interpolation_duration: 1 }
$data merge entity $(bone_left_lower_leg) { transformation: [0.9999999999999998f,-9.849017573390871e-33f,7.411203463081726e-33f,0.125f,0f,0.9643410610847511f,0.2646626492460471f,0.3526866018546165f,-2.465190328815662e-32f,-0.2646626492460469f,0.964341061084751f,-0.16212311460088272f,0f,0f,0f,1f], start_interpolation: 0, interpolation_duration: 1 }
$data merge entity $(bone_left_leg) { transformation: [0.9999999999999998f,-9.849017573390871e-33f,7.411203463081726e-33f,0.125f,0f,0.9643410610847511f,0.2646626492460471f,0.7143144997613982f,-2.465190328815662e-32f,-0.2646626492460469f,0.964341061084751f,-0.2613716080681503f,0f,0f,0f,1f], start_interpolation: 0, interpolation_duration: 1 }