# This file was generated by Animated Java via MC-Build. It is not recommended to edit this file directly.
$data merge entity $(bone_right_forearm) { transformation: [1f,-1.4915489699857992e-33f,1.7367597690367193e-32f,-0.3125f,0f,0.9816499645154951f,0.19069175956691753f,0.6630985584634821f,0f,-0.19069175956691753f,0.9816499645154951f,0.4277794457737023f,0f,0f,0f,1f], start_interpolation: 0, interpolation_duration: 1 }
$data merge entity $(bone_right_arm) { transformation: [1f,-1.4915489699857992e-33f,1.7367597690367193e-32f,-0.3125f,0f,0.9816499645154951f,0.19069175956691753f,0.9085110495923558f,0f,-0.19069175956691753f,0.9816499645154951f,0.3801065058819729f,0f,0f,0f,1f], start_interpolation: 0, interpolation_duration: 1 }
$data merge entity $(bone_left_forearm) { transformation: [1f,-1.4915489699857992e-33f,1.7367597690367193e-32f,0.3125f,0f,0.9816499645154951f,0.19069175956691753f,0.6630985584634821f,0f,-0.19069175956691753f,0.9816499645154951f,0.4277794457737023f,0f,0f,0f,1f], start_interpolation: 0, interpolation_duration: 1 }
$data merge entity $(bone_left_arm) { transformation: [1f,-1.4915489699857992e-33f,1.7367597690367193e-32f,0.3125f,0f,0.9816499645154951f,0.19069175956691753f,0.9085110495923558f,0f,-0.19069175956691753f,0.9816499645154951f,0.3801065058819729f,0f,0f,0f,1f], start_interpolation: 0, interpolation_duration: 1 }
$data merge entity $(bone_head) { transformation: [1f,1.4279071783346797e-32f,-9.998313701336986e-33f,2.3041469680264738e-17f,0f,-0.48351805588234675f,-0.8753343873262125f,0.9231910768377494f,0f,0.8753343873262125f,-0.48351805588234675f,0.4408580227360771f,0f,0f,0f,1f], start_interpolation: 0, interpolation_duration: 1 }
$data merge entity $(bone_torso) { transformation: [1f,1.728239884583927e-32f,2.275270972356267e-33f,2.3041469680264726e-17f,0f,0.2348804359262971f,-0.9720242696656666f,0.7617107771384202f,0f,0.9720242696656666f,0.2348804359262971f,-0.22740866265906867f,0f,0f,0f,1f], start_interpolation: 0, interpolation_duration: 1 }
$data merge entity $(bone_upper_body) { transformation: [1f,1.728239884583927e-32f,2.275270972356267e-33f,2.3041469680264726e-17f,0f,0.2348804359262971f,-0.9720242696656666f,0.7617107771384202f,0f,0.9720242696656666f,0.2348804359262971f,-0.22740866265906867f,0f,0f,0f,1f], start_interpolation: 0, interpolation_duration: 1 }
$data merge entity $(bone_right_lower_leg) { transformation: [1f,-2.378774232141733e-33f,1.7268456822102316e-32f,-0.12499999999999997f,0f,0.9705995837810764f,0.24069991267967045f,0.3539692672417905f,0f,-0.24069991267967045f,0.9705995837810764f,-0.17248090141834532f,0f,0f,0f,1f], start_interpolation: 0, interpolation_duration: 1 }
$data merge entity $(bone_right_leg) { transformation: [1f,-2.378774232141733e-33f,1.7268456822102316e-32f,-0.12499999999999997f,0f,0.9705995837810764f,0.24069991267967045f,0.7179441111596941f,0f,-0.24069991267967045f,0.9705995837810764f,-0.26274336867322173f,0f,0f,0f,1f], start_interpolation: 0, interpolation_duration: 1 }
$data merge entity $(bone_left_lower_leg) { transformation: [1f,-2.378774232141733e-33f,1.7268456822102316e-32f,0.12500000000000003f,0f,0.9705995837810764f,0.24069991267967045f,0.3539692672417905f,0f,-0.24069991267967045f,0.9705995837810764f,-0.17248090141834532f,0f,0f,0f,1f], start_interpolation: 0, interpolation_duration: 1 }
$data merge entity $(bone_left_leg) { transformation: [1f,-2.378774232141733e-33f,1.7268456822102316e-32f,0.12500000000000003f,0f,0.9705995837810764f,0.24069991267967045f,0.7179441111596941f,0f,-0.24069991267967045f,0.9705995837810764f,-0.26274336867322173f,0f,0f,0f,1f], start_interpolation: 0, interpolation_duration: 1 }