# This file was generated by Animated Java via MC-Build. It is not recommended to edit this file directly.
$data merge entity $(bone_right_forearm) { transformation: [1f,1.4993390385080905e-33f,-1.736692691042141e-32f,-0.3125f,-6.162975822039155e-33f,0.9850062781833984f,0.17251849738300554f,0.6527343327533274f,0f,-0.17251849738300554f,0.9850062781833984f,0.42536707957514075f,0f,0f,0f,1f], start_interpolation: 0, interpolation_duration: 1 }
$data merge entity $(bone_right_arm) { transformation: [1f,1.4993390385080905e-33f,-1.736692691042141e-32f,-0.3125f,-6.162975822039155e-33f,0.9850062781833984f,0.17251849738300554f,0.898985902299177f,0f,-0.17251849738300554f,0.9850062781833984f,0.38223745522938934f,0f,0f,0f,1f], start_interpolation: 0, interpolation_duration: 1 }
$data merge entity $(bone_left_forearm) { transformation: [1f,1.4993390385080905e-33f,-1.736692691042141e-32f,0.3125f,-6.162975822039155e-33f,0.9850062781833984f,0.17251849738300554f,0.6527343327533274f,0f,-0.17251849738300554f,0.9850062781833984f,0.42536707957514075f,0f,0f,0f,1f], start_interpolation: 0, interpolation_duration: 1 }
$data merge entity $(bone_left_arm) { transformation: [1f,1.4993390385080905e-33f,-1.736692691042141e-32f,0.3125f,-6.162975822039155e-33f,0.9850062781833984f,0.17251849738300554f,0.898985902299177f,0f,-0.17251849738300554f,0.9850062781833984f,0.38223745522938934f,0f,0f,0f,1f], start_interpolation: 0, interpolation_duration: 1 }
$data merge entity $(bone_head) { transformation: [1f,-1.4279071783346797e-32f,9.998313701336986e-33f,2.299559997305661e-17f,-6.162975822039155e-33f,-0.4999999999999999f,-0.8660254037844389f,0.9125133781703083f,0f,0.8660254037844389f,-0.4999999999999999f,0.44325595567438525f,0f,0f,0f,1f], start_interpolation: 0, interpolation_duration: 1 }
$data merge entity $(bone_torso) { transformation: [1f,-1.728239884583927e-32f,-2.275270972356267e-33f,2.2995599973056623e-17f,-6.162975822039155e-33f,0.2164396139381029f,-0.9762960071199335f,0.7637111435878626f,0f,0.9762960071199335f,0.2164396139381029f,-0.22794754922056906f,0f,0f,0f,1f], start_interpolation: 0, interpolation_duration: 1 }
$data merge entity $(bone_upper_body) { transformation: [1f,-1.728239884583927e-32f,-2.275270972356267e-33f,2.2995599973056623e-17f,-6.162975822039155e-33f,0.2164396139381029f,-0.9762960071199335f,0.7637111435878626f,0f,0.9762960071199335f,0.2164396139381029f,-0.22794754922056906f,0f,0f,0f,1f], start_interpolation: 0, interpolation_duration: 1 }
$data merge entity $(bone_right_lower_leg) { transformation: [1f,2.333266265338717e-33f,-1.7274664581384667e-32f,-0.12499999999999997f,-6.162975822039155e-33f,0.9755640313521966f,0.21971531747206552f,0.3547846319053464f,0f,-0.21971531747206552f,0.9755640313521966f,-0.18171110821341235f,0f,0f,0f,1f], start_interpolation: 0, interpolation_duration: 1 }
$data merge entity $(bone_right_leg) { transformation: [1f,2.333266265338717e-33f,-1.7274664581384667e-32f,-0.12499999999999997f,-6.162975822039155e-33f,0.9755640313521966f,0.21971531747206552f,0.7206211436624201f,0f,-0.21971531747206552f,0.9755640313521966f,-0.26410435226543694f,0f,0f,0f,1f], start_interpolation: 0, interpolation_duration: 1 }
$data merge entity $(bone_left_lower_leg) { transformation: [1f,2.333266265338717e-33f,-1.7274664581384667e-32f,0.12500000000000003f,-6.162975822039155e-33f,0.9755640313521966f,0.21971531747206552f,0.3547846319053464f,0f,-0.21971531747206552f,0.9755640313521966f,-0.18171110821341235f,0f,0f,0f,1f], start_interpolation: 0, interpolation_duration: 1 }
$data merge entity $(bone_left_leg) { transformation: [1f,2.333266265338717e-33f,-1.7274664581384667e-32f,0.12500000000000003f,-6.162975822039155e-33f,0.9755640313521966f,0.21971531747206552f,0.7206211436624201f,0f,-0.21971531747206552f,0.9755640313521966f,-0.26410435226543694f,0f,0f,0f,1f], start_interpolation: 0, interpolation_duration: 1 }