# This file was generated by Animated Java via MC-Build. It is not recommended to edit this file directly.
$data merge entity $(bone_right_forearm) { transformation: [1f,-7.930751810467209e-33f,-9.435690735337183e-33f,-0.3125f,0f,0.987747025332492f,0.156063493318629f,0.6429854529855175f,0f,-0.1560634933186289f,0.987747025332492f,0.42284931678247256f,0f,0f,0f,1f], start_interpolation: 0, interpolation_duration: 1 }
$data merge entity $(bone_right_arm) { transformation: [1f,-7.930751810467209e-33f,-9.435690735337183e-33f,-0.3125f,0f,0.987747025332492f,0.156063493318629f,0.8899222093186405f,0f,-0.1560634933186289f,0.987747025332492f,0.38383344345281534f,0f,0f,0f,1f], start_interpolation: 0, interpolation_duration: 1 }
$data merge entity $(bone_left_forearm) { transformation: [1f,-7.930751810467209e-33f,-9.435690735337183e-33f,0.3125f,0f,0.987747025332492f,0.156063493318629f,0.6429854529855175f,0f,-0.1560634933186289f,0.987747025332492f,0.42284931678247256f,0f,0f,0f,1f], start_interpolation: 0, interpolation_duration: 1 }
$data merge entity $(bone_left_arm) { transformation: [1f,-7.930751810467209e-33f,-9.435690735337183e-33f,0.3125f,0f,0.987747025332492f,0.156063493318629f,0.8899222093186405f,0f,-0.1560634933186289f,0.987747025332492f,0.38383344345281534f,0f,0f,0f,1f], start_interpolation: 0, interpolation_duration: 1 }
$data merge entity $(bone_head) { transformation: [1f,-2.1403790410049047e-33f,1.2138692742341893e-32f,2.2972045258544347e-17f,0f,-0.5146531917680935f,-0.8573984442503463f,0.9024102004656922f,0f,0.8573984442503462f,-0.5146531917680937f,0.44507313709273455f,0f,0f,0f,1f], start_interpolation: 0, interpolation_duration: 1 }
$data merge entity $(bone_torso) { transformation: [1f,-9.778834909097769e-33f,7.503563936741501e-33f,2.2972045258544353e-17f,0f,0.19980785835282533f,-0.9798350982387074f,0.7650422978481247f,0f,0.9798350982387074f,0.19980785835282522f,-0.22856349294637676f,0f,0f,0f,1f], start_interpolation: 0, interpolation_duration: 1 }
$data merge entity $(bone_upper_body) { transformation: [1f,-9.778834909097769e-33f,7.503563936741501e-33f,2.2972045258544353e-17f,0f,0.19980785835282533f,-0.9798350982387074f,0.7650422978481247f,0f,0.9798350982387074f,0.19980785835282522f,-0.22856349294637676f,0f,0f,0f,1f], start_interpolation: 0, interpolation_duration: 1 }
$data merge entity $(bone_right_lower_leg) { transformation: [1f,-7.489009582437763e-33f,-9.78998566936194e-33f,-0.12499999999999997f,0f,0.9795367992902402f,0.2012651456070616f,0.3552470205021839f,0f,-0.2012651456070615f,0.9795367992902402f,-0.1899733206980917f,0f,0f,0f,1f], start_interpolation: 0, interpolation_duration: 1 }
$data merge entity $(bone_right_leg) { transformation: [1f,-7.489009582437763e-33f,-9.78998566936194e-33f,-0.12499999999999997f,0f,0.9795367992902402f,0.2012651456070616f,0.7225733202360239f,0f,-0.2012651456070615f,0.9795367992902402f,-0.26544775030073975f,0f,0f,0f,1f], start_interpolation: 0, interpolation_duration: 1 }
$data merge entity $(bone_left_lower_leg) { transformation: [1f,-7.489009582437763e-33f,-9.78998566936194e-33f,0.12500000000000003f,0f,0.9795367992902402f,0.2012651456070616f,0.3552470205021839f,0f,-0.2012651456070615f,0.9795367992902402f,-0.1899733206980917f,0f,0f,0f,1f], start_interpolation: 0, interpolation_duration: 1 }
$data merge entity $(bone_left_leg) { transformation: [1f,-7.489009582437763e-33f,-9.78998566936194e-33f,0.12500000000000003f,0f,0.9795367992902402f,0.2012651456070616f,0.7225733202360239f,0f,-0.2012651456070615f,0.9795367992902402f,-0.26544775030073975f,0f,0f,0f,1f], start_interpolation: 0, interpolation_duration: 1 }