# This file was generated by Animated Java via MC-Build. It is not recommended to edit this file directly.
$data merge entity $(bone_right_forearm) { transformation: [1f,-7.928564398056795e-33f,-9.437528835347898e-33f,-0.3125f,6.162975822039155e-33f,0.9900023782863541f,0.14105066815638467f,0.6338415955297658f,0f,-0.14105066815638467f,0.9900023782863541f,0.42029653879221773f,0f,0f,0f,1f], start_interpolation: 0, interpolation_duration: 1 }
$data merge entity $(bone_right_arm) { transformation: [1f,-7.928564398056795e-33f,-9.437528835347898e-33f,-0.3125f,6.162975822039155e-33f,0.9900023782863541f,0.14105066815638467f,0.8813421901013543f,0f,-0.14105066815638467f,0.9900023782863541f,0.38503387175312154f,0f,0f,0f,1f], start_interpolation: 0, interpolation_duration: 1 }
$data merge entity $(bone_left_forearm) { transformation: [1f,-7.928564398056795e-33f,-9.437528835347898e-33f,0.3125f,6.162975822039155e-33f,0.9900023782863541f,0.14105066815638467f,0.6338415955297658f,0f,-0.14105066815638467f,0.9900023782863541f,0.42029653879221773f,0f,0f,0f,1f], start_interpolation: 0, interpolation_duration: 1 }
$data merge entity $(bone_left_arm) { transformation: [1f,-7.928564398056795e-33f,-9.437528835347898e-33f,0.3125f,6.162975822039155e-33f,0.9900023782863541f,0.14105066815638467f,0.8813421901013543f,0f,-0.14105066815638467f,0.9900023782863541f,0.38503387175312154f,0f,0f,0f,1f], start_interpolation: 0, interpolation_duration: 1 }
$data merge entity $(bone_head) { transformation: [1f,-2.1403790410049047e-33f,1.2138692742341893e-32f,2.2963367205829302e-17f,6.162975822039155e-33f,-0.5278068213240199f,-0.8493644443722813f,0.8928848334600317f,0f,0.8493644443722813f,-0.5278068213240199f,0.44645876397357553f,0f,0f,0f,1f], start_interpolation: 0, interpolation_duration: 1 }
$data merge entity $(bone_torso) { transformation: [1f,-9.778834909097769e-33f,7.503563936741501e-33f,2.2963367205829308e-17f,6.162975822039155e-33f,0.18468229373883882f,-0.9827982755272626f,0.76591575651458f,0f,0.9827982755272626f,0.18468229373883882f,-0.22921505045141752f,0f,0f,0f,1f], start_interpolation: 0, interpolation_duration: 1 }
$data merge entity $(bone_upper_body) { transformation: [1f,-9.778834909097769e-33f,7.503563936741501e-33f,2.2963367205829308e-17f,6.162975822039155e-33f,0.18468229373883882f,-0.9827982755272626f,0.76591575651458f,0f,0.9827982755272626f,0.18468229373883882f,-0.22921505045141752f,0f,0f,0f,1f], start_interpolation: 0, interpolation_duration: 1 }
$data merge entity $(bone_right_lower_leg) { transformation: [1f,-7.499933110881226e-33f,-9.781619869145613e-33f,-0.12499999999999997f,6.162975822039155e-33f,0.9827296460811837f,0.18504713646298687f,0.3554966893878314f,0f,-0.18504713646298687f,0.9827296460811837f,-0.1973568088969012f,0f,0f,0f,1f], start_interpolation: 0, interpolation_duration: 1 }
$data merge entity $(bone_right_leg) { transformation: [1f,-7.499933110881226e-33f,-9.781619869145613e-33f,-0.12499999999999997f,6.162975822039155e-33f,0.9827296460811837f,0.18504713646298687f,0.7240203066682753f,0f,-0.18504713646298687f,0.9827296460811837f,-0.26674948507052126f,0f,0f,0f,1f], start_interpolation: 0, interpolation_duration: 1 }
$data merge entity $(bone_left_lower_leg) { transformation: [1f,-7.499933110881226e-33f,-9.781619869145613e-33f,0.12500000000000003f,6.162975822039155e-33f,0.9827296460811837f,0.18504713646298687f,0.3554966893878314f,0f,-0.18504713646298687f,0.9827296460811837f,-0.1973568088969012f,0f,0f,0f,1f], start_interpolation: 0, interpolation_duration: 1 }
$data merge entity $(bone_left_leg) { transformation: [1f,-7.499933110881226e-33f,-9.781619869145613e-33f,0.12500000000000003f,6.162975822039155e-33f,0.9827296460811837f,0.18504713646298687f,0.7240203066682753f,0f,-0.18504713646298687f,0.9827296460811837f,-0.26674948507052126f,0f,0f,0f,1f], start_interpolation: 0, interpolation_duration: 1 }