# This file was generated by Animated Java via MC-Build. It is not recommended to edit this file directly.
$data merge entity $(bone_right_forearm) { transformation: [1f,9.442226763099421e-33f,-7.922968994408965e-33f,-0.3125f,0f,0.9918122239051568f,0.12770478656772097f,0.6253658605355783f,-2.465190328815662e-32f,-0.12770478656772116f,0.991812223905157f,0.417882018553322f,0f,0f,0f,1f], start_interpolation: 0, interpolation_duration: 1 }
$data merge entity $(bone_right_arm) { transformation: [1f,9.442226763099421e-33f,-7.922968994408965e-33f,-0.3125f,0f,0.9918122239051568f,0.12770478656772097f,0.8733189165118675f,-2.465190328815662e-32f,-0.12770478656772116f,0.991812223905157f,0.3859558219113917f,0f,0f,0f,1f], start_interpolation: 0, interpolation_duration: 1 }
$data merge entity $(bone_left_forearm) { transformation: [1f,9.442226763099421e-33f,-7.922968994408965e-33f,0.3125f,0f,0.9918122239051568f,0.12770478656772097f,0.6253658605355783f,-2.465190328815662e-32f,-0.12770478656772116f,0.991812223905157f,0.417882018553322f,0f,0f,0f,1f], start_interpolation: 0, interpolation_duration: 1 }
$data merge entity $(bone_left_arm) { transformation: [1f,9.442226763099421e-33f,-7.922968994408965e-33f,0.3125f,0f,0.9918122239051568f,0.12770478656772097f,0.8733189165118675f,-2.465190328815662e-32f,-0.12770478656772116f,0.991812223905157f,0.3859558219113917f,0f,0f,0f,1f], start_interpolation: 0, interpolation_duration: 1 }
$data merge entity $(bone_head) { transformation: [1f,-1.2138692742341893e-32f,-2.1403790410049047e-33f,2.2962127484012865e-17f,0f,-0.5396970665519886f,-0.8418592972434161f,0.883996759105378f,-2.465190328815662e-32f,0.8418592972434163f,-0.5396970665519887f,0.4475369365290099f,0f,0f,0f,1f], start_interpolation: 0, interpolation_duration: 1 }
$data merge entity $(bone_torso) { transformation: [1f,-7.503563936741501e-33f,-9.778834909097769e-33f,2.296212748401287e-17f,0f,0.17084548149616663f,-0.9852978338818892f,0.7665404905767634f,-2.465190328815662e-32f,0.9852978338818894f,0.17084548149616685f,-0.2298553242647891f,0f,0f,0f,1f], start_interpolation: 0, interpolation_duration: 1 }
$data merge entity $(bone_upper_body) { transformation: [1f,-7.503563936741501e-33f,-9.778834909097769e-33f,2.296212748401287e-17f,0f,0.17084548149616663f,-0.9852978338818892f,0.7665404905767634f,-2.465190328815662e-32f,0.9852978338818894f,0.17084548149616685f,-0.2298553242647891f,0f,0f,0f,1f], start_interpolation: 0, interpolation_duration: 1 }
$data merge entity $(bone_right_lower_leg) { transformation: [1f,9.778834909097769e-33f,-7.503563936741501e-33f,-0.12499999999999997f,0f,0.9852978338818892f,0.17084548149616663f,0.3556902443901422f,-2.465190328815662e-32f,-0.17084548149616685f,0.9852978338818894f,-0.20390806054203675f,0f,0f,0f,1f], start_interpolation: 0, interpolation_duration: 1 }
$data merge entity $(bone_right_leg) { transformation: [1f,9.778834909097769e-33f,-7.503563936741501e-33f,-0.12499999999999997f,0f,0.9852978338818892f,0.17084548149616663f,0.7251769320958507f,-2.465190328815662e-32f,-0.17084548149616685f,0.9852978338818894f,-0.2679751161030993f,0f,0f,0f,1f], start_interpolation: 0, interpolation_duration: 1 }
$data merge entity $(bone_left_lower_leg) { transformation: [1f,9.778834909097769e-33f,-7.503563936741501e-33f,0.12500000000000003f,0f,0.9852978338818892f,0.17084548149616663f,0.3556902443901422f,-2.465190328815662e-32f,-0.17084548149616685f,0.9852978338818894f,-0.20390806054203675f,0f,0f,0f,1f], start_interpolation: 0, interpolation_duration: 1 }
$data merge entity $(bone_left_leg) { transformation: [1f,9.778834909097769e-33f,-7.503563936741501e-33f,0.12500000000000003f,0f,0.9852978338818892f,0.17084548149616663f,0.7251769320958507f,-2.465190328815662e-32f,-0.17084548149616685f,0.9852978338818894f,-0.2679751161030993f,0f,0f,0f,1f], start_interpolation: 0, interpolation_duration: 1 }