# This file was generated by Animated Java via MC-Build. It is not recommended to edit this file directly.
$data merge entity $(bone_right_forearm) { transformation: [0.9999999999999998f,-1.736519575750839e-32f,-1.5192577686904563e-33f,-0.31249999999999994f,-6.162975822039155e-33f,0.9933754617851803f,0.11491384565438455f,0.6217127703665755f,-2.465190328815662e-32f,-0.11491384565438445f,0.9933754617851802f,0.41542037471733373f,0f,0f,0f,1f], start_interpolation: 0, interpolation_duration: 1 }
$data merge entity $(bone_right_arm) { transformation: [0.9999999999999998f,-1.736519575750839e-32f,-1.5192577686904563e-33f,-0.31249999999999994f,-6.162975822039155e-33f,0.9933754617851803f,0.11491384565438455f,0.8700566358128705f,-2.465190328815662e-32f,-0.11491384565438445f,0.9933754617851802f,0.38669191330373764f,0f,0f,0f,1f], start_interpolation: 0, interpolation_duration: 1 }
$data merge entity $(bone_left_forearm) { transformation: [0.9999999999999998f,-1.736519575750839e-32f,-1.5192577686904563e-33f,0.31249999999999994f,-6.162975822039155e-33f,0.9933754617851803f,0.11491384565438455f,0.6217127703665755f,-2.465190328815662e-32f,-0.11491384565438445f,0.9933754617851802f,0.41542037471733373f,0f,0f,0f,1f], start_interpolation: 0, interpolation_duration: 1 }
$data merge entity $(bone_left_arm) { transformation: [0.9999999999999998f,-1.736519575750839e-32f,-1.5192577686904563e-33f,0.31249999999999994f,-6.162975822039155e-33f,0.9933754617851803f,0.11491384565438455f,0.8700566358128705f,-2.465190328815662e-32f,-0.11491384565438445f,0.9933754617851802f,0.38669191330373764f,0f,0f,0f,1f], start_interpolation: 0, interpolation_duration: 1 }
$data merge entity $(bone_head) { transformation: [0.9999999999999998f,9.998313701336986e-33f,1.4279071783346797e-32f,2.2962127484012868e-17f,-6.162975822039155e-33f,-0.550500325701185f,-0.8348349485993559f,0.8799400672005563f,-2.465190328815662e-32f,0.8348349485993558f,-0.550500325701185f,0.4484055081107565f,0f,0f,0f,1f], start_interpolation: 0, interpolation_duration: 1 }
$data merge entity $(bone_torso) { transformation: [0.9999999999999998f,-2.275270972356267e-33f,1.728239884583927e-32f,2.296212748401287e-17f,-6.162975822039155e-33f,0.15813490220297216f,-0.9874175169123021f,0.7712223219360129f,-2.465190328815662e-32f,0.987417516912302f,0.15813490220297205f,-0.23044403476645103f,0f,0f,0f,1f], start_interpolation: 0, interpolation_duration: 1 }
$data merge entity $(bone_upper_body) { transformation: [0.9999999999999998f,-2.275270972356267e-33f,1.728239884583927e-32f,2.296212748401287e-17f,-6.162975822039155e-33f,0.15813490220297216f,-0.9874175169123021f,0.7712223219360129f,-2.465190328815662e-32f,0.987417516912302f,0.15813490220297205f,-0.23044403476645103f,0f,0f,0f,1f], start_interpolation: 0, interpolation_duration: 1 }
$data merge entity $(bone_right_lower_leg) { transformation: [0.9999999999999998f,-1.728239884583927e-32f,-2.275270972356267e-33f,-0.12499999999999994f,-6.162975822039155e-33f,0.9874175169123021f,0.15813490220297216f,0.36007183457184855f,-2.465190328815662e-32f,-0.15813490220297205f,0.987417516912302f,-0.20979307773014244f,0f,0f,0f,1f], start_interpolation: 0, interpolation_duration: 1 }
$data merge entity $(bone_right_leg) { transformation: [0.9999999999999998f,-1.728239884583927e-32f,-2.275270972356267e-33f,-0.12499999999999994f,-6.162975822039155e-33f,0.9874175169123021f,0.15813490220297216f,0.7303534034139618f,-2.465190328815662e-32f,-0.15813490220297205f,0.987417516912302f,-0.26909366605625695f,0f,0f,0f,1f], start_interpolation: 0, interpolation_duration: 1 }
$data merge entity $(bone_left_lower_leg) { transformation: [0.9999999999999998f,-1.728239884583927e-32f,-2.275270972356267e-33f,0.125f,-6.162975822039155e-33f,0.9874175169123021f,0.15813490220297216f,0.36007183457184855f,-2.465190328815662e-32f,-0.15813490220297205f,0.987417516912302f,-0.20979307773014244f,0f,0f,0f,1f], start_interpolation: 0, interpolation_duration: 1 }
$data merge entity $(bone_left_leg) { transformation: [0.9999999999999998f,-1.728239884583927e-32f,-2.275270972356267e-33f,0.125f,-6.162975822039155e-33f,0.9874175169123021f,0.15813490220297216f,0.7303534034139618f,-2.465190328815662e-32f,-0.15813490220297205f,0.987417516912302f,-0.26909366605625695f,0f,0f,0f,1f], start_interpolation: 0, interpolation_duration: 1 }