# This file was generated by Animated Java via MC-Build. It is not recommended to edit this file directly.
$data merge entity $(bone_right_forearm) { transformation: [1f,9.442226763099421e-33f,-7.922968994408965e-33f,-0.3125f,6.162975822039155e-33f,0.9946671984920293f,0.10313662901228605f,0.6269799637320593f,0f,-0.10313662901228605f,0.9946671984920293f,0.41306872341211415f,0f,0f,0f,1f], start_interpolation: 0, interpolation_duration: 1 }
$data merge entity $(bone_right_arm) { transformation: [1f,9.442226763099421e-33f,-7.922968994408965e-33f,-0.3125f,6.162975822039155e-33f,0.9946671984920293f,0.10313662901228605f,0.8756467633550666f,0f,-0.10313662901228605f,0.9946671984920293f,0.3872845661590426f,0f,0f,0f,1f], start_interpolation: 0, interpolation_duration: 1 }
$data merge entity $(bone_left_forearm) { transformation: [1f,9.442226763099421e-33f,-7.922968994408965e-33f,0.3125f,6.162975822039155e-33f,0.9946671984920293f,0.10313662901228605f,0.6269799637320593f,0f,-0.10313662901228605f,0.9946671984920293f,0.41306872341211415f,0f,0f,0f,1f], start_interpolation: 0, interpolation_duration: 1 }
$data merge entity $(bone_left_arm) { transformation: [1f,9.442226763099421e-33f,-7.922968994408965e-33f,0.3125f,6.162975822039155e-33f,0.9946671984920293f,0.10313662901228605f,0.8756467633550666f,0f,-0.10313662901228605f,0.9946671984920293f,0.3872845661590426f,0f,0f,0f,1f], start_interpolation: 0, interpolation_duration: 1 }
$data merge entity $(bone_head) { transformation: [1f,-1.2138692742341893e-32f,-2.1403790410049047e-33f,2.2962127484012865e-17f,6.162975822039155e-33f,-0.5603525094154128f,-0.8282542273914754f,0.8847983408316473f,0f,0.8282542273914754f,-0.5603525094154128f,0.44911092485571946f,0f,0f,0f,1f], start_interpolation: 0, interpolation_duration: 1 }
$data merge entity $(bone_torso) { transformation: [1f,-7.503563936741501e-33f,-9.778834909097769e-33f,2.296212748401287e-17f,6.162975822039155e-33f,0.14642523962528947f,-0.9892217391468288f,0.7841309885892608f,0f,0.9892217391468288f,0.14642523962528947f,-0.23097902080772537f,0f,0f,0f,1f], start_interpolation: 0, interpolation_duration: 1 }
$data merge entity $(bone_upper_body) { transformation: [1f,-7.503563936741501e-33f,-9.778834909097769e-33f,2.296212748401287e-17f,6.162975822039155e-33f,0.14642523962528947f,-0.9892217391468288f,0.7841309885892608f,0f,0.9892217391468288f,0.14642523962528947f,-0.23097902080772537f,0f,0f,0f,1f], start_interpolation: 0, interpolation_duration: 1 }
$data merge entity $(bone_right_lower_leg) { transformation: [1f,9.778834909097769e-33f,-7.503563936741501e-33f,-0.12499999999999997f,6.162975822039155e-33f,0.9892217391468288f,0.14642523962528947f,0.3727646930816835f,0f,-0.14642523962528947f,0.9892217391468288f,-0.21520067467519466f,0f,0f,0f,1f], start_interpolation: 0, interpolation_duration: 1 }
$data merge entity $(bone_right_leg) { transformation: [1f,9.778834909097769e-33f,-7.503563936741501e-33f,-0.12499999999999997f,6.162975822039155e-33f,0.9892217391468288f,0.14642523962528947f,0.7437228452617443f,0f,-0.14642523962528947f,0.9892217391468288f,-0.2701101395346782f,0f,0f,0f,1f], start_interpolation: 0, interpolation_duration: 1 }
$data merge entity $(bone_left_lower_leg) { transformation: [1f,9.778834909097769e-33f,-7.503563936741501e-33f,0.12500000000000003f,6.162975822039155e-33f,0.9892217391468288f,0.14642523962528947f,0.3727646930816835f,0f,-0.14642523962528947f,0.9892217391468288f,-0.21520067467519466f,0f,0f,0f,1f], start_interpolation: 0, interpolation_duration: 1 }
$data merge entity $(bone_left_leg) { transformation: [1f,9.778834909097769e-33f,-7.503563936741501e-33f,0.12500000000000003f,6.162975822039155e-33f,0.9892217391468288f,0.14642523962528947f,0.7437228452617443f,0f,-0.14642523962528947f,0.9892217391468288f,-0.2701101395346782f,0f,0f,0f,1f], start_interpolation: 0, interpolation_duration: 1 }