# This file was generated by Animated Java via MC-Build. It is not recommended to edit this file directly.
$data merge entity $(bone_right_forearm) { transformation: [1f,6.403711225718509e-33f,2.680742252060781e-32f,-0.3125f,6.162975822039155e-33f,0.9957338416452745f,0.09227197083808084f,0.6410969146533132f,-2.465190328815662e-32f,-0.09227197083808095f,0.9957338416452746f,0.41082722218542866f,0f,0f,0f,1f], start_interpolation: 0, interpolation_duration: 1 }
$data merge entity $(bone_right_arm) { transformation: [1f,6.403711225718509e-33f,2.680742252060781e-32f,-0.3125f,6.162975822039155e-33f,0.9957338416452745f,0.09227197083808084f,0.8900303750646318f,-2.465190328815662e-32f,-0.09227197083808095f,0.9957338416452746f,0.3877592294759084f,0f,0f,0f,1f], start_interpolation: 0, interpolation_duration: 1 }
$data merge entity $(bone_left_forearm) { transformation: [1f,6.403711225718509e-33f,2.680742252060781e-32f,0.3125f,6.162975822039155e-33f,0.9957338416452745f,0.09227197083808084f,0.6410969146533132f,-2.465190328815662e-32f,-0.09227197083808095f,0.9957338416452746f,0.41082722218542866f,0f,0f,0f,1f], start_interpolation: 0, interpolation_duration: 1 }
$data merge entity $(bone_left_arm) { transformation: [1f,6.403711225718509e-33f,2.680742252060781e-32f,0.3125f,6.162975822039155e-33f,0.9957338416452745f,0.09227197083808084f,0.8900303750646318f,-2.465190328815662e-32f,-0.09227197083808095f,0.9957338416452746f,0.3877592294759084f,0f,0f,0f,1f], start_interpolation: 0, interpolation_duration: 1 }
$data merge entity $(bone_head) { transformation: [1f,1.6419450824351702e-32f,-2.213700644367888e-32f,2.296212748401289e-17f,6.162975822039155e-33f,-0.5693609454390127f,-0.8220876557939509f,0.8985064655970778f,-2.465190328815662e-32f,0.8220876557939512f,-0.5693609454390127f,0.4496818092775105f,0f,0f,0f,1f], start_interpolation: 0, interpolation_duration: 1 }
$data merge entity $(bone_torso) { transformation: [1f,2.706123375493704e-32f,-5.228292964385234e-33f,2.296212748401287e-17f,6.162975822039155e-33f,0.13561744851913693f,-0.9907612768256333f,0.8052694697401712f,-2.465190328815662e-32f,0.9907612768256334f,0.13561744851913704f,-0.23146656854011244f,0f,0f,0f,1f], start_interpolation: 0, interpolation_duration: 1 }
$data merge entity $(bone_upper_body) { transformation: [1f,2.706123375493704e-32f,-5.228292964385234e-33f,2.296212748401287e-17f,6.162975822039155e-33f,0.13561744851913693f,-0.9907612768256333f,0.8052694697401712f,-2.465190328815662e-32f,0.9907612768256334f,0.13561744851913704f,-0.23146656854011244f,0f,0f,0f,1f], start_interpolation: 0, interpolation_duration: 1 }
$data merge entity $(bone_right_lower_leg) { transformation: [1f,5.228292964385234e-33f,2.706123375493704e-32f,-0.12499999999999997f,6.162975822039155e-33f,0.9907612768256333f,0.13561744851913693f,0.39375543931654766f,-2.465190328815662e-32f,-0.13561744851913704f,0.9907612768256334f,-0.22017993703153724f,0f,0f,0f,1f], start_interpolation: 0, interpolation_duration: 1 }
$data merge entity $(bone_right_leg) { transformation: [1f,5.228292964385234e-33f,2.706123375493704e-32f,-0.12499999999999997f,6.162975822039155e-33f,0.9907612768256333f,0.13561744851913693f,0.7652909181261601f,-2.465190328815662e-32f,-0.13561744851913704f,0.9907612768256334f,-0.2710364802262136f,0f,0f,0f,1f], start_interpolation: 0, interpolation_duration: 1 }
$data merge entity $(bone_left_lower_leg) { transformation: [1f,5.228292964385234e-33f,2.706123375493704e-32f,0.12500000000000003f,6.162975822039155e-33f,0.9907612768256333f,0.13561744851913693f,0.39375543931654766f,-2.465190328815662e-32f,-0.13561744851913704f,0.9907612768256334f,-0.22017993703153724f,0f,0f,0f,1f], start_interpolation: 0, interpolation_duration: 1 }
$data merge entity $(bone_left_leg) { transformation: [1f,5.228292964385234e-33f,2.706123375493704e-32f,0.12500000000000003f,6.162975822039155e-33f,0.9907612768256333f,0.13561744851913693f,0.7652909181261601f,-2.465190328815662e-32f,-0.13561744851913704f,0.9907612768256334f,-0.2710364802262136f,0f,0f,0f,1f], start_interpolation: 0, interpolation_duration: 1 }