# This file was generated by Animated Java via MC-Build. It is not recommended to edit this file directly.
$data merge entity $(bone_right_forearm) { transformation: [0.9999999999999998f,-1.736519575750839e-32f,-1.5192577686904563e-33f,-0.31249999999999994f,6.162975822039155e-33f,0.9966126931787824f,0.08223831099271281f,0.664006794348537f,-2.465190328815662e-32f,-0.08223831099271259f,0.9966126931787824f,0.4086959334746331f,0f,0f,0f,1f], start_interpolation: 0, interpolation_duration: 1 }
$data merge entity $(bone_right_arm) { transformation: [0.9999999999999998f,-1.736519575750839e-32f,-1.5192577686904563e-33f,-0.31249999999999994f,6.162975822039155e-33f,0.9966126931787824f,0.08223831099271281f,0.9131599676432326f,-2.465190328815662e-32f,-0.08223831099271259f,0.9966126931787824f,0.388136355726455f,0f,0f,0f,1f], start_interpolation: 0, interpolation_duration: 1 }
$data merge entity $(bone_left_forearm) { transformation: [0.9999999999999998f,-1.736519575750839e-32f,-1.5192577686904563e-33f,0.31249999999999994f,6.162975822039155e-33f,0.9966126931787824f,0.08223831099271281f,0.664006794348537f,-2.465190328815662e-32f,-0.08223831099271259f,0.9966126931787824f,0.4086959334746331f,0f,0f,0f,1f], start_interpolation: 0, interpolation_duration: 1 }
$data merge entity $(bone_left_arm) { transformation: [0.9999999999999998f,-1.736519575750839e-32f,-1.5192577686904563e-33f,0.31249999999999994f,6.162975822039155e-33f,0.9966126931787824f,0.08223831099271281f,0.9131599676432326f,-2.465190328815662e-32f,-0.08223831099271259f,0.9966126931787824f,0.388136355726455f,0f,0f,0f,1f], start_interpolation: 0, interpolation_duration: 1 }
$data merge entity $(bone_head) { transformation: [0.9999999999999998f,9.998313701336986e-33f,1.4279071783346797e-32f,2.2962127484012868e-17f,6.162975822039155e-33f,-0.5776120896841959f,-0.8163113828991094f,0.9210119472344914f,-2.465190328815662e-32f,0.8163113828991093f,-0.5776120896841961f,0.4501411653503741f,0f,0f,0f,1f], start_interpolation: 0, interpolation_duration: 1 }
$data merge entity $(bone_torso) { transformation: [0.9999999999999998f,-2.275270972356267e-33f,1.728239884583927e-32f,2.296212748401287e-17f,6.162975822039155e-33f,0.12563167346014142f,-0.9920769539827061f,0.8346401717306442f,-2.465190328815662e-32f,0.9920769539827061f,0.1256316734601412f,-0.23191174051273633f,0f,0f,0f,1f], start_interpolation: 0, interpolation_duration: 1 }
$data merge entity $(bone_upper_body) { transformation: [0.9999999999999998f,-2.275270972356267e-33f,1.728239884583927e-32f,2.296212748401287e-17f,6.162975822039155e-33f,0.12563167346014142f,-0.9920769539827061f,0.8346401717306442f,-2.465190328815662e-32f,0.9920769539827061f,0.1256316734601412f,-0.23191174051273633f,0f,0f,0f,1f], start_interpolation: 0, interpolation_duration: 1 }
$data merge entity $(bone_right_lower_leg) { transformation: [0.9999999999999998f,-1.728239884583927e-32f,-2.275270972356267e-33f,-0.12499999999999994f,6.162975822039155e-33f,0.9920769539827061f,0.12563167346014142f,0.4230333363133044f,-2.465190328815662e-32f,-0.1256316734601412f,0.9920769539827061f,-0.22477042942664607f,0f,0f,0f,1f], start_interpolation: 0, interpolation_duration: 1 }
$data merge entity $(bone_right_leg) { transformation: [0.9999999999999998f,-1.728239884583927e-32f,-2.275270972356267e-33f,-0.12499999999999994f,6.162975822039155e-33f,0.9920769539827061f,0.12563167346014142f,0.7950621940568192f,-2.465190328815662e-32f,-0.1256316734601412f,0.9920769539827061f,-0.271882306974199f,0f,0f,0f,1f], start_interpolation: 0, interpolation_duration: 1 }
$data merge entity $(bone_left_lower_leg) { transformation: [0.9999999999999998f,-1.728239884583927e-32f,-2.275270972356267e-33f,0.125f,6.162975822039155e-33f,0.9920769539827061f,0.12563167346014142f,0.4230333363133044f,-2.465190328815662e-32f,-0.1256316734601412f,0.9920769539827061f,-0.22477042942664607f,0f,0f,0f,1f], start_interpolation: 0, interpolation_duration: 1 }
$data merge entity $(bone_left_leg) { transformation: [0.9999999999999998f,-1.728239884583927e-32f,-2.275270972356267e-33f,0.125f,6.162975822039155e-33f,0.9920769539827061f,0.12563167346014142f,0.7950621940568192f,-2.465190328815662e-32f,-0.1256316734601412f,0.9920769539827061f,-0.271882306974199f,0f,0f,0f,1f], start_interpolation: 0, interpolation_duration: 1 }