# This file was generated by Animated Java via MC-Build. It is not recommended to edit this file directly.
$data merge entity $(bone_right_forearm) { transformation: [1f,0f,0f,-0.3125f,0f,0.997334222470862f,0.07296881997429772f,0.6956630630128906f,-2.465190328815662e-32f,-0.07296881997429772f,0.997334222470862f,0.40667485342473864f,0f,0f,0f,1f], start_interpolation: 0, interpolation_duration: 1 }
$data merge entity $(bone_right_arm) { transformation: [1f,0f,0f,-0.3125f,0f,0.997334222470862f,0.07296881997429772f,0.9449966186306061f,-2.465190328815662e-32f,-0.07296881997429772f,0.997334222470862f,0.3884326484311642f,0f,0f,0f,1f], start_interpolation: 0, interpolation_duration: 1 }
$data merge entity $(bone_left_forearm) { transformation: [1f,0f,0f,0.3125f,0f,0.997334222470862f,0.07296881997429772f,0.6956630630128906f,-2.465190328815662e-32f,-0.07296881997429772f,0.997334222470862f,0.40667485342473864f,0f,0f,0f,1f], start_interpolation: 0, interpolation_duration: 1 }
$data merge entity $(bone_left_arm) { transformation: [1f,0f,0f,0.3125f,0f,0.997334222470862f,0.07296881997429772f,0.9449966186306061f,-2.465190328815662e-32f,-0.07296881997429772f,0.997334222470862f,0.3884326484311642f,0f,0f,0f,1f], start_interpolation: 0, interpolation_duration: 1 }
$data merge entity $(bone_head) { transformation: [1f,0f,0f,2.296212748401287e-17f,0f,-0.5851767218583687f,-0.8109057924291166f,0.9522717734811631f,-2.465190328815662e-32f,0.8109057924291166f,-0.5851767218583687f,0.45050778130980107f,0f,0f,0f,1f], start_interpolation: 0, interpolation_duration: 1 }
$data merge entity $(bone_torso) { transformation: [1f,0f,0f,2.296212748401287e-17f,0f,0.11640247760891148f,-0.9932021260581891f,0.8722450701250365f,-2.465190328815662e-32f,0.9932021260581891f,0.11640247760891148f,-0.232318680355204f,0f,0f,0f,1f], start_interpolation: 0, interpolation_duration: 1 }
$data merge entity $(bone_upper_body) { transformation: [1f,0f,0f,2.296212748401287e-17f,0f,0.11640247760891148f,-0.9932021260581891f,0.8722450701250365f,-2.465190328815662e-32f,0.9932021260581891f,0.11640247760891148f,-0.232318680355204f,0f,0f,0f,1f], start_interpolation: 0, interpolation_duration: 1 }
$data merge entity $(bone_right_lower_leg) { transformation: [1f,0f,0f,-0.12499999999999997f,0f,0.9932021260581891f,0.11640247760891148f,0.46058962935417813f,-2.465190328815662e-32f,-0.11640247760891148f,0.9932021260581891f,-0.22900456357154583f,0f,0f,0f,1f], start_interpolation: 0, interpolation_duration: 1 }
$data merge entity $(bone_right_leg) { transformation: [1f,0f,0f,-0.12499999999999997f,0f,0.9932021260581891f,0.11640247760891148f,0.8330404266259991f,-2.465190328815662e-32f,-0.11640247760891148f,0.9932021260581891f,-0.27265549267488765f,0f,0f,0f,1f], start_interpolation: 0, interpolation_duration: 1 }
$data merge entity $(bone_left_lower_leg) { transformation: [1f,0f,0f,0.12500000000000003f,0f,0.9932021260581891f,0.11640247760891148f,0.46058962935417813f,-2.465190328815662e-32f,-0.11640247760891148f,0.9932021260581891f,-0.22900456357154583f,0f,0f,0f,1f], start_interpolation: 0, interpolation_duration: 1 }
$data merge entity $(bone_left_leg) { transformation: [1f,0f,0f,0.12500000000000003f,0f,0.9932021260581891f,0.11640247760891148f,0.8330404266259991f,-2.465190328815662e-32f,-0.11640247760891148f,0.9932021260581891f,-0.27265549267488765f,0f,0f,0f,1f], start_interpolation: 0, interpolation_duration: 1 }