# This file was generated by Animated Java via MC-Build. It is not recommended to edit this file directly.
$data merge entity $(bone_right_forearm) { transformation: [1f,-1.5192577686904563e-33f,1.736519575750839e-32f,-0.3125f,6.162975822039155e-33f,0.9979236488289184f,0.06440800499920464f,0.7339609813745195f,-2.465190328815662e-32f,-0.06440800499920464f,0.9979236488289184f,0.40476393193173327f,0f,0f,0f,1f], start_interpolation: 0, interpolation_duration: 1 }
$data merge entity $(bone_right_arm) { transformation: [1f,-1.5192577686904563e-33f,1.736519575750839e-32f,-0.3125f,6.162975822039155e-33f,0.9979236488289184f,0.06440800499920464f,0.983441893581749f,-2.465190328815662e-32f,-0.06440800499920464f,0.9979236488289184f,0.3886619306819321f,0f,0f,0f,1f], start_interpolation: 0, interpolation_duration: 1 }
$data merge entity $(bone_left_forearm) { transformation: [1f,-1.5192577686904563e-33f,1.736519575750839e-32f,0.3125f,6.162975822039155e-33f,0.9979236488289184f,0.06440800499920464f,0.7339609813745195f,-2.465190328815662e-32f,-0.06440800499920464f,0.9979236488289184f,0.40476393193173327f,0f,0f,0f,1f], start_interpolation: 0, interpolation_duration: 1 }
$data merge entity $(bone_left_arm) { transformation: [1f,-1.5192577686904563e-33f,1.736519575750839e-32f,0.3125f,6.162975822039155e-33f,0.9979236488289184f,0.06440800499920464f,0.983441893581749f,-2.465190328815662e-32f,-0.06440800499920464f,0.9979236488289184f,0.3886619306819321f,0f,0f,0f,1f], start_interpolation: 0, interpolation_duration: 1 }
$data merge entity $(bone_head) { transformation: [1f,1.4279071783346797e-32f,-9.998313701336986e-33f,2.2962127484012883e-17f,6.162975822039155e-33f,-0.5921135625583899f,-0.8058545334205249f,0.9901841136473358f,-2.465190328815662e-32f,0.8058545334205249f,-0.5921135625583899f,0.4507972062392771f,0f,0f,0f,1f], start_interpolation: 0, interpolation_duration: 1 }
$data merge entity $(bone_torso) { transformation: [1f,1.728239884583927e-32f,2.275270972356267e-33f,2.296212748401287e-17f,6.162975822039155e-33f,0.1078755210493888f,-0.9941644089175204f,0.916019692925881f,-2.465190328815662e-32f,0.9941644089175204f,0.1078755210493888f,-0.23269082489151813f,0f,0f,0f,1f], start_interpolation: 0, interpolation_duration: 1 }
$data merge entity $(bone_upper_body) { transformation: [1f,1.728239884583927e-32f,2.275270972356267e-33f,2.296212748401287e-17f,6.162975822039155e-33f,0.1078755210493888f,-0.9941644089175204f,0.916019692925881f,-2.465190328815662e-32f,0.9941644089175204f,0.1078755210493888f,-0.23269082489151813f,0f,0f,0f,1f], start_interpolation: 0, interpolation_duration: 1 }
$data merge entity $(bone_right_lower_leg) { transformation: [1f,-2.275270972356267e-33f,1.728239884583927e-32f,-0.12499999999999997f,6.162975822039155e-33f,0.9941644089175204f,0.1078755210493888f,0.5043509698266743f,-2.465190328815662e-32f,-0.1078755210493888f,0.9941644089175204f,-0.23290924690036363f,0f,0f,0f,1f], start_interpolation: 0, interpolation_duration: 1 }
$data merge entity $(bone_right_leg) { transformation: [1f,-2.275270972356267e-33f,1.728239884583927e-32f,-0.12499999999999997f,6.162975822039155e-33f,0.9941644089175204f,0.1078755210493888f,0.8771626231707444f,-2.465190328815662e-32f,-0.1078755210493888f,0.9941644089175204f,-0.2733625672938844f,0f,0f,0f,1f], start_interpolation: 0, interpolation_duration: 1 }
$data merge entity $(bone_left_lower_leg) { transformation: [1f,-2.275270972356267e-33f,1.728239884583927e-32f,0.12500000000000003f,6.162975822039155e-33f,0.9941644089175204f,0.1078755210493888f,0.5043509698266743f,-2.465190328815662e-32f,-0.1078755210493888f,0.9941644089175204f,-0.23290924690036363f,0f,0f,0f,1f], start_interpolation: 0, interpolation_duration: 1 }
$data merge entity $(bone_left_leg) { transformation: [1f,-2.275270972356267e-33f,1.728239884583927e-32f,0.12500000000000003f,6.162975822039155e-33f,0.9941644089175204f,0.1078755210493888f,0.8771626231707444f,-2.465190328815662e-32f,-0.1078755210493888f,0.9941644089175204f,-0.2733625672938844f,0f,0f,0f,1f], start_interpolation: 0, interpolation_duration: 1 }