# This file was generated by Animated Java via MC-Build. It is not recommended to edit this file directly.
$data merge entity $(bone_right_forearm) { transformation: [1f,9.442226763099421e-33f,-7.922968994408965e-33f,-0.3125f,0f,0.99840207387772f,0.05650928133208021f,0.7664714499713611f,0f,-0.05650928133208021f,0.99840207387772f,0.4029630869686576f,0f,0f,0f,1f], start_interpolation: 0, interpolation_duration: 1 }
$data merge entity $(bone_right_arm) { transformation: [1f,9.442226763099421e-33f,-7.922968994408965e-33f,-0.3125f,0f,0.99840207387772f,0.05650928133208021f,1.016071968440791f,0f,-0.05650928133208021f,0.99840207387772f,0.38883576663563757f,0f,0f,0f,1f], start_interpolation: 0, interpolation_duration: 1 }
$data merge entity $(bone_left_forearm) { transformation: [1f,9.442226763099421e-33f,-7.922968994408965e-33f,0.3125f,0f,0.99840207387772f,0.05650928133208021f,0.7664714499713611f,0f,-0.05650928133208021f,0.99840207387772f,0.4029630869686576f,0f,0f,0f,1f], start_interpolation: 0, interpolation_duration: 1 }
$data merge entity $(bone_left_arm) { transformation: [1f,9.442226763099421e-33f,-7.922968994408965e-33f,0.3125f,0f,0.99840207387772f,0.05650928133208021f,1.016071968440791f,0f,-0.05650928133208021f,0.99840207387772f,0.38883576663563757f,0f,0f,0f,1f], start_interpolation: 0, interpolation_duration: 1 }
$data merge entity $(bone_head) { transformation: [1f,-1.2138692742341893e-32f,-2.1403790410049047e-33f,2.2962127484012865e-17f,0f,-0.5984718616248561f,-0.8011438265650428f,1.022322292429823f,0f,0.8011438265650428f,-0.5984718616248561f,0.45102244889182586f,0f,0f,0f,1f], start_interpolation: 0, interpolation_duration: 1 }
$data merge entity $(bone_torso) { transformation: [1f,-7.503563936741501e-33f,-9.778834909097769e-33f,2.296212748401287e-17f,0f,0.10000518382451057f,-0.9949869160990139f,0.9535687285504719f,0f,0.9949869160990139f,0.10000518382451057f,-0.23303105592624618f,0f,0f,0f,1f], start_interpolation: 0, interpolation_duration: 1 }
$data merge entity $(bone_upper_body) { transformation: [1f,-7.503563936741501e-33f,-9.778834909097769e-33f,2.296212748401287e-17f,0f,0.10000518382451057f,-0.9949869160990139f,0.9535687285504719f,0f,0.9949869160990139f,0.10000518382451057f,-0.23303105592624618f,0f,0f,0f,1f], start_interpolation: 0, interpolation_duration: 1 }
$data merge entity $(bone_right_lower_leg) { transformation: [1f,9.778834909097769e-33f,-7.503563936741501e-33f,-0.12499999999999997f,0f,0.9949869160990139f,0.10000518382451057f,0.5419146229401712f,0f,-0.10000518382451057f,0.9949869160990139f,-0.23650706232567623f,0f,0f,0f,1f], start_interpolation: 0, interpolation_duration: 1 }
$data merge entity $(bone_right_leg) { transformation: [1f,9.778834909097769e-33f,-7.503563936741501e-33f,-0.12499999999999997f,0f,0.9949869160990139f,0.10000518382451057f,0.9150347164773014f,0f,-0.10000518382451057f,0.9949869160990139f,-0.2740090062598677f,0f,0f,0f,1f], start_interpolation: 0, interpolation_duration: 1 }
$data merge entity $(bone_left_lower_leg) { transformation: [1f,9.778834909097769e-33f,-7.503563936741501e-33f,0.12500000000000003f,0f,0.9949869160990139f,0.10000518382451057f,0.5419146229401712f,0f,-0.10000518382451057f,0.9949869160990139f,-0.23650706232567623f,0f,0f,0f,1f], start_interpolation: 0, interpolation_duration: 1 }
$data merge entity $(bone_left_leg) { transformation: [1f,9.778834909097769e-33f,-7.503563936741501e-33f,0.12500000000000003f,0f,0.9949869160990139f,0.10000518382451057f,0.9150347164773014f,0f,-0.10000518382451057f,0.9949869160990139f,-0.2740090062598677f,0f,0f,0f,1f], start_interpolation: 0, interpolation_duration: 1 }