# This file was generated by Animated Java via MC-Build. It is not recommended to edit this file directly.
$data merge entity $(bone_right_forearm) { transformation: [1f,-9.442226763099421e-33f,7.922968994408965e-33f,-0.3125f,-6.162975822039155e-33f,0.9987873110350137f,0.04923319322821427f,0.7911009224213497f,0f,-0.04923319322821416f,0.9987873110350137f,0.40127221506519756f,0f,0f,0f,1f], start_interpolation: 0, interpolation_duration: 1 }
$data merge entity $(bone_right_arm) { transformation: [1f,-9.442226763099421e-33f,7.922968994408965e-33f,-0.3125f,-6.162975822039155e-33f,0.9987873110350137f,0.04923319322821427f,1.0407977501801031f,0f,-0.04923319322821416f,0.9987873110350137f,0.388963916758144f,0f,0f,0f,1f], start_interpolation: 0, interpolation_duration: 1 }
$data merge entity $(bone_left_forearm) { transformation: [1f,-9.442226763099421e-33f,7.922968994408965e-33f,0.3125f,-6.162975822039155e-33f,0.9987873110350137f,0.04923319322821427f,0.7911009224213497f,0f,-0.04923319322821416f,0.9987873110350137f,0.40127221506519756f,0f,0f,0f,1f], start_interpolation: 0, interpolation_duration: 1 }
$data merge entity $(bone_left_arm) { transformation: [1f,-9.442226763099421e-33f,7.922968994408965e-33f,0.3125f,-6.162975822039155e-33f,0.9987873110350137f,0.04923319322821427f,1.0407977501801031f,0f,-0.04923319322821416f,0.9987873110350137f,0.388963916758144f,0f,0f,0f,1f], start_interpolation: 0, interpolation_duration: 1 }
$data merge entity $(bone_head) { transformation: [1f,1.2138692742341893e-32f,2.1403790410049047e-33f,2.2962127484012877e-17f,-6.162975822039155e-33f,-0.604293294155966f,-0.7967619560685181f,1.0465948017271696f,0f,0.796761956068518f,-0.6042932941559661f,0.4511944895769816f,0f,0f,0f,1f], start_interpolation: 0, interpolation_duration: 1 }
$data merge entity $(bone_torso) { transformation: [1f,7.503563936741501e-33f,9.778834909097769e-33f,2.296212748401287e-17f,-6.162975822039155e-33f,0.0927528247530619f,-0.9956891651014024f,0.9828272347094394f,0f,0.9956891651014024f,0.09275282475306179f,-0.23334181143023247f,0f,0f,0f,1f], start_interpolation: 0, interpolation_duration: 1 }
$data merge entity $(bone_upper_body) { transformation: [1f,7.503563936741501e-33f,9.778834909097769e-33f,2.296212748401287e-17f,-6.162975822039155e-33f,0.0927528247530619f,-0.9956891651014024f,0.9828272347094394f,0f,0.9956891651014024f,0.09275282475306179f,-0.23334181143023247f,0f,0f,0f,1f], start_interpolation: 0, interpolation_duration: 1 }
$data merge entity $(bone_right_lower_leg) { transformation: [1f,-9.778834909097769e-33f,7.503563936741501e-33f,-0.12499999999999997f,-6.162975822039155e-33f,0.9956891651014024f,0.0927528247530619f,0.5712093834150744f,0f,-0.09275282475306179f,0.9956891651014024f,-0.2398171324350435f,0f,0f,0f,1f], start_interpolation: 0, interpolation_duration: 1 }
$data merge entity $(bone_right_leg) { transformation: [1f,-9.778834909097769e-33f,7.503563936741501e-33f,-0.12499999999999997f,-6.162975822039155e-33f,0.9956891651014024f,0.0927528247530619f,0.9445928203281003f,0f,-0.09275282475306179f,0.9956891651014024f,-0.27459944171744166f,0f,0f,0f,1f], start_interpolation: 0, interpolation_duration: 1 }
$data merge entity $(bone_left_lower_leg) { transformation: [1f,-9.778834909097769e-33f,7.503563936741501e-33f,0.12500000000000003f,-6.162975822039155e-33f,0.9956891651014024f,0.0927528247530619f,0.5712093834150744f,0f,-0.09275282475306179f,0.9956891651014024f,-0.2398171324350435f,0f,0f,0f,1f], start_interpolation: 0, interpolation_duration: 1 }
$data merge entity $(bone_left_leg) { transformation: [1f,-9.778834909097769e-33f,7.503563936741501e-33f,0.12500000000000003f,-6.162975822039155e-33f,0.9956891651014024f,0.0927528247530619f,0.9445928203281003f,0f,-0.09275282475306179f,0.9956891651014024f,-0.27459944171744166f,0f,0f,0f,1f], start_interpolation: 0, interpolation_duration: 1 }