# This file was generated by Animated Java via MC-Build. It is not recommended to edit this file directly.
$data merge entity $(bone_right_forearm) { transformation: [1f,-9.442226763099421e-33f,7.922968994408965e-33f,-0.3125f,0f,0.9990945053922485f,0.04254608436763935f,0.807826013107235f,0f,-0.04254608436763935f,0.9990945053922485f,0.39969119912690815f,0f,0f,0f,1f], start_interpolation: 0, interpolation_duration: 1 }
$data merge entity $(bone_right_arm) { transformation: [1f,-9.442226763099421e-33f,7.922968994408965e-33f,-0.3125f,0f,0.9990945053922485f,0.04254608436763935f,1.0575996394552971f,0f,-0.04254608436763935f,0.9990945053922485f,0.3890546780349983f,0f,0f,0f,1f], start_interpolation: 0, interpolation_duration: 1 }
$data merge entity $(bone_left_forearm) { transformation: [1f,-9.442226763099421e-33f,7.922968994408965e-33f,0.3125f,0f,0.9990945053922485f,0.04254608436763935f,0.807826013107235f,0f,-0.04254608436763935f,0.9990945053922485f,0.39969119912690815f,0f,0f,0f,1f], start_interpolation: 0, interpolation_duration: 1 }
$data merge entity $(bone_left_arm) { transformation: [1f,-9.442226763099421e-33f,7.922968994408965e-33f,0.3125f,0f,0.9990945053922485f,0.04254608436763935f,1.0575996394552971f,0f,-0.04254608436763935f,0.9990945053922485f,0.3890546780349983f,0f,0f,0f,1f], start_interpolation: 0, interpolation_duration: 1 }
$data merge entity $(bone_head) { transformation: [1f,1.2138692742341893e-32f,2.1403790410049047e-33f,2.2962127484012877e-17f,0f,-0.6096133774657373f,-0.7926988898786326f,1.0629799819658f,0f,0.7926988898786326f,-0.6096133774657373f,0.45132266270183724f,0f,0f,0f,1f], start_interpolation: 0, interpolation_duration: 1 }
$data merge entity $(bone_torso) { transformation: [1f,7.503563936741501e-33f,9.778834909097769e-33f,2.296212748401287e-17f,0f,0.0860854801680449f,-0.9962877546694213f,1.003796214350269f,0f,0.9962877546694213f,0.0860854801680449f,-0.23362516863338995f,0f,0f,0f,1f], start_interpolation: 0, interpolation_duration: 1 }
$data merge entity $(bone_upper_body) { transformation: [1f,7.503563936741501e-33f,9.778834909097769e-33f,2.296212748401287e-17f,0f,0.0860854801680449f,-0.9962877546694213f,1.003796214350269f,0f,0.9962877546694213f,0.0860854801680449f,-0.23362516863338995f,0f,0f,0f,1f], start_interpolation: 0, interpolation_duration: 1 }
$data merge entity $(bone_right_lower_leg) { transformation: [1f,-9.778834909097769e-33f,7.503563936741501e-33f,-0.12499999999999997f,0f,0.9962877546694213f,0.0860854801680449f,0.5922309323223294f,0f,-0.0860854801680449f,0.9962877546694213f,-0.24285576534042408f,0f,0f,0f,1f], start_interpolation: 0, interpolation_duration: 1 }
$data merge entity $(bone_right_leg) { transformation: [1f,-9.778834909097769e-33f,7.503563936741501e-33f,-0.12499999999999997f,0f,0.9962877546694213f,0.0860854801680449f,0.9658388403233624f,0f,-0.0860854801680449f,0.9962877546694213f,-0.2751378204034409f,0f,0f,0f,1f], start_interpolation: 0, interpolation_duration: 1 }
$data merge entity $(bone_left_lower_leg) { transformation: [1f,-9.778834909097769e-33f,7.503563936741501e-33f,0.12500000000000003f,0f,0.9962877546694213f,0.0860854801680449f,0.5922309323223294f,0f,-0.0860854801680449f,0.9962877546694213f,-0.24285576534042408f,0f,0f,0f,1f], start_interpolation: 0, interpolation_duration: 1 }
$data merge entity $(bone_left_leg) { transformation: [1f,-9.778834909097769e-33f,7.503563936741501e-33f,0.12500000000000003f,0f,0.9962877546694213f,0.0860854801680449f,0.9658388403233624f,0f,-0.0860854801680449f,0.9962877546694213f,-0.2751378204034409f,0f,0f,0f,1f], start_interpolation: 0, interpolation_duration: 1 }