# This file was generated by Animated Java via MC-Build. It is not recommended to edit this file directly.
$data merge entity $(bone_right_forearm) { transformation: [1f,9.442226763099421e-33f,-7.922968994408965e-33f,-0.3125f,0f,0.9993366050062823f,0.03641908695338333f,0.816626674753287f,0f,-0.03641908695338333f,0.9993366050062823f,0.3982199143694674f,0f,0f,0f,1f], start_interpolation: 0, interpolation_duration: 1 }
$data merge entity $(bone_right_arm) { transformation: [1f,9.442226763099421e-33f,-7.922968994408965e-33f,-0.3125f,0f,0.9993366050062823f,0.03641908695338333f,1.0664608260048576f,0f,-0.03641908695338333f,0.9993366050062823f,0.38911514263112157f,0f,0f,0f,1f], start_interpolation: 0, interpolation_duration: 1 }
$data merge entity $(bone_left_forearm) { transformation: [1f,9.442226763099421e-33f,-7.922968994408965e-33f,0.3125f,0f,0.9993366050062823f,0.03641908695338333f,0.816626674753287f,0f,-0.03641908695338333f,0.9993366050062823f,0.3982199143694674f,0f,0f,0f,1f], start_interpolation: 0, interpolation_duration: 1 }
$data merge entity $(bone_left_arm) { transformation: [1f,9.442226763099421e-33f,-7.922968994408965e-33f,0.3125f,0f,0.9993366050062823f,0.03641908695338333f,1.0664608260048576f,0f,-0.03641908695338333f,0.9993366050062823f,0.38911514263112157f,0f,0f,0f,1f], start_interpolation: 0, interpolation_duration: 1 }
$data merge entity $(bone_head) { transformation: [1f,-1.2138692742341893e-32f,-2.1403790410049047e-33f,2.2962127484012865e-17f,0f,-0.6144625484201433f,-0.7889459909201793f,1.0714592556632663f,0f,0.7889459909201793f,-0.6144625484201433f,0.4514149476143633f,0f,0f,0f,1f], start_interpolation: 0, interpolation_duration: 1 }
$data merge entity $(bone_torso) { transformation: [1f,-7.503563936741501e-33f,-9.778834909097769e-33f,2.296212748401287e-17f,0f,0.07997487453454133f,-0.9967968797318663f,1.0164765294207692f,0f,0.9967968797318663f,0.07997487453454133f,-0.23388290720129476f,0f,0f,0f,1f], start_interpolation: 0, interpolation_duration: 1 }
$data merge entity $(bone_upper_body) { transformation: [1f,-7.503563936741501e-33f,-9.778834909097769e-33f,2.296212748401287e-17f,0f,0.07997487453454133f,-0.9967968797318663f,1.0164765294207692f,0f,0.9967968797318663f,0.07997487453454133f,-0.23388290720129476f,0f,0f,0f,1f], start_interpolation: 0, interpolation_duration: 1 }
$data merge entity $(bone_right_lower_leg) { transformation: [1f,9.778834909097769e-33f,-7.503563936741501e-33f,-0.12499999999999997f,0f,0.9967968797318663f,0.07997487453454133f,0.6049755842644744f,0f,-0.07997487453454133f,0.9967968797318663f,-0.245636945732007f,0f,0f,0f,1f], start_interpolation: 0, interpolation_duration: 1 }
$data merge entity $(bone_right_leg) { transformation: [1f,9.778834909097769e-33f,-7.503563936741501e-33f,-0.12499999999999997f,0f,0.9967968797318663f,0.07997487453454133f,0.9787744141639242f,0f,-0.07997487453454133f,0.9967968797318663f,-0.27562752368246f,0f,0f,0f,1f], start_interpolation: 0, interpolation_duration: 1 }
$data merge entity $(bone_left_lower_leg) { transformation: [1f,9.778834909097769e-33f,-7.503563936741501e-33f,0.12500000000000003f,0f,0.9967968797318663f,0.07997487453454133f,0.6049755842644744f,0f,-0.07997487453454133f,0.9967968797318663f,-0.245636945732007f,0f,0f,0f,1f], start_interpolation: 0, interpolation_duration: 1 }
$data merge entity $(bone_left_leg) { transformation: [1f,9.778834909097769e-33f,-7.503563936741501e-33f,0.12500000000000003f,0f,0.9967968797318663f,0.07997487453454133f,0.9787744141639242f,0f,-0.07997487453454133f,0.9967968797318663f,-0.27562752368246f,0f,0f,0f,1f], start_interpolation: 0, interpolation_duration: 1 }