# This file was generated by Animated Java via MC-Build. It is not recommended to edit this file directly.
$data merge entity $(bone_right_forearm) { transformation: [1f,-9.442226763099421e-33f,7.922968994408965e-33f,-0.3125f,0f,0.9995247245603809f,0.03082734163847236f,0.8174856530809909f,0f,-0.03082734163847236f,0.9995247245603809f,0.39685823288855576f,0f,0f,0f,1f], start_interpolation: 0, interpolation_duration: 1 }
$data merge entity $(bone_right_arm) { transformation: [1f,-9.442226763099421e-33f,7.922968994408965e-33f,-0.3125f,0f,0.9995247245603809f,0.03082734163847236f,1.067366834221086f,0f,-0.03082734163847236f,0.9995247245603809f,0.3891513974789377f,0f,0f,0f,1f], start_interpolation: 0, interpolation_duration: 1 }
$data merge entity $(bone_left_forearm) { transformation: [1f,-9.442226763099421e-33f,7.922968994408965e-33f,0.3125f,0f,0.9995247245603809f,0.03082734163847236f,0.8174856530809909f,0f,-0.03082734163847236f,0.9995247245603809f,0.39685823288855576f,0f,0f,0f,1f], start_interpolation: 0, interpolation_duration: 1 }
$data merge entity $(bone_left_arm) { transformation: [1f,-9.442226763099421e-33f,7.922968994408965e-33f,0.3125f,0f,0.9995247245603809f,0.03082734163847236f,1.067366834221086f,0f,-0.03082734163847236f,0.9995247245603809f,0.3891513974789377f,0f,0f,0f,1f], start_interpolation: 0, interpolation_duration: 1 }
$data merge entity $(bone_head) { transformation: [1f,1.2138692742341893e-32f,2.1403790410049047e-33f,2.2962127484012877e-17f,0f,-0.6188669947644817f,-0.7854957942542908f,1.072016625282451f,0f,0.7854957942542908f,-0.6188669947644817f,0.45147819302536096f,0f,0f,0f,1f], start_interpolation: 0, interpolation_duration: 1 }
$data merge entity $(bone_torso) { transformation: [1f,7.503563936741501e-33f,9.778834909097769e-33f,2.296212748401287e-17f,0f,0.07439665698184206f,-0.9972287287427726f,1.0208689236074346f,0f,0.9972287287427726f,0.07439665698184206f,-0.23411655798529518f,0f,0f,0f,1f], start_interpolation: 0, interpolation_duration: 1 }
$data merge entity $(bone_upper_body) { transformation: [1f,7.503563936741501e-33f,9.778834909097769e-33f,2.296212748401287e-17f,0f,0.07439665698184206f,-0.9972287287427726f,1.0208689236074346f,0f,0.9972287287427726f,0.07439665698184206f,-0.23411655798529518f,0f,0f,0f,1f], start_interpolation: 0, interpolation_duration: 1 }
$data merge entity $(bone_right_lower_leg) { transformation: [1f,-9.778834909097769e-33f,7.503563936741501e-33f,-0.12499999999999997f,0f,0.9972287287427726f,0.07439665698184206f,0.6094401815755861f,0f,-0.07439665698184206f,0.9972287287427726f,-0.24817271380387007f,0f,0f,0f,1f], start_interpolation: 0, interpolation_duration: 1 }
$data merge entity $(bone_right_leg) { transformation: [1f,-9.778834909097769e-33f,7.503563936741501e-33f,-0.12499999999999997f,0f,0.9972287287427726f,0.07439665698184206f,0.9834009548541258f,0f,-0.07439665698184206f,0.9972287287427726f,-0.27607146017206086f,0f,0f,0f,1f], start_interpolation: 0, interpolation_duration: 1 }
$data merge entity $(bone_left_lower_leg) { transformation: [1f,-9.778834909097769e-33f,7.503563936741501e-33f,0.12500000000000003f,0f,0.9972287287427726f,0.07439665698184206f,0.6094401815755861f,0f,-0.07439665698184206f,0.9972287287427726f,-0.24817271380387007f,0f,0f,0f,1f], start_interpolation: 0, interpolation_duration: 1 }
$data merge entity $(bone_left_leg) { transformation: [1f,-9.778834909097769e-33f,7.503563936741501e-33f,0.12500000000000003f,0f,0.9972287287427726f,0.07439665698184206f,0.9834009548541258f,0f,-0.07439665698184206f,0.9972287287427726f,-0.27607146017206086f,0f,0f,0f,1f], start_interpolation: 0, interpolation_duration: 1 }
execute on vehicle unless entity @s[tag=aj.transforms_only] at @s run function animated_java:rend_fallen_tether/animations/rise_2/zzz/frames/zzz/2