# This file was generated by Animated Java via MC-Build. It is not recommended to edit this file directly.
$data merge entity $(bone_right_forearm) { transformation: [0.9999999999999998f,-7.922968994408965e-33f,-9.442226763099421e-33f,-0.31249999999999994f,-6.162975822039155e-33f,0.9996684295413755f,0.025749387920497212f,0.8142907002094433f,0f,-0.025749387920497115f,0.9996684295413752f,0.3963139353863779f,0f,0f,0f,1f], start_interpolation: 0, interpolation_duration: 1 }
$data merge entity $(bone_right_arm) { transformation: [0.9999999999999998f,-7.922968994408965e-33f,-9.442226763099421e-33f,-0.31249999999999994f,-6.162975822039155e-33f,0.9996684295413755f,0.025749387920497212f,1.0642078075947872f,0f,-0.025749387920497115f,0.9996684295413752f,0.3898765884062536f,0f,0f,0f,1f], start_interpolation: 0, interpolation_duration: 1 }
$data merge entity $(bone_left_forearm) { transformation: [0.9999999999999998f,-7.922968994408965e-33f,-9.442226763099421e-33f,0.31249999999999994f,-6.162975822039155e-33f,0.9996684295413755f,0.025749387920497212f,0.8142907002094433f,0f,-0.025749387920497115f,0.9996684295413752f,0.3963139353863779f,0f,0f,0f,1f], start_interpolation: 0, interpolation_duration: 1 }
$data merge entity $(bone_left_arm) { transformation: [0.9999999999999998f,-7.922968994408965e-33f,-9.442226763099421e-33f,0.31249999999999994f,-6.162975822039155e-33f,0.9996684295413755f,0.025749387920497212f,1.0642078075947872f,0f,-0.025749387920497115f,0.9996684295413752f,0.3898765884062536f,0f,0f,0f,1f], start_interpolation: 0, interpolation_duration: 1 }
$data merge entity $(bone_head) { transformation: [0.9999999999999998f,-2.1403790410049047e-33f,1.2138692742341893e-32f,2.287543373738955e-17f,-6.162975822039155e-33f,-0.6228493047737855f,-0.7823418329239542f,1.0685409203869032f,0f,0.782341832923954f,-0.6228493047737855f,0.45222620054242335f,0f,0f,0f,1f], start_interpolation: 0, interpolation_duration: 1 }
$data merge entity $(bone_torso) { transformation: [0.9999999999999998f,-9.778834909097769e-33f,7.503563936741501e-33f,2.2875433737389557e-17f,-6.162975822039155e-33f,0.06932980467385635f,-0.9975937941787154f,1.020876679673627f,0f,0.9975937941787152f,0.06932980467385624f,-0.23361953295544333f,0f,0f,0f,1f], start_interpolation: 0, interpolation_duration: 1 }
$data merge entity $(bone_upper_body) { transformation: [0.9999999999999998f,-9.778834909097769e-33f,7.503563936741501e-33f,2.2875433737389557e-17f,-6.162975822039155e-33f,0.06932980467385635f,-0.9975937941787154f,1.020876679673627f,0f,0.9975937941787152f,0.06932980467385624f,-0.23361953295544333f,0f,0f,0f,1f], start_interpolation: 0, interpolation_duration: 1 }
$data merge entity $(bone_right_lower_leg) { transformation: [0.9999999999999998f,-7.503563936741501e-33f,-9.778834909097769e-33f,-0.12499999999999994f,-6.162975822039155e-33f,0.9975937941787154f,0.06932980467385635f,0.6095246512159347f,0f,-0.06932980467385624f,0.9975937941787152f,-0.24976555320958502f,0f,0f,0f,1f], start_interpolation: 0, interpolation_duration: 1 }
$data merge entity $(bone_right_leg) { transformation: [0.9999999999999998f,-7.503563936741501e-33f,-9.778834909097769e-33f,-0.12499999999999994f,-6.162975822039155e-33f,0.9975937941787154f,0.06932980467385635f,0.9836223240329529f,0f,-0.06932980467385624f,0.9975937941787152f,-0.2757642299622811f,0f,0f,0f,1f], start_interpolation: 0, interpolation_duration: 1 }
$data merge entity $(bone_left_lower_leg) { transformation: [0.9999999999999998f,-7.503563936741501e-33f,-9.778834909097769e-33f,0.125f,-6.162975822039155e-33f,0.9975937941787154f,0.06932980467385635f,0.6095246512159347f,0f,-0.06932980467385624f,0.9975937941787152f,-0.24976555320958502f,0f,0f,0f,1f], start_interpolation: 0, interpolation_duration: 1 }
$data merge entity $(bone_left_leg) { transformation: [0.9999999999999998f,-7.503563936741501e-33f,-9.778834909097769e-33f,0.125f,-6.162975822039155e-33f,0.9975937941787154f,0.06932980467385635f,0.9836223240329529f,0f,-0.06932980467385624f,0.9975937941787152f,-0.2757642299622811f,0f,0f,0f,1f], start_interpolation: 0, interpolation_duration: 1 }