# This file was generated by Animated Java via MC-Build. It is not recommended to edit this file directly.
$data merge entity $(bone_right_forearm) { transformation: [1f,0f,0f,-0.3125f,0f,0.9997759606756621f,0.02116668266538143f,0.8109315984959673f,0f,-0.021166682665381534f,0.9997759606756622f,0.39729480581596144f,0f,0f,0f,1f], start_interpolation: 0, interpolation_duration: 1 }
$data merge entity $(bone_right_arm) { transformation: [1f,0f,0f,-0.3125f,0f,0.9997759606756621f,0.02116668266538143f,1.0608755886648829f,0f,-0.021166682665381534f,0.9997759606756622f,0.39200313514961604f,0f,0f,0f,1f], start_interpolation: 0, interpolation_duration: 1 }
$data merge entity $(bone_left_forearm) { transformation: [1f,0f,0f,0.3125f,0f,0.9997759606756621f,0.02116668266538143f,0.8109315984959673f,0f,-0.021166682665381534f,0.9997759606756622f,0.39729480581596144f,0f,0f,0f,1f], start_interpolation: 0, interpolation_duration: 1 }
$data merge entity $(bone_left_arm) { transformation: [1f,0f,0f,0.3125f,0f,0.9997759606756621f,0.02116668266538143f,1.0608755886648829f,0f,-0.021166682665381534f,0.9997759606756622f,0.39200313514961604f,0f,0f,0f,1f], start_interpolation: 0, interpolation_duration: 1 }
$data merge entity $(bone_head) { transformation: [1f,0f,0f,2.2615352497519618e-17f,0f,-0.6264289803496941f,-0.779478500395003f,1.064922848138689f,0f,0.7794785003950031f,-0.6264289803496941f,0.4543719550097969f,0f,0f,0f,1f], start_interpolation: 0, interpolation_duration: 1 }
$data merge entity $(bone_torso) { transformation: [1f,0f,0f,2.2615352497519618e-17f,0f,0.06475615158089937f,-0.9979011177628931f,1.0204029939268207f,0f,0.9979011177628933f,0.06475615158089948f,-0.2316850634521922f,0f,0f,0f,1f], start_interpolation: 0, interpolation_duration: 1 }
$data merge entity $(bone_upper_body) { transformation: [1f,0f,0f,2.2615352497519618e-17f,0f,0.06475615158089937f,-0.9979011177628931f,1.0204029939268207f,0f,0.9979011177628933f,0.06475615158089948f,-0.2316850634521922f,0f,0f,0f,1f], start_interpolation: 0, interpolation_duration: 1 }
$data merge entity $(bone_right_lower_leg) { transformation: [1f,0f,0f,-0.12499999999999997f,0f,0.9979011177628931f,0.06475615158089937f,0.6091292999121193f,0f,-0.06475615158089948f,0.9979011177628933f,-0.24971653310408296f,0f,0f,0f,1f], start_interpolation: 0, interpolation_duration: 1 }
$data merge entity $(bone_right_leg) { transformation: [1f,0f,0f,-0.12499999999999997f,0f,0.9979011177628931f,0.06475615158089937f,0.9833422190732042f,0f,-0.06475615158089948f,0.9979011177628933f,-0.27400008994692027f,0f,0f,0f,1f], start_interpolation: 0, interpolation_duration: 1 }
$data merge entity $(bone_left_lower_leg) { transformation: [1f,0f,0f,0.12500000000000003f,0f,0.9979011177628931f,0.06475615158089937f,0.6091292999121193f,0f,-0.06475615158089948f,0.9979011177628933f,-0.24971653310408296f,0f,0f,0f,1f], start_interpolation: 0, interpolation_duration: 1 }
$data merge entity $(bone_left_leg) { transformation: [1f,0f,0f,0.12500000000000003f,0f,0.9979011177628931f,0.06475615158089937f,0.9833422190732042f,0f,-0.06475615158089948f,0.9979011177628933f,-0.27400008994692027f,0f,0f,0f,1f], start_interpolation: 0, interpolation_duration: 1 }