# This file was generated by Animated Java via MC-Build. It is not recommended to edit this file directly.
$data merge entity $(bone_right_forearm) { transformation: [1f,9.442226763099421e-33f,-7.922968994408965e-33f,-0.3125f,0f,0.9998544127230858f,0.01706321652483181f,0.8073972528149718f,0f,-0.017063216524831913f,0.999854412723086f,0.39980072544895934f,0f,0f,0f,1f], start_interpolation: 0, interpolation_duration: 1 }
$data merge entity $(bone_right_arm) { transformation: [1f,9.442226763099421e-33f,-7.922968994408965e-33f,-0.3125f,0f,0.9998544127230858f,0.01706321652483181f,1.0573608559957433f,0f,-0.017063216524831913f,0.999854412723086f,0.39553492131775136f,0f,0f,0f,1f], start_interpolation: 0, interpolation_duration: 1 }
$data merge entity $(bone_left_forearm) { transformation: [1f,9.442226763099421e-33f,-7.922968994408965e-33f,0.3125f,0f,0.9998544127230858f,0.01706321652483181f,0.8073972528149718f,0f,-0.017063216524831913f,0.999854412723086f,0.39980072544895934f,0f,0f,0f,1f], start_interpolation: 0, interpolation_duration: 1 }
$data merge entity $(bone_left_arm) { transformation: [1f,9.442226763099421e-33f,-7.922968994408965e-33f,0.3125f,0f,0.9998544127230858f,0.01706321652483181f,1.0573608559957433f,0f,-0.017063216524831913f,0.999854412723086f,0.39553492131775136f,0f,0f,0f,1f], start_interpolation: 0, interpolation_duration: 1 }
$data merge entity $(bone_head) { transformation: [1f,-1.2138692742341893e-32f,-2.1403790410049047e-33f,2.218188376440304e-17f,0f,-0.6296228457882275f,-0.7769009409580696f,1.0611521068120624f,0f,0.7769009409580698f,-0.6296228457882275f,0.4579198266815311f,0f,0f,0f,1f], start_interpolation: 0, interpolation_duration: 1 }
$data merge entity $(bone_torso) { transformation: [1f,-7.503563936741501e-33f,-9.778834909097769e-33f,2.2181883764403047e-17f,0f,0.060660013061108076f,-0.9981584858204764f,1.0194483478325507f,0f,0.9981584858204765f,0.06066001306110819f,-0.22831413232004652f,0f,0f,0f,1f], start_interpolation: 0, interpolation_duration: 1 }
$data merge entity $(bone_upper_body) { transformation: [1f,-7.503563936741501e-33f,-9.778834909097769e-33f,2.2181883764403047e-17f,0f,0.060660013061108076f,-0.9981584858204764f,1.0194483478325507f,0f,0.9981584858204765f,0.06066001306110819f,-0.22831413232004652f,0f,0f,0f,1f], start_interpolation: 0, interpolation_duration: 1 }
$data merge entity $(bone_right_lower_leg) { transformation: [1f,9.778834909097769e-33f,-7.503563936741501e-33f,-0.12499999999999997f,0f,0.9981584858204764f,0.060660013061108076f,0.6082521225767186f,0f,-0.06066001306110819f,0.9981584858204765f,-0.24803340263262183f,0f,0f,0f,1f], start_interpolation: 0, interpolation_duration: 1 }
$data merge entity $(bone_right_leg) { transformation: [1f,9.778834909097769e-33f,-7.503563936741501e-33f,-0.12499999999999997f,0f,0.9981584858204764f,0.060660013061108076f,0.9825615547593972f,0f,-0.06066001306110819f,0.9981584858204765f,-0.2707809075305374f,0f,0f,0f,1f], start_interpolation: 0, interpolation_duration: 1 }
$data merge entity $(bone_left_lower_leg) { transformation: [1f,9.778834909097769e-33f,-7.503563936741501e-33f,0.12500000000000003f,0f,0.9981584858204764f,0.060660013061108076f,0.6082521225767186f,0f,-0.06066001306110819f,0.9981584858204765f,-0.24803340263262183f,0f,0f,0f,1f], start_interpolation: 0, interpolation_duration: 1 }
$data merge entity $(bone_left_leg) { transformation: [1f,9.778834909097769e-33f,-7.503563936741501e-33f,0.12500000000000003f,0f,0.9981584858204764f,0.060660013061108076f,0.9825615547593972f,0f,-0.06066001306110819f,0.9981584858204765f,-0.2707809075305374f,0f,0f,0f,1f], start_interpolation: 0, interpolation_duration: 1 }