# This file was generated by Animated Java via MC-Build. It is not recommended to edit this file directly.
$data merge entity $(bone_right_forearm) { transformation: [1f,1.5192577686904563e-33f,-1.736519575750839e-32f,-0.3125f,-6.162975822039155e-33f,0.999909877856721f,0.013425206313397414f,0.8036781150768575f,0f,-0.013425206313397518f,0.9999098778567211f,0.4038315828234869f,0f,0f,0f,1f], start_interpolation: 0, interpolation_duration: 1 }
$data merge entity $(bone_right_arm) { transformation: [1f,1.5192577686904563e-33f,-1.736519575750839e-32f,-0.3125f,-6.162975822039155e-33f,0.999909877856721f,0.013425206313397414f,1.0536555845410378f,0f,-0.013425206313397518f,0.9999098778567211f,0.40047528124513754f,0f,0f,0f,1f], start_interpolation: 0, interpolation_duration: 1 }
$data merge entity $(bone_left_forearm) { transformation: [1f,1.5192577686904563e-33f,-1.736519575750839e-32f,0.3125f,-6.162975822039155e-33f,0.999909877856721f,0.013425206313397414f,0.8036781150768575f,0f,-0.013425206313397518f,0.9999098778567211f,0.4038315828234869f,0f,0f,0f,1f], start_interpolation: 0, interpolation_duration: 1 }
$data merge entity $(bone_left_arm) { transformation: [1f,1.5192577686904563e-33f,-1.736519575750839e-32f,0.3125f,-6.162975822039155e-33f,0.999909877856721f,0.013425206313397414f,1.0536555845410378f,0f,-0.013425206313397518f,0.9999098778567211f,0.40047528124513754f,0f,0f,0f,1f], start_interpolation: 0, interpolation_duration: 1 }
$data merge entity $(bone_head) { transformation: [1f,-1.4279071783346797e-32f,9.998313701336986e-33f,2.1575027538039834e-17f,-6.162975822039155e-33f,-0.6324453755953773f,-0.7746049618276546f,1.0572198273400646f,0f,0.7746049618276548f,-0.6324453755953773f,0.462873567866403f,0f,0f,0f,1f], start_interpolation: 0, interpolation_duration: 1 }
$data merge entity $(bone_torso) { transformation: [1f,-1.728239884583927e-32f,-2.275270972356267e-33f,2.1575027538039846e-17f,-6.162975822039155e-33f,0.05702788478442722f,-0.9983725859402461f,1.0180131565507708f,0f,0.9983725859402462f,0.05702788478442733f,-0.22350758496751633f,0f,0f,0f,1f], start_interpolation: 0, interpolation_duration: 1 }
$data merge entity $(bone_upper_body) { transformation: [1f,-1.728239884583927e-32f,-2.275270972356267e-33f,2.1575027538039846e-17f,-6.162975822039155e-33f,0.05702788478442722f,-0.9983725859402461f,1.0180131565507708f,0f,0.9983725859402462f,0.05702788478442733f,-0.22350758496751633f,0f,0f,0f,1f], start_interpolation: 0, interpolation_duration: 1 }
$data merge entity $(bone_right_lower_leg) { transformation: [1f,2.275270972356267e-33f,-1.728239884583927e-32f,-0.12499999999999997f,-6.162975822039155e-33f,0.9983725859402461f,0.05702788478442722f,0.6068914001678518f,0f,-0.05702788478442733f,0.9983725859402462f,-0.24472283219514118f,0f,0f,0f,1f], start_interpolation: 0, interpolation_duration: 1 }
$data merge entity $(bone_right_leg) { transformation: [1f,2.275270972356267e-33f,-1.728239884583927e-32f,-0.12499999999999997f,-6.162975822039155e-33f,0.9983725859402461f,0.05702788478442722f,0.9812811198954441f,0f,-0.05702788478442733f,0.9983725859402462f,-0.26610828898930144f,0f,0f,0f,1f], start_interpolation: 0, interpolation_duration: 1 }
$data merge entity $(bone_left_lower_leg) { transformation: [1f,2.275270972356267e-33f,-1.728239884583927e-32f,0.12500000000000003f,-6.162975822039155e-33f,0.9983725859402461f,0.05702788478442722f,0.6068914001678518f,0f,-0.05702788478442733f,0.9983725859402462f,-0.24472283219514118f,0f,0f,0f,1f], start_interpolation: 0, interpolation_duration: 1 }
$data merge entity $(bone_left_leg) { transformation: [1f,2.275270972356267e-33f,-1.728239884583927e-32f,0.12500000000000003f,-6.162975822039155e-33f,0.9983725859402461f,0.05702788478442722f,0.9812811198954441f,0f,-0.05702788478442733f,0.9983725859402462f,-0.26610828898930144f,0f,0f,0f,1f], start_interpolation: 0, interpolation_duration: 1 }