# This file was generated by Animated Java via MC-Build. It is not recommended to edit this file directly.
$data merge entity $(bone_right_forearm) { transformation: [1f,9.442226763099421e-33f,-7.922968994408965e-33f,-0.3125f,0f,0.9999475611492228f,0.010240847216976955f,0.7997660110066795f,0f,-0.010240847216976955f,0.9999475611492228f,0.40938727517777906f,0f,0f,0f,1f], start_interpolation: 0, interpolation_duration: 1 }
$data merge entity $(bone_right_arm) { transformation: [1f,9.442226763099421e-33f,-7.922968994408965e-33f,-0.3125f,0f,0.9999475611492228f,0.010240847216976955f,1.0497529012939852f,0f,-0.010240847216976955f,0.9999475611492228f,0.4068270633735348f,0f,0f,0f,1f], start_interpolation: 0, interpolation_duration: 1 }
$data merge entity $(bone_left_forearm) { transformation: [1f,9.442226763099421e-33f,-7.922968994408965e-33f,0.3125f,0f,0.9999475611492228f,0.010240847216976955f,0.7997660110066795f,0f,-0.010240847216976955f,0.9999475611492228f,0.40938727517777906f,0f,0f,0f,1f], start_interpolation: 0, interpolation_duration: 1 }
$data merge entity $(bone_left_arm) { transformation: [1f,9.442226763099421e-33f,-7.922968994408965e-33f,0.3125f,0f,0.9999475611492228f,0.010240847216976955f,1.0497529012939852f,0f,-0.010240847216976955f,0.9999475611492228f,0.4068270633735348f,0f,0f,0f,1f], start_interpolation: 0, interpolation_duration: 1 }
$data merge entity $(bone_head) { transformation: [1f,-1.2138692742341893e-32f,-2.1403790410049047e-33f,2.079478381843002e-17f,0f,-0.6349089585395978f,-0.7725869623325023f,1.0531184138073855f,0f,0.7725869623325023f,-0.6349089585395978f,0.469236384196006f,0f,0f,0f,1f], start_interpolation: 0, interpolation_duration: 1 }
$data merge entity $(bone_torso) { transformation: [1f,-7.503563936741501e-33f,-9.778834909097769e-33f,2.0794783818430025e-17f,0f,0.053848200214403175f,-0.9985491331595404f,1.0160977761599832f,0f,0.9985491331595404f,0.053848200214403175f,-0.21726614485117804f,0f,0f,0f,1f], start_interpolation: 0, interpolation_duration: 1 }
$data merge entity $(bone_upper_body) { transformation: [1f,-7.503563936741501e-33f,-9.778834909097769e-33f,2.0794783818430025e-17f,0f,0.053848200214403175f,-0.9985491331595404f,1.0160977761599832f,0f,0.9985491331595404f,0.053848200214403175f,-0.21726614485117804f,0f,0f,0f,1f], start_interpolation: 0, interpolation_duration: 1 }
$data merge entity $(bone_right_lower_leg) { transformation: [1f,9.778834909097769e-33f,-7.503563936741501e-33f,-0.12499999999999999f,0f,0.9985491331595404f,0.053848200214403175f,0.6050456660956713f,0f,-0.053848200214403175f,0.9985491331595404f,-0.23979053381030646f,0f,0f,0f,1f], start_interpolation: 0, interpolation_duration: 1 }
$data merge entity $(bone_right_leg) { transformation: [1f,9.778834909097769e-33f,-7.503563936741501e-33f,-0.12499999999999999f,0f,0.9985491331595404f,0.053848200214403175f,0.9795015910304989f,0f,-0.053848200214403175f,0.9985491331595404f,-0.25998360889070765f,0f,0f,0f,1f], start_interpolation: 0, interpolation_duration: 1 }
$data merge entity $(bone_left_lower_leg) { transformation: [1f,9.778834909097769e-33f,-7.503563936741501e-33f,0.12500000000000003f,0f,0.9985491331595404f,0.053848200214403175f,0.6050456660956713f,0f,-0.053848200214403175f,0.9985491331595404f,-0.23979053381030646f,0f,0f,0f,1f], start_interpolation: 0, interpolation_duration: 1 }
$data merge entity $(bone_left_leg) { transformation: [1f,9.778834909097769e-33f,-7.503563936741501e-33f,0.12500000000000003f,0f,0.9985491331595404f,0.053848200214403175f,0.9795015910304989f,0f,-0.053848200214403175f,0.9985491331595404f,-0.25998360889070765f,0f,0f,0f,1f], start_interpolation: 0, interpolation_duration: 1 }