# This file was generated by Animated Java via MC-Build. It is not recommended to edit this file directly.
$data merge entity $(bone_right_forearm) { transformation: [1f,0f,0f,-0.3125f,-6.162975822039155e-33f,0.9999718737581524f,0.007500112839795514f,0.7956540003662083f,0f,-0.007500112839795514f,0.9999718737581524f,0.4164677096040087f,0f,0f,0f,1f], start_interpolation: 0, interpolation_duration: 1 }
$data merge entity $(bone_right_arm) { transformation: [1f,0f,0f,-0.3125f,-6.162975822039155e-33f,0.9999718737581524f,0.007500112839795514f,1.0456469688057464f,0f,-0.007500112839795514f,0.9999718737581524f,0.4145926813940598f,0f,0f,0f,1f], start_interpolation: 0, interpolation_duration: 1 }
$data merge entity $(bone_left_forearm) { transformation: [1f,0f,0f,0.3125f,-6.162975822039155e-33f,0.9999718737581524f,0.007500112839795514f,0.7956540003662083f,0f,-0.007500112839795514f,0.9999718737581524f,0.4164677096040087f,0f,0f,0f,1f], start_interpolation: 0, interpolation_duration: 1 }
$data merge entity $(bone_left_arm) { transformation: [1f,0f,0f,0.3125f,-6.162975822039155e-33f,0.9999718737581524f,0.007500112839795514f,1.0456469688057464f,0f,-0.007500112839795514f,0.9999718737581524f,0.4145926813940598f,0f,0f,0f,1f], start_interpolation: 0, interpolation_duration: 1 }
$data merge entity $(bone_head) { transformation: [1f,0f,0f,1.9841152605573567e-17f,-6.162975822039155e-33f,-0.637024110723082f,-0.7708438767723764f,1.0488414147376313f,0f,0.7708438767723764f,-0.637024110723082f,0.4770109921304796f,0f,0f,0f,1f], start_interpolation: 0, interpolation_duration: 1 }
$data merge entity $(bone_torso) { transformation: [1f,0f,0f,1.9841152605573567e-17f,-6.162975822039155e-33f,0.05111113491015856f,-0.9986929717827173f,1.0137025094868972f,0f,0.9986929717827173f,0.05111113491015856f,-0.20959042597013852f,0f,0f,0f,1f], start_interpolation: 0, interpolation_duration: 1 }
$data merge entity $(bone_upper_body) { transformation: [1f,0f,0f,1.9841152605573567e-17f,-6.162975822039155e-33f,0.05111113491015856f,-0.9986929717827173f,1.0137025094868972f,0f,0.9986929717827173f,0.05111113491015856f,-0.20959042597013852f,0f,0f,0f,1f], start_interpolation: 0, interpolation_duration: 1 }
$data merge entity $(bone_right_lower_leg) { transformation: [1f,0f,0f,-0.12499999999999999f,-6.162975822039155e-33f,0.9986929717827173f,0.05111113491015856f,0.6027136791167896f,0f,-0.05111113491015856f,0.9986929717827173f,-0.23324135824174969f,0f,0f,0f,1f], start_interpolation: 0, interpolation_duration: 1 }
$data merge entity $(bone_right_leg) { transformation: [1f,0f,0f,-0.12499999999999999f,-6.162975822039155e-33f,0.9986929717827173f,0.05111113491015856f,0.9772235435353086f,0f,-0.05111113491015856f,0.9986929717827173f,-0.25240803383305915f,0f,0f,0f,1f], start_interpolation: 0, interpolation_duration: 1 }
$data merge entity $(bone_left_lower_leg) { transformation: [1f,0f,0f,0.12500000000000003f,-6.162975822039155e-33f,0.9986929717827173f,0.05111113491015856f,0.6027136791167896f,0f,-0.05111113491015856f,0.9986929717827173f,-0.23324135824174969f,0f,0f,0f,1f], start_interpolation: 0, interpolation_duration: 1 }
$data merge entity $(bone_left_leg) { transformation: [1f,0f,0f,0.12500000000000003f,-6.162975822039155e-33f,0.9986929717827173f,0.05111113491015856f,0.9772235435353086f,0f,-0.05111113491015856f,0.9986929717827173f,-0.25240803383305915f,0f,0f,0f,1f], start_interpolation: 0, interpolation_duration: 1 }