# This file was generated by Animated Java via MC-Build. It is not recommended to edit this file directly.
$data merge entity $(bone_right_forearm) { transformation: [0.9999999999999998f,-1.5192577686904563e-33f,1.736519575750839e-32f,-0.31249999999999994f,0f,0.999986508005082f,0.005194594094051819f,0.7913362643301964f,-2.465190328815662e-32f,-0.005194594094051597f,0.9999865080050819f,0.42507280397558256f,0f,0f,0f,1f], start_interpolation: 0, interpolation_duration: 1 }
$data merge entity $(bone_right_arm) { transformation: [0.9999999999999998f,-1.5192577686904563e-33f,1.736519575750839e-32f,-0.31249999999999994f,0f,0.999986508005082f,0.005194594094051819f,1.041332891331467f,-2.465190328815662e-32f,-0.005194594094051597f,0.9999865080050819f,0.42377415545206965f,0f,0f,0f,1f], start_interpolation: 0, interpolation_duration: 1 }
$data merge entity $(bone_left_forearm) { transformation: [0.9999999999999998f,-1.5192577686904563e-33f,1.736519575750839e-32f,0.31249999999999994f,0f,0.999986508005082f,0.005194594094051819f,0.7913362643301964f,-2.465190328815662e-32f,-0.005194594094051597f,0.9999865080050819f,0.42507280397558256f,0f,0f,0f,1f], start_interpolation: 0, interpolation_duration: 1 }
$data merge entity $(bone_left_arm) { transformation: [0.9999999999999998f,-1.5192577686904563e-33f,1.736519575750839e-32f,0.31249999999999994f,0f,0.999986508005082f,0.005194594094051819f,1.041332891331467f,-2.465190328815662e-32f,-0.005194594094051597f,0.9999865080050819f,0.42377415545206965f,0f,0f,0f,1f], start_interpolation: 0, interpolation_duration: 1 }
$data merge entity $(bone_head) { transformation: [0.9999999999999998f,1.4279071783346797e-32f,-9.998313701336986e-33f,1.8714133899470503e-17f,0f,-0.638799647259369f,-0.7693731283722519f,1.0443834193842347f,-2.465190328815662e-32f,0.7693731283722518f,-0.6387996472593691f,0.48619966529059055f,0f,0f,0f,1f], start_interpolation: 0, interpolation_duration: 1 }
$data merge entity $(bone_torso) { transformation: [0.9999999999999998f,1.728239884583927e-32f,2.275270972356267e-33f,1.871413389947049e-17f,0f,0.04880844884428531f,-0.9988081574163352f,1.0108276108037886f,-2.465190328815662e-32f,0.9988081574163351f,0.04880844884428509f,-0.2004809429331398f,0f,0f,0f,1f], start_interpolation: 0, interpolation_duration: 1 }
$data merge entity $(bone_upper_body) { transformation: [0.9999999999999998f,1.728239884583927e-32f,2.275270972356267e-33f,1.871413389947049e-17f,0f,0.04880844884428531f,-0.9988081574163352f,1.0108276108037886f,-2.465190328815662e-32f,0.9988081574163351f,0.04880844884428509f,-0.2004809429331398f,0f,0f,0f,1f], start_interpolation: 0, interpolation_duration: 1 }
$data merge entity $(bone_right_lower_leg) { transformation: [0.9999999999999998f,-2.275270972356267e-33f,1.728239884583927e-32f,-0.12499999999999996f,0f,0.9988081574163352f,0.04880844884428531f,0.5998944014960726f,-2.465190328815662e-32f,-0.04880844884428509f,0.9988081574163351f,-0.22507937325635874f,0f,0f,0f,1f], start_interpolation: 0, interpolation_duration: 1 }
$data merge entity $(bone_right_leg) { transformation: [0.9999999999999998f,-2.275270972356267e-33f,1.728239884583927e-32f,-0.12499999999999996f,0f,0.9988081574163352f,0.04880844884428531f,0.9744474605271983f,-2.465190328815662e-32f,-0.04880844884428509f,0.9988081574163351f,-0.24338254157296565f,0f,0f,0f,1f], start_interpolation: 0, interpolation_duration: 1 }
$data merge entity $(bone_left_lower_leg) { transformation: [0.9999999999999998f,-2.275270972356267e-33f,1.728239884583927e-32f,0.12499999999999999f,0f,0.9988081574163352f,0.04880844884428531f,0.5998944014960726f,-2.465190328815662e-32f,-0.04880844884428509f,0.9988081574163351f,-0.22507937325635874f,0f,0f,0f,1f], start_interpolation: 0, interpolation_duration: 1 }
$data merge entity $(bone_left_leg) { transformation: [0.9999999999999998f,-2.275270972356267e-33f,1.728239884583927e-32f,0.12499999999999999f,0f,0.9988081574163352f,0.04880844884428531f,0.9744474605271983f,-2.465190328815662e-32f,-0.04880844884428509f,0.9988081574163351f,-0.24338254157296565f,0f,0f,0f,1f], start_interpolation: 0, interpolation_duration: 1 }