# This file was generated by Animated Java via MC-Build. It is not recommended to edit this file directly.
$data merge entity $(bone_right_forearm) { transformation: [1f,-9.442226763099421e-33f,7.922968994408965e-33f,-0.3125f,0f,0.9999944975125155f,0.003317370146906508f,0.7868080152730643f,0f,-0.003317370146906508f,0.9999944975125155f,0.4352024876881223f,0f,0f,0f,1f], start_interpolation: 0, interpolation_duration: 1 }
$data merge entity $(bone_right_arm) { transformation: [1f,-9.442226763099421e-33f,7.922968994408965e-33f,-0.3125f,0f,0.9999944975125155f,0.003317370146906508f,1.0368066396511932f,0f,-0.003317370146906508f,0.9999944975125155f,0.4343731451513957f,0f,0f,0f,1f], start_interpolation: 0, interpolation_duration: 1 }
$data merge entity $(bone_left_forearm) { transformation: [1f,-9.442226763099421e-33f,7.922968994408965e-33f,0.3125f,0f,0.9999944975125155f,0.003317370146906508f,0.7868080152730643f,0f,-0.003317370146906508f,0.9999944975125155f,0.4352024876881223f,0f,0f,0f,1f], start_interpolation: 0, interpolation_duration: 1 }
$data merge entity $(bone_left_arm) { transformation: [1f,-9.442226763099421e-33f,7.922968994408965e-33f,0.3125f,0f,0.9999944975125155f,0.003317370146906508f,1.0368066396511932f,0f,-0.003317370146906508f,0.9999944975125155f,0.4343731451513957f,0f,0f,0f,1f], start_interpolation: 0, interpolation_duration: 1 }
$data merge entity $(bone_head) { transformation: [1f,1.2138692742341893e-32f,2.1403790410049047e-33f,1.741372770012079e-17f,0f,-0.6402428197889553f,-0.7681725923961928f,1.0397399746571807f,0f,0.7681725923961928f,-0.6402428197889553f,0.4968042715687738f,0f,0f,0f,1f], start_interpolation: 0, interpolation_duration: 1 }
$data merge entity $(bone_torso) { transformation: [1f,7.503563936741501e-33f,9.778834909097769e-33f,1.7413727700120783e-17f,0f,0.046933360095798515f,-0.99889802267805f,1.0074732895913192f,0f,0.99889802267805f,0.046933360095798515f,-0.18993811902238553f,0f,0f,0f,1f], start_interpolation: 0, interpolation_duration: 1 }
$data merge entity $(bone_upper_body) { transformation: [1f,7.503563936741501e-33f,9.778834909097769e-33f,1.7413727700120783e-17f,0f,0.046933360095798515f,-0.99889802267805f,1.0074732895913192f,0f,0.99889802267805f,0.046933360095798515f,-0.18993811902238553f,0f,0f,0f,1f], start_interpolation: 0, interpolation_duration: 1 }
$data merge entity $(bone_right_lower_leg) { transformation: [1f,-9.778834909097769e-33f,7.503563936741501e-33f,-0.12499999999999999f,0f,0.99889802267805f,0.046933360095798515f,0.596586981515156f,0f,-0.046933360095798515f,0.99889802267805f,-0.21530792631068968f,0f,0f,0f,1f], start_interpolation: 0, interpolation_duration: 1 }
$data merge entity $(bone_right_leg) { transformation: [1f,-9.778834909097769e-33f,7.503563936741501e-33f,-0.12499999999999999f,0f,0.99889802267805f,0.046933360095798515f,0.9711737400194247f,0f,-0.046933360095798515f,0.99889802267805f,-0.2329079363466141f,0f,0f,0f,1f], start_interpolation: 0, interpolation_duration: 1 }
$data merge entity $(bone_left_lower_leg) { transformation: [1f,-9.778834909097769e-33f,7.503563936741501e-33f,0.12500000000000003f,0f,0.99889802267805f,0.046933360095798515f,0.596586981515156f,0f,-0.046933360095798515f,0.99889802267805f,-0.21530792631068968f,0f,0f,0f,1f], start_interpolation: 0, interpolation_duration: 1 }
$data merge entity $(bone_left_leg) { transformation: [1f,-9.778834909097769e-33f,7.503563936741501e-33f,0.12500000000000003f,0f,0.99889802267805f,0.046933360095798515f,0.9711737400194247f,0f,-0.046933360095798515f,0.99889802267805f,-0.2329079363466141f,0f,0f,0f,1f], start_interpolation: 0, interpolation_duration: 1 }