# This file was generated by Animated Java via MC-Build. It is not recommended to edit this file directly.
$data merge entity $(bone_right_forearm) { transformation: [1f,0f,0f,-0.3125f,0f,0.9999982647885541f,0.0018629062995885806f,0.7820654253828236f,0f,-0.0018629062995884835f,0.999998264788554f,0.44685670224450597f,0f,0f,0f,1f], start_interpolation: 0, interpolation_duration: 1 }
$data merge entity $(bone_right_arm) { transformation: [1f,0f,0f,-0.3125f,0f,0.9999982647885541f,0.0018629062995885806f,1.0320649915799622f,0f,-0.0018629062995884835f,0.999998264788554f,0.44639097566960884f,0f,0f,0f,1f], start_interpolation: 0, interpolation_duration: 1 }
$data merge entity $(bone_left_forearm) { transformation: [1f,0f,0f,0.3125f,0f,0.9999982647885541f,0.0018629062995885806f,0.7820654253828236f,0f,-0.0018629062995884835f,0.999998264788554f,0.44685670224450597f,0f,0f,0f,1f], start_interpolation: 0, interpolation_duration: 1 }
$data merge entity $(bone_left_arm) { transformation: [1f,0f,0f,0.3125f,0f,0.9999982647885541f,0.0018629062995885806f,1.0320649915799622f,0f,-0.0018629062995884835f,0.999998264788554f,0.44639097566960884f,0f,0f,0f,1f], start_interpolation: 0, interpolation_duration: 1 }
$data merge entity $(bone_head) { transformation: [1f,0f,0f,1.593993400752444e-17f,0f,-0.6413594252952705f,-0.7672405669572747f,1.0349075193863406f,0f,0.7672405669572747f,-0.6413594252952705f,0.5088263024940115f,0f,0f,0f,1f], start_interpolation: 0, interpolation_duration: 1 }
$data merge entity $(bone_torso) { transformation: [1f,0f,0f,1.593993400752444e-17f,0f,0.045480444902053274f,-0.9989652291904415f,1.003639713516179f,0f,0.9989652291904414f,0.04548044490205316f,-0.177962292574417f,0f,0f,0f,1f], start_interpolation: 0, interpolation_duration: 1 }
$data merge entity $(bone_upper_body) { transformation: [1f,0f,0f,1.593993400752444e-17f,0f,0.045480444902053274f,-0.9989652291904415f,1.003639713516179f,0f,0.9989652291904414f,0.04548044490205316f,-0.177962292574417f,0f,0f,0f,1f], start_interpolation: 0, interpolation_duration: 1 }
$data merge entity $(bone_right_lower_leg) { transformation: [1f,0f,0f,-0.12499999999999999f,0f,0.9989652291904415f,0.045480444902053274f,0.5927907396322837f,0f,-0.04548044490205316f,0.9989652291904414f,-0.20392969415516324f,0f,0f,0f,1f], start_interpolation: 0, interpolation_duration: 1 }
$data merge entity $(bone_right_leg) { transformation: [1f,0f,0f,-0.12499999999999999f,0f,0.9989652291904415f,0.045480444902053274f,0.9674027005786993f,0f,-0.04548044490205316f,0.9989652291904414f,-0.22098486099343317f,0f,0f,0f,1f], start_interpolation: 0, interpolation_duration: 1 }
$data merge entity $(bone_left_lower_leg) { transformation: [1f,0f,0f,0.12500000000000003f,0f,0.9989652291904415f,0.045480444902053274f,0.5927907396322837f,0f,-0.04548044490205316f,0.9989652291904414f,-0.20392969415516324f,0f,0f,0f,1f], start_interpolation: 0, interpolation_duration: 1 }
$data merge entity $(bone_left_leg) { transformation: [1f,0f,0f,0.12500000000000003f,0f,0.9989652291904415f,0.045480444902053274f,0.9674027005786993f,0f,-0.04548044490205316f,0.9989652291904414f,-0.22098486099343317f,0f,0f,0f,1f], start_interpolation: 0, interpolation_duration: 1 }