# This file was generated by Animated Java via MC-Build. It is not recommended to edit this file directly.
$data merge entity $(bone_right_forearm) { transformation: [1f,-1.5192577686904563e-33f,1.736519575750839e-32f,-0.3125f,0f,0.9999996580561614f,0.0008269749452268702f,0.7771055714082464f,0f,-0.0008269749452268702f,0.9999996580561614f,0.4600354017068048f,0f,0f,0f,1f], start_interpolation: 0, interpolation_duration: 1 }
$data merge entity $(bone_right_arm) { transformation: [1f,-1.5192577686904563e-33f,1.736519575750839e-32f,-0.3125f,0f,0.9999996580561614f,0.0008269749452268702f,1.0271054859222868f,0f,-0.0008269749452268702f,0.9999996580561614f,0.4598286579704981f,0f,0f,0f,1f], start_interpolation: 0, interpolation_duration: 1 }
$data merge entity $(bone_left_forearm) { transformation: [1f,-1.5192577686904563e-33f,1.736519575750839e-32f,0.3125f,0f,0.9999996580561614f,0.0008269749452268702f,0.7771055714082464f,0f,-0.0008269749452268702f,0.9999996580561614f,0.4600354017068048f,0f,0f,0f,1f], start_interpolation: 0, interpolation_duration: 1 }
$data merge entity $(bone_left_arm) { transformation: [1f,-1.5192577686904563e-33f,1.736519575750839e-32f,0.3125f,0f,0.9999996580561614f,0.0008269749452268702f,1.0271054859222868f,0f,-0.0008269749452268702f,0.9999996580561614f,0.4598286579704981f,0f,0f,0f,1f], start_interpolation: 0, interpolation_duration: 1 }
$data merge entity $(bone_head) { transformation: [1f,1.4279071783346797e-32f,-9.998313701336986e-33f,1.4292752821681494e-17f,0f,-0.642153890327887f,-0.7665757504231138f,1.0298833334409292f,0f,0.7665757504231138f,-0.642153890327887f,0.5222668959594354f,0f,0f,0f,1f], start_interpolation: 0, interpolation_duration: 1 }
$data merge entity $(bone_torso) { transformation: [1f,1.728239884583927e-32f,2.275270972356267e-33f,1.4292752821681482e-17f,0f,0.04444556029827679f,-0.9990118078229967f,0.9993270107358638f,0f,0.9990118078229967f,0.04444556029827679f,-0.16455372191887485f,0f,0f,0f,1f], start_interpolation: 0, interpolation_duration: 1 }
$data merge entity $(bone_upper_body) { transformation: [1f,1.728239884583927e-32f,2.275270972356267e-33f,1.4292752821681482e-17f,0f,0.04444556029827679f,-0.9990118078229967f,0.9993270107358638f,0f,0.9990118078229967f,0.04444556029827679f,-0.16455372191887485f,0f,0f,0f,1f], start_interpolation: 0, interpolation_duration: 1 }
$data merge entity $(bone_right_lower_leg) { transformation: [1f,-2.275270972356267e-33f,1.728239884583927e-32f,-0.12499999999999999f,0f,0.9990118078229967f,0.04444556029827679f,0.5885051577706402f,0f,-0.04444556029827679f,0.9990118078229967f,-0.190946721227886f,0f,0f,0f,1f], start_interpolation: 0, interpolation_duration: 1 }
$data merge entity $(bone_right_leg) { transformation: [1f,-2.275270972356267e-33f,1.728239884583927e-32f,-0.12499999999999999f,0f,0.9990118078229967f,0.04444556029827679f,0.9631345857042639f,0f,-0.04444556029827679f,0.9990118078229967f,-0.2076138063397398f,0f,0f,0f,1f], start_interpolation: 0, interpolation_duration: 1 }
$data merge entity $(bone_left_lower_leg) { transformation: [1f,-2.275270972356267e-33f,1.728239884583927e-32f,0.12500000000000003f,0f,0.9990118078229967f,0.04444556029827679f,0.5885051577706402f,0f,-0.04444556029827679f,0.9990118078229967f,-0.190946721227886f,0f,0f,0f,1f], start_interpolation: 0, interpolation_duration: 1 }
$data merge entity $(bone_left_leg) { transformation: [1f,-2.275270972356267e-33f,1.728239884583927e-32f,0.12500000000000003f,0f,0.9990118078229967f,0.04444556029827679f,0.9631345857042639f,0f,-0.04444556029827679f,0.9990118078229967f,-0.2076138063397398f,0f,0f,0f,1f], start_interpolation: 0, interpolation_duration: 1 }