# This file was generated by Animated Java via MC-Build. It is not recommended to edit this file directly.
$data merge entity $(bone_right_forearm) { transformation: [1f,-1.8884453526198843e-32f,1.584593798881793e-32f,-0.3125f,0f,0.9999999786588915f,0.0002065967492214174f,0.7719263935424412f,-2.465190328815662e-32f,-0.0002065967492214174f,0.9999999786588915f,0.4747385530320416f,0f,0f,0f,1f], start_interpolation: 0, interpolation_duration: 1 }
$data merge entity $(bone_right_arm) { transformation: [1f,-1.8884453526198843e-32f,1.584593798881793e-32f,-0.3125f,0f,0.9999999786588915f,0.0002065967492214174f,1.021926388207164f,-2.465190328815662e-32f,-0.0002065967492214174f,0.9999999786588915f,0.4746869038447362f,0f,0f,0f,1f], start_interpolation: 0, interpolation_duration: 1 }
$data merge entity $(bone_left_forearm) { transformation: [1f,-1.8884453526198843e-32f,1.584593798881793e-32f,0.3125f,0f,0.9999999786588915f,0.0002065967492214174f,0.7719263935424412f,-2.465190328815662e-32f,-0.0002065967492214174f,0.9999999786588915f,0.4747385530320416f,0f,0f,0f,1f], start_interpolation: 0, interpolation_duration: 1 }
$data merge entity $(bone_left_arm) { transformation: [1f,-1.8884453526198843e-32f,1.584593798881793e-32f,0.3125f,0f,0.9999999786588915f,0.0002065967492214174f,1.021926388207164f,-2.465190328815662e-32f,-0.0002065967492214174f,0.9999999786588915f,0.4746869038447362f,0f,0f,0f,1f], start_interpolation: 0, interpolation_duration: 1 }
$data merge entity $(bone_head) { transformation: [1f,2.4277385484683785e-32f,4.2807580820098094e-33f,1.2472184142591886e-17f,0f,-0.6426293336770316f,-0.7661772246013415f,1.0246654998664981f,-2.465190328815662e-32f,0.7661772246013415f,-0.6426293336770316f,0.5371268531345755f,0f,0f,0f,1f], start_interpolation: 0, interpolation_duration: 1 }
$data merge entity $(bone_torso) { transformation: [1f,1.5007127873483003e-32f,1.9557669818195537e-32f,1.2472184142591876e-17f,0f,0.04382578654934405f,-0.9990391886374285f,0.994535271613824f,-2.465190328815662e-32f,0.9990391886374285f,0.04382578654934405f,-0.14971258905365656f,0f,0f,0f,1f], start_interpolation: 0, interpolation_duration: 1 }
$data merge entity $(bone_upper_body) { transformation: [1f,1.5007127873483003e-32f,1.9557669818195537e-32f,1.2472184142591876e-17f,0f,0.04382578654934405f,-0.9990391886374285f,0.994535271613824f,-2.465190328815662e-32f,0.9990391886374285f,0.04382578654934405f,-0.14971258905365656f,0f,0f,0f,1f], start_interpolation: 0, interpolation_duration: 1 }
$data merge entity $(bone_right_lower_leg) { transformation: [1f,-1.9557669818195537e-32f,1.5007127873483003e-32f,-0.12499999999999999f,0f,0.9990391886374285f,0.04382578654934405f,0.5837298713476383f,-2.465190328815662e-32f,-0.04382578654934405f,0.9990391886374285f,-0.17636044822553537f,0f,0f,0f,1f], start_interpolation: 0, interpolation_duration: 1 }
$data merge entity $(bone_right_leg) { transformation: [1f,-1.9557669818195537e-32f,1.5007127873483003e-32f,-0.12499999999999999f,0f,0.9990391886374285f,0.04382578654934405f,0.958369567086674f,-2.465190328815662e-32f,-0.04382578654934405f,0.9990391886374285f,-0.19279511818153938f,0f,0f,0f,1f], start_interpolation: 0, interpolation_duration: 1 }
$data merge entity $(bone_left_lower_leg) { transformation: [1f,-1.9557669818195537e-32f,1.5007127873483003e-32f,0.125f,0f,0.9990391886374285f,0.04382578654934405f,0.5837298713476383f,-2.465190328815662e-32f,-0.04382578654934405f,0.9990391886374285f,-0.17636044822553537f,0f,0f,0f,1f], start_interpolation: 0, interpolation_duration: 1 }
$data merge entity $(bone_left_leg) { transformation: [1f,-1.9557669818195537e-32f,1.5007127873483003e-32f,0.125f,0f,0.9990391886374285f,0.04382578654934405f,0.958369567086674f,-2.465190328815662e-32f,-0.04382578654934405f,0.9990391886374285f,-0.19279511818153938f,0f,0f,0f,1f], start_interpolation: 0, interpolation_duration: 1 }