# This file was generated by Animated Java via MC-Build. It is not recommended to edit this file directly.
$data merge entity $(bone_right_forearm) { transformation: [1f,0f,0f,-0.3125f,6.162975822039155e-33f,1f,6.245004513516506e-17f,0.7665266670081303f,0f,-6.245004513516506e-17f,1f,0.4909661363039291f,0f,0f,0f,1f], start_interpolation: 0, interpolation_duration: 1 }
$data merge entity $(bone_right_arm) { transformation: [1f,0f,0f,-0.3125f,6.162975822039155e-33f,1f,6.245004513516506e-17f,1.0165266670081303f,0f,-6.245004513516506e-17f,1f,0.4909661363039291f,0f,0f,0f,1f], start_interpolation: 0, interpolation_duration: 1 }
$data merge entity $(bone_left_forearm) { transformation: [1f,0f,0f,0.3125f,6.162975822039155e-33f,1f,6.245004513516506e-17f,0.7665266670081303f,0f,-6.245004513516506e-17f,1f,0.4909661363039291f,0f,0f,0f,1f], start_interpolation: 0, interpolation_duration: 1 }
$data merge entity $(bone_left_arm) { transformation: [1f,0f,0f,0.3125f,6.162975822039155e-33f,1f,6.245004513516506e-17f,1.0165266670081303f,0f,-6.245004513516506e-17f,1f,0.4909661363039291f,0f,0f,0f,1f], start_interpolation: 0, interpolation_duration: 1 }
$data merge entity $(bone_head) { transformation: [1f,0f,0f,1.0478227970255663e-17f,6.162975822039155e-33f,-0.6427876096865391f,-0.7660444431189781f,1.0192528787184638f,0f,0.7660444431189781f,-0.6427876096865391f,0.5534066501527952f,0f,0f,0f,1f], start_interpolation: 0, interpolation_duration: 1 }
$data merge entity $(bone_torso) { transformation: [1f,0f,0f,1.0478227970255663e-17f,6.162975822039155e-33f,0.04361938736533594f,-0.9990482215818577f,0.9892645499047954f,0f,0.9990482215818577f,0.04361938736533594f,-0.13343900218473198f,0f,0f,0f,1f], start_interpolation: 0, interpolation_duration: 1 }
$data merge entity $(bone_upper_body) { transformation: [1f,0f,0f,1.0478227970255663e-17f,6.162975822039155e-33f,0.04361938736533594f,-0.9990482215818577f,0.9892645499047954f,0f,0.9990482215818577f,0.04361938736533594f,-0.13343900218473198f,0f,0f,0f,1f], start_interpolation: 0, interpolation_duration: 1 }
$data merge entity $(bone_right_lower_leg) { transformation: [1f,0f,0f,-0.12499999999999999f,6.162975822039155e-33f,0.9990482215818577f,0.04361938736533594f,0.578464663766731f,0f,-0.04361938736533594f,0.9990482215818577f,-0.16017173184817352f,0f,0f,0f,1f], start_interpolation: 0, interpolation_duration: 1 }
$data merge entity $(bone_right_leg) { transformation: [1f,0f,0f,-0.12499999999999999f,6.162975822039155e-33f,0.9990482215818577f,0.04361938736533594f,0.9531077468599276f,0f,-0.04361938736533594f,0.9990482215818577f,-0.1765290021101745f,0f,0f,0f,1f], start_interpolation: 0, interpolation_duration: 1 }
$data merge entity $(bone_left_lower_leg) { transformation: [1f,0f,0f,0.125f,6.162975822039155e-33f,0.9990482215818577f,0.04361938736533594f,0.578464663766731f,0f,-0.04361938736533594f,0.9990482215818577f,-0.16017173184817352f,0f,0f,0f,1f], start_interpolation: 0, interpolation_duration: 1 }
$data merge entity $(bone_left_leg) { transformation: [1f,0f,0f,0.125f,6.162975822039155e-33f,0.9990482215818577f,0.04361938736533594f,0.9531077468599276f,0f,-0.04361938736533594f,0.9990482215818577f,-0.1765290021101745f,0f,0f,0f,1f], start_interpolation: 0, interpolation_duration: 1 }