# This file was generated by Animated Java via MC-Build. It is not recommended to edit this file directly.
$data merge entity $(bone_right_forearm) { transformation: [1f,0f,0f,-0.3125f,0f,0.9999924860320705f,-0.0038765808903530735f,0.7585538916532959f,0f,0.0038765808903530735f,0.9999924860320705f,0.5076403083218006f,0f,0f,0f,1f], start_interpolation: 0, interpolation_duration: 1 }
$data merge entity $(bone_right_arm) { transformation: [1f,0f,0f,-0.3125f,0f,0.9999924860320705f,-0.0038765808903530735f,1.0085520131613135f,0f,0.0038765808903530735f,0.9999924860320705f,0.5086094535443889f,0f,0f,0f,1f], start_interpolation: 0, interpolation_duration: 1 }
$data merge entity $(bone_left_forearm) { transformation: [1f,0f,0f,0.3125f,0f,0.9999924860320705f,-0.0038765808903530735f,0.7585538916532959f,0f,0.0038765808903530735f,0.9999924860320705f,0.5076403083218006f,0f,0f,0f,1f], start_interpolation: 0, interpolation_duration: 1 }
$data merge entity $(bone_left_arm) { transformation: [1f,0f,0f,0.3125f,0f,0.9999924860320705f,-0.0038765808903530735f,1.0085520131613135f,0f,0.0038765808903530735f,0.9999924860320705f,0.5086094535443889f,0f,0f,0f,1f], start_interpolation: 0, interpolation_duration: 1 }
$data merge entity $(bone_head) { transformation: [1f,0f,0f,8.310884304672818e-18f,0f,-0.6457524130504108f,-0.7635468689213334f,1.0110361486842092f,0f,0.7635468689213334f,-0.6457524130504108f,0.5710600665974558f,0f,0f,0f,1f], start_interpolation: 0, interpolation_duration: 1 }
$data merge entity $(bone_torso) { transformation: [1f,0f,0f,8.310884304672818e-18f,0f,0.03974616836633266f,-0.9992098088490701f,0.9837106579323556f,0f,0.9992098088490701f,0.03974616836633266f,-0.1158966769862799f,0f,0f,0f,1f], start_interpolation: 0, interpolation_duration: 1 }
$data merge entity $(bone_upper_body) { transformation: [1f,0f,0f,8.310884304672818e-18f,0f,0.03974616836633266f,-0.9992098088490701f,0.9837106579323556f,0f,0.9992098088490701f,0.03974616836633266f,-0.1158966769862799f,0f,0f,0f,1f], start_interpolation: 0, interpolation_duration: 1 }
$data merge entity $(bone_right_lower_leg) { transformation: [1f,0f,0f,-0.12499999999999999f,0f,0.9992098088490701f,0.03974616836633266f,0.5730174901204212f,0f,-0.03974616836633266f,0.9992098088490701f,-0.14422170476921015f,0f,0f,0f,1f], start_interpolation: 0, interpolation_duration: 1 }
$data merge entity $(bone_right_leg) { transformation: [1f,0f,0f,-0.12499999999999999f,0f,0.9992098088490701f,0.03974616836633266f,0.9477211684388226f,0f,-0.03974616836633266f,0.9992098088490701f,-0.15912651790658489f,0f,0f,0f,1f], start_interpolation: 0, interpolation_duration: 1 }
$data merge entity $(bone_left_lower_leg) { transformation: [1f,0f,0f,0.125f,0f,0.9992098088490701f,0.03974616836633266f,0.5730174901204212f,0f,-0.03974616836633266f,0.9992098088490701f,-0.14422170476921015f,0f,0f,0f,1f], start_interpolation: 0, interpolation_duration: 1 }
$data merge entity $(bone_left_leg) { transformation: [1f,0f,0f,0.125f,0f,0.9992098088490701f,0.03974616836633266f,0.9477211684388226f,0f,-0.03974616836633266f,0.9992098088490701f,-0.15912651790658489f,0f,0f,0f,1f], start_interpolation: 0, interpolation_duration: 1 }