# This file was generated by Animated Java via MC-Build. It is not recommended to edit this file directly.
$data merge entity $(bone_right_forearm) { transformation: [1f,0f,0f,-0.3125f,0f,0.9999906222213495f,-0.0043307585199843165f,0.7520935562497228f,0f,0.0043307585199843165f,0.9999906222213495f,0.5266333453938472f,0f,0f,0f,1f], start_interpolation: 0, interpolation_duration: 1 }
$data merge entity $(bone_right_arm) { transformation: [1f,0f,0f,-0.3125f,0f,0.9999906222213495f,-0.0043307585199843165f,1.0020912118050602f,0f,0.0043307585199843165f,0.9999906222213495f,0.5277160350238432f,0f,0f,0f,1f], start_interpolation: 0, interpolation_duration: 1 }
$data merge entity $(bone_left_forearm) { transformation: [1f,0f,0f,0.3125f,0f,0.9999906222213495f,-0.0043307585199843165f,0.7520935562497228f,0f,0.0043307585199843165f,0.9999906222213495f,0.5266333453938472f,0f,0f,0f,1f], start_interpolation: 0, interpolation_duration: 1 }
$data merge entity $(bone_left_arm) { transformation: [1f,0f,0f,0.3125f,0f,0.9999906222213495f,-0.0043307585199843165f,1.0020912118050602f,0f,0.0043307585199843165f,0.9999906222213495f,0.5277160350238432f,0f,0f,0f,1f], start_interpolation: 0, interpolation_duration: 1 }
$data merge entity $(bone_head) { transformation: [1f,0f,0f,5.970153145843342e-18f,0f,-0.6460991352653406f,-0.7632535014065637f,1.0045469831622407f,0f,0.7632535014065637f,-0.6460991352653406f,0.5901677698839835f,0f,0f,0f,1f], start_interpolation: 0, interpolation_duration: 1 }
$data merge entity $(bone_torso) { transformation: [1f,0f,0f,5.970153145843342e-18f,0f,0.03929234171488549f,-0.9992277577622435f,0.9775334982332569f,0f,0.9992277577622435f,0.03929234171488549f,-0.09680131357755897f,0f,0f,0f,1f], start_interpolation: 0, interpolation_duration: 1 }
$data merge entity $(bone_upper_body) { transformation: [1f,0f,0f,5.970153145843342e-18f,0f,0.03929234171488549f,-0.9992277577622435f,0.9775334982332569f,0f,0.9992277577622435f,0.03929234171488549f,-0.09680131357755897f,0f,0f,0f,1f], start_interpolation: 0, interpolation_duration: 1 }
$data merge entity $(bone_right_lower_leg) { transformation: [1f,0f,0f,-0.125f,0f,0.9992277577622435f,0.03929234171488549f,0.5668532374823466f,0f,-0.03929234171488549f,0.9992277577622435f,-0.12531286765428f,0f,0f,0f,1f], start_interpolation: 0, interpolation_duration: 1 }
$data merge entity $(bone_right_leg) { transformation: [1f,0f,0f,-0.125f,0f,0.9992277577622435f,0.03929234171488549f,0.9415636466431879f,0f,-0.03929234171488549f,0.9992277577622435f,-0.1400474957973621f,0f,0f,0f,1f], start_interpolation: 0, interpolation_duration: 1 }
$data merge entity $(bone_left_lower_leg) { transformation: [1f,0f,0f,0.125f,0f,0.9992277577622435f,0.03929234171488549f,0.5668532374823466f,0f,-0.03929234171488549f,0.9992277577622435f,-0.12531286765428f,0f,0f,0f,1f], start_interpolation: 0, interpolation_duration: 1 }
$data merge entity $(bone_left_leg) { transformation: [1f,0f,0f,0.125f,0f,0.9992277577622435f,0.03929234171488549f,0.9415636466431879f,0f,-0.03929234171488549f,0.9992277577622435f,-0.1400474957973621f,0f,0f,0f,1f], start_interpolation: 0, interpolation_duration: 1 }