# This file was generated by Animated Java via MC-Build. It is not recommended to edit this file directly.
$data merge entity $(bone_right_forearm) { transformation: [1f,-7.922968994408965e-33f,-9.442226763099421e-33f,-0.3125f,0f,0.9998814093901283f,0.01540023233626018f,0.7572987461178136f,0f,-0.01540023233626018f,0.9998814093901283f,0.550871418025512f,0f,0f,0f,1f], start_interpolation: 0, interpolation_duration: 1 }
$data merge entity $(bone_right_arm) { transformation: [1f,-7.922968994408965e-33f,-9.442226763099421e-33f,-0.3125f,0f,0.9998814093901283f,0.01540023233626018f,1.0072690984653456f,0f,-0.01540023233626018f,0.9998814093901283f,0.547021359941447f,0f,0f,0f,1f], start_interpolation: 0, interpolation_duration: 1 }
$data merge entity $(bone_left_forearm) { transformation: [1f,-7.922968994408965e-33f,-9.442226763099421e-33f,0.3125f,0f,0.9998814093901283f,0.01540023233626018f,0.7572987461178136f,0f,-0.01540023233626018f,0.9998814093901283f,0.550871418025512f,0f,0f,0f,1f], start_interpolation: 0, interpolation_duration: 1 }
$data merge entity $(bone_left_arm) { transformation: [1f,-7.922968994408965e-33f,-9.442226763099421e-33f,0.3125f,0f,0.9998814093901283f,0.01540023233626018f,1.0072690984653456f,0f,-0.01540023233626018f,0.9998814093901283f,0.547021359941447f,0f,0f,0f,1f], start_interpolation: 0, interpolation_duration: 1 }
$data merge entity $(bone_head) { transformation: [1f,-2.1403790410049047e-33f,1.2138692742341893e-32f,3.629421987013859e-18f,0f,-0.6309141187079552f,-0.7758526759733217f,1.0109565852930378f,0f,0.7758526759733217f,-0.6309141187079552f,0.609412484637958f,0f,0f,0f,1f], start_interpolation: 0, interpolation_duration: 1 }
$data merge entity $(bone_torso) { transformation: [1f,-9.778834909097769e-33f,7.503563936741501e-33f,3.629421987013866e-18f,0f,0.05899978924307414f,-0.9982579951441776f,0.9703942301884243f,0f,0.9982579951441776f,0.05899978924307414f,-0.07688988702366403f,0f,0f,0f,1f], start_interpolation: 0, interpolation_duration: 1 }
$data merge entity $(bone_upper_body) { transformation: [1f,-9.778834909097769e-33f,7.503563936741501e-33f,3.629421987013866e-18f,0f,0.05899978924307414f,-0.9982579951441776f,0.9703942301884243f,0f,0.9982579951441776f,0.05899978924307414f,-0.07688988702366403f,0f,0f,0f,1f], start_interpolation: 0, interpolation_duration: 1 }
$data merge entity $(bone_right_lower_leg) { transformation: [1f,-7.503563936741501e-33f,-9.778834909097769e-33f,-0.125f,0f,0.9982579951441776f,0.05899978924307414f,0.5592313708115928f,0f,-0.05899978924307414f,0.9982579951441776f,-0.09729303274615585f,0f,0f,0f,1f], start_interpolation: 0, interpolation_duration: 1 }
$data merge entity $(bone_right_leg) { transformation: [1f,-7.503563936741501e-33f,-9.778834909097769e-33f,-0.125f,0f,0.9982579951441776f,0.05899978924307414f,0.9335781189906593f,0f,-0.05899978924307414f,0.9982579951441776f,-0.11941795371230865f,0f,0f,0f,1f], start_interpolation: 0, interpolation_duration: 1 }
$data merge entity $(bone_left_lower_leg) { transformation: [1f,-7.503563936741501e-33f,-9.778834909097769e-33f,0.125f,0f,0.9982579951441776f,0.05899978924307414f,0.5592313708115928f,0f,-0.05899978924307414f,0.9982579951441776f,-0.09729303274615585f,0f,0f,0f,1f], start_interpolation: 0, interpolation_duration: 1 }
$data merge entity $(bone_left_leg) { transformation: [1f,-7.503563936741501e-33f,-9.778834909097769e-33f,0.125f,0f,0.9982579951441776f,0.05899978924307414f,0.9335781189906593f,0f,-0.05899978924307414f,0.9982579951441776f,-0.11941795371230865f,0f,0f,0f,1f], start_interpolation: 0, interpolation_duration: 1 }