# This file was generated by Animated Java via MC-Build. It is not recommended to edit this file directly.
$data merge entity $(bone_right_forearm) { transformation: [0.9999999999999998f,-9.442226763099421e-33f,7.922968994408965e-33f,-0.31249999999999994f,6.162975822039155e-33f,0.9974032436197644f,0.07201923088157205f,0.7848528917894626f,-2.465190328815662e-32f,-0.07201923088157194f,0.9974032436197643f,0.5820262120247711f,0f,0f,0f,1f], start_interpolation: 0, interpolation_duration: 1 }
$data merge entity $(bone_right_arm) { transformation: [0.9999999999999998f,-9.442226763099421e-33f,7.922968994408965e-33f,-0.31249999999999994f,6.162975822039155e-33f,0.9974032436197644f,0.07201923088157205f,1.0342037026944038f,-2.465190328815662e-32f,-0.07201923088157194f,0.9974032436197643f,0.5640214043043781f,0f,0f,0f,1f], start_interpolation: 0, interpolation_duration: 1 }
$data merge entity $(bone_left_forearm) { transformation: [0.9999999999999998f,-9.442226763099421e-33f,7.922968994408965e-33f,0.31249999999999994f,6.162975822039155e-33f,0.9974032436197644f,0.07201923088157205f,0.7848528917894626f,-2.465190328815662e-32f,-0.07201923088157194f,0.9974032436197643f,0.5820262120247711f,0f,0f,0f,1f], start_interpolation: 0, interpolation_duration: 1 }
$data merge entity $(bone_left_arm) { transformation: [0.9999999999999998f,-9.442226763099421e-33f,7.922968994408965e-33f,0.31249999999999994f,6.162975822039155e-33f,0.9974032436197644f,0.07201923088157205f,1.0342037026944038f,-2.465190328815662e-32f,-0.07201923088157194f,0.9974032436197643f,0.5640214043043781f,0f,0f,0f,1f], start_interpolation: 0, interpolation_duration: 1 }
$data merge entity $(bone_head) { transformation: [0.9999999999999998f,1.2138692742341893e-32f,2.1403790410049047e-33f,1.4620783214310192e-18f,6.162975822039155e-33f,-0.5859485152454184f,-0.8103482815935935f,1.04141975288033f,-2.465190328815662e-32f,0.8103482815935934f,-0.5859485152454184f,0.6261034356799234f,0f,0f,0f,1f], start_interpolation: 0, interpolation_duration: 1 }
$data merge entity $(bone_torso) { transformation: [0.9999999999999998f,7.503563936741501e-33f,9.778834909097769e-33f,1.462078321431014e-18f,6.162975822039155e-33f,0.11545680297482075f,-0.9933125020087251f,0.9620432008351407f,-2.465190328815662e-32f,0.993312502008725f,0.11545680297482064f,-0.056798909451075005f,0f,0f,0f,1f], start_interpolation: 0, interpolation_duration: 1 }
$data merge entity $(bone_upper_body) { transformation: [0.9999999999999998f,7.503563936741501e-33f,9.778834909097769e-33f,1.462078321431014e-18f,6.162975822039155e-33f,0.11545680297482075f,-0.9933125020087251f,0.9620432008351407f,-2.465190328815662e-32f,0.993312502008725f,0.11545680297482064f,-0.056798909451075005f,0f,0f,0f,1f], start_interpolation: 0, interpolation_duration: 1 }
$data merge entity $(bone_right_lower_leg) { transformation: [0.9999999999999998f,-9.778834909097769e-33f,7.503563936741501e-33f,-0.12499999999999997f,6.162975822039155e-33f,0.9933125020087251f,0.11545680297482075f,0.5503847912926794f,-2.465190328815662e-32f,-0.11545680297482064f,0.993312502008725f,-0.05387672888230116f,0f,0f,0f,1f], start_interpolation: 0, interpolation_duration: 1 }
$data merge entity $(bone_right_leg) { transformation: [0.9999999999999998f,-9.778834909097769e-33f,7.503563936741501e-33f,-0.12499999999999997f,6.162975822039155e-33f,0.9933125020087251f,0.11545680297482075f,0.9228769795459513f,-2.465190328815662e-32f,-0.11545680297482064f,0.993312502008725f,-0.0971730299978589f,0f,0f,0f,1f], start_interpolation: 0, interpolation_duration: 1 }
$data merge entity $(bone_left_lower_leg) { transformation: [0.9999999999999998f,-9.778834909097769e-33f,7.503563936741501e-33f,0.12499999999999997f,6.162975822039155e-33f,0.9933125020087251f,0.11545680297482075f,0.5503847912926794f,-2.465190328815662e-32f,-0.11545680297482064f,0.993312502008725f,-0.05387672888230116f,0f,0f,0f,1f], start_interpolation: 0, interpolation_duration: 1 }
$data merge entity $(bone_left_leg) { transformation: [0.9999999999999998f,-9.778834909097769e-33f,7.503563936741501e-33f,0.12499999999999997f,6.162975822039155e-33f,0.9933125020087251f,0.11545680297482075f,0.9228769795459513f,-2.465190328815662e-32f,-0.11545680297482064f,0.993312502008725f,-0.0971730299978589f,0f,0f,0f,1f], start_interpolation: 0, interpolation_duration: 1 }