# This file was generated by Animated Java via MC-Build. It is not recommended to edit this file directly.
$data merge entity $(bone_right_forearm) { transformation: [0.9999999999999998f,0f,0f,-0.31249999999999994f,0f,0.9833975828895571f,0.18146402940245895f,0.8463524581819561f,0f,-0.18146402940245873f,0.983397582889557f,0.6190078159066255f,0f,0f,0f,1f], start_interpolation: 0, interpolation_duration: 1 }
$data merge entity $(bone_right_arm) { transformation: [0.9999999999999998f,0f,0f,-0.31249999999999994f,0f,0.9833975828895571f,0.18146402940245895f,1.0922018539043454f,0f,-0.18146402940245873f,0.983397582889557f,0.5736418085560108f,0f,0f,0f,1f], start_interpolation: 0, interpolation_duration: 1 }
$data merge entity $(bone_left_forearm) { transformation: [0.9999999999999998f,0f,0f,0.31249999999999994f,0f,0.9833975828895571f,0.18146402940245895f,0.8463524581819561f,0f,-0.18146402940245873f,0.983397582889557f,0.6190078159066255f,0f,0f,0f,1f], start_interpolation: 0, interpolation_duration: 1 }
$data merge entity $(bone_left_arm) { transformation: [0.9999999999999998f,0f,0f,0.31249999999999994f,0f,0.9833975828895571f,0.18146402940245895f,1.0922018539043454f,0f,-0.18146402940245873f,0.983397582889557f,0.5736418085560108f,0f,0f,0f,1f], start_interpolation: 0, interpolation_duration: 1 }
$data merge entity $(bone_head) { transformation: [0.9999999999999998f,0f,0f,-5.318778509051978e-19f,0f,-0.5140698820785781f,-0.8577483059381212f,1.106213511151708f,0f,0.857748305938121f,-0.5140698820785783f,0.6345509495874063f,0f,0f,0f,1f], start_interpolation: 0, interpolation_duration: 1 }
$data merge entity $(bone_torso) { transformation: [0.9999999999999998f,0f,0f,-5.318778509051978e-19f,0f,0.22418651595779915f,-0.9745462565023291f,0.952085281430721f,0f,0.974546256502329f,0.22418651595779893f,-0.03544960175794487f,0f,0f,0f,1f], start_interpolation: 0, interpolation_duration: 1 }
$data merge entity $(bone_upper_body) { transformation: [0.9999999999999998f,0f,0f,-5.318778509051978e-19f,0f,0.22418651595779915f,-0.9745462565023291f,0.952085281430721f,0f,0.974546256502329f,0.22418651595779893f,-0.03544960175794487f,0f,0f,0f,1f], start_interpolation: 0, interpolation_duration: 1 }
$data merge entity $(bone_right_lower_leg) { transformation: [0.9999999999999998f,0f,0f,-0.12499999999999997f,0f,0.9745462565023291f,0.22418651595779915f,0.5432546375095884f,0f,-0.22418651595779893f,0.974546256502329f,0.012806899123671167f,0f,0f,0f,1f], start_interpolation: 0, interpolation_duration: 1 }
$data merge entity $(bone_right_leg) { transformation: [0.9999999999999998f,0f,0f,-0.12499999999999997f,0f,0.9745462565023291f,0.22418651595779915f,0.9087094836979618f,0f,-0.22418651595779893f,0.974546256502329f,-0.07126304436050343f,0f,0f,0f,1f], start_interpolation: 0, interpolation_duration: 1 }
$data merge entity $(bone_left_lower_leg) { transformation: [0.9999999999999998f,0f,0f,0.12499999999999997f,0f,0.9745462565023291f,0.22418651595779915f,0.5432546375095884f,0f,-0.22418651595779893f,0.974546256502329f,0.012806899123671167f,0f,0f,0f,1f], start_interpolation: 0, interpolation_duration: 1 }
$data merge entity $(bone_left_leg) { transformation: [0.9999999999999998f,0f,0f,0.12499999999999997f,0f,0.9745462565023291f,0.22418651595779915f,0.9087094836979618f,0f,-0.22418651595779893f,0.974546256502329f,-0.07126304436050343f,0f,0f,0f,1f], start_interpolation: 0, interpolation_duration: 1 }