# This file was generated by Animated Java via MC-Build. It is not recommended to edit this file directly.
$data merge entity $(bone_right_forearm) { transformation: [1f,7.982126594026576e-33f,9.392270171214755e-33f,-0.3125f,0f,0.9369275935066615f,0.34952351069107723f,0.9530340237580798f,-2.465190328815662e-32f,-0.34952351069107723f,0.9369275935066615f,0.6472734744689147f,0f,0f,0f,1f], start_interpolation: 0, interpolation_duration: 1 }
$data merge entity $(bone_right_arm) { transformation: [1f,8.093326544667337e-33f,9.296620319962508e-33f,-0.3125f,0f,0.9410204773267012f,0.33834961393775387f,1.188289143089755f,-2.465190328815662e-32f,-0.33834961393775387f,0.9410204773267012f,0.5626860709844762f,0f,0f,0f,1f], start_interpolation: 0, interpolation_duration: 1 }
$data merge entity $(bone_left_forearm) { transformation: [1f,7.872401454134894e-33f,9.484428252514308e-33f,0.3125f,0f,0.9328010482733542f,0.3603917373360984f,0.9540332548870422f,-2.465190328815662e-32f,-0.3603917373360984f,0.9328010482733542f,0.6500026149057634f,0f,0f,0f,1f], start_interpolation: 0, interpolation_duration: 1 }
$data merge entity $(bone_left_arm) { transformation: [1f,7.984705826455983e-33f,9.39007757141104e-33f,0.3125f,0f,0.9370235528108517f,0.3492661756851485f,1.188289143089755f,-2.465190328815662e-32f,-0.3492661756851485f,0.9370235528108517f,0.5626860709844762f,0f,0f,0f,1f], start_interpolation: 0, interpolation_duration: 1 }
$data merge entity $(bone_head) { transformation: [1f,1.3824611706998112e-33f,-1.2248178846002539e-32f,-2.3524465299947784e-18f,0f,-0.38658447871653895f,-0.9222540001623533f,1.2130288647142944f,-2.465190328815662e-32f,0.9222540001623533f,-0.38658447871653895f,0.620081159397513f,0f,0f,0f,1f], start_interpolation: 0, interpolation_duration: 1 }
$data merge entity $(bone_torso) { transformation: [1f,9.778834909097769e-33f,-7.503563936741501e-33f,-2.352446529994785e-18f,0f,0.3958355459926261f,-0.9183214146085887f,0.9408919268443638f,-2.465190328815662e-32f,0.9183214146085887f,0.3958355459926261f,-0.01126481314589177f,0f,0f,0f,1f], start_interpolation: 0, interpolation_duration: 1 }
$data merge entity $(bone_upper_body) { transformation: [1f,9.778834909097769e-33f,-7.503563936741501e-33f,-2.352446529994785e-18f,0f,0.3958355459926261f,-0.9183214146085887f,0.9408919268443638f,-2.465190328815662e-32f,0.9183214146085887f,0.3958355459926261f,-0.01126481314589177f,0f,0f,0f,1f], start_interpolation: 0, interpolation_duration: 1 }
$data merge entity $(bone_right_lower_leg) { transformation: [1f,9.671054655805166e-33f,7.64197525359681e-33f,-0.125f,0f,0.9873210276936907f,0.15873622231196885f,0.5241878276679639f,-2.465190328815662e-32f,-0.15873622231196885f,0.9873210276936907f,0.0354703638514973f,0f,0f,0f,1f], start_interpolation: 0, interpolation_duration: 1 }
$data merge entity $(bone_right_leg) { transformation: [1f,9.360395765796715e-33f,8.019480970724459e-33f,-0.125f,0f,0.980249514747213f,0.19776473102617087f,0.8917813956981688f,-2.465190328815662e-32f,-0.19776473102617087f,0.980249514747213f,-0.038691410283316775f,0f,0f,0f,1f], start_interpolation: 0, interpolation_duration: 1 }
$data merge entity $(bone_left_lower_leg) { transformation: [1f,9.671054655805166e-33f,7.64197525359681e-33f,0.125f,0f,0.9873210276936907f,0.15873622231196885f,0.5241878276679639f,-2.465190328815662e-32f,-0.15873622231196885f,0.9873210276936907f,0.0354703638514973f,0f,0f,0f,1f], start_interpolation: 0, interpolation_duration: 1 }
$data merge entity $(bone_left_leg) { transformation: [1f,9.360395765796715e-33f,8.019480970724459e-33f,0.125f,0f,0.980249514747213f,0.19776473102617087f,0.8917813956981688f,-2.465190328815662e-32f,-0.19776473102617087f,0.980249514747213f,-0.038691410283316775f,0f,0f,0f,1f], start_interpolation: 0, interpolation_duration: 1 }