# This file was generated by Animated Java via MC-Build. It is not recommended to edit this file directly.
$data merge entity $(bone_right_forearm) { transformation: [1f,0f,0f,-0.3125f,0f,0.8361470208868564f,0.5485053869033872f,1.1087683881534356f,0f,-0.5485053869033875f,0.8361470208868566f,0.637750578070285f,0f,0f,0f,1f], start_interpolation: 0, interpolation_duration: 1 }
$data merge entity $(bone_right_arm) { transformation: [1f,0f,0f,-0.3125f,0f,0.8489633849131546f,0.5284516733598246f,1.3210092343817244f,0f,-0.5284516733598248f,0.8489633849131547f,0.5056376597303288f,0f,0f,0f,1f], start_interpolation: 0, interpolation_duration: 1 }
$data merge entity $(bone_left_forearm) { transformation: [1f,0f,0f,0.3125f,0f,0.8237506870302874f,0.5669522075246991f,1.1117568459762361f,0f,-0.5669522075246992f,0.8237506870302874f,0.642434728217189f,0f,0f,0f,1f], start_interpolation: 0, interpolation_duration: 1 }
$data merge entity $(bone_left_arm) { transformation: [1f,0f,0f,0.3125f,0f,0.8370095536219527f,0.5471882739474409f,1.3210092343817244f,0f,-0.547188273947441f,0.8370095536219527f,0.5056376597303288f,0f,0f,0f,1f], start_interpolation: 0, interpolation_duration: 1 }
$data merge entity $(bone_head) { transformation: [1f,0f,0f,-3.999627715837758e-18f,0f,-0.1275547074555683f,-0.9918315364042044f,1.3600695217141687f,0f,0.9918315364042045f,-0.12755470745556818f,0.5544284780623358f,0f,0f,0f,1f], start_interpolation: 0, interpolation_duration: 1 }
$data merge entity $(bone_torso) { transformation: [1f,0f,0f,-3.999627715837758e-18f,0f,0.6249645973191067f,-0.7806530933121106f,0.9304063610572828f,0f,0.7806530933121106f,0.6249645973191068f,0.017729476410259674f,0f,0f,0f,1f], start_interpolation: 0, interpolation_duration: 1 }
$data merge entity $(bone_upper_body) { transformation: [1f,0f,0f,-3.999627715837758e-18f,0f,0.6249645973191067f,-0.7806530933121106f,0.9304063610572828f,0f,0.7806530933121106f,0.6249645973191068f,0.017729476410259674f,0f,0f,0f,1f], start_interpolation: 0, interpolation_duration: 1 }
$data merge entity $(bone_right_lower_leg) { transformation: [1f,0f,0f,-0.125f,0f,0.9838522600396835f,0.17898248633541552f,0.5133197898865776f,0f,-0.17898248633541552f,0.9838522600396836f,0.1004386835853383f,0f,0f,0f,1f], start_interpolation: 0, interpolation_duration: 1 }
$data merge entity $(bone_right_leg) { transformation: [1f,0f,0f,-0.125f,0f,0.9665734699314683f,0.256389795476811f,0.8757848411108782f,0f,-0.25638979547681107f,0.9665734699314684f,0.00429251028153416f,0f,0f,0f,1f], start_interpolation: 0, interpolation_duration: 1 }
$data merge entity $(bone_left_lower_leg) { transformation: [1f,0f,0f,0.125f,0f,0.9838522600396835f,0.17898248633541552f,0.5133197898865776f,0f,-0.17898248633541552f,0.9838522600396836f,0.1004386835853383f,0f,0f,0f,1f], start_interpolation: 0, interpolation_duration: 1 }
$data merge entity $(bone_left_leg) { transformation: [1f,0f,0f,0.125f,0f,0.9665734699314683f,0.256389795476811f,0.8757848411108782f,0f,-0.25638979547681107f,0.9665734699314684f,0.00429251028153416f,0f,0f,0f,1f], start_interpolation: 0, interpolation_duration: 1 }