# This file was generated by Animated Java via MC-Build. It is not recommended to edit this file directly.
$data merge entity $(bone_right_forearm) { transformation: [0.9999999999999998f,-1.6472702152167912e-32f,1.8340294968581878e-32f,-0.31249999999999994f,0f,0.6503867846538933f,0.7596032058565643f,1.297223354557863f,0f,-0.7596032058565643f,0.6503867846538933f,0.5493281105499231f,0f,0f,0f,1f], start_interpolation: 0, interpolation_duration: 1 }
$data merge entity $(bone_right_arm) { transformation: [0.9999999999999998f,-1.5807598238272536e-32f,1.8916558187629963e-32f,-0.31249999999999994f,0f,0.6770843860902724f,0.7359053839405978f,1.4664944510804312f,0f,-0.7359053839405978f,0.6770843860902724f,0.3653517645647737f,0f,0f,0f,1f], start_interpolation: 0, interpolation_duration: 1 }
$data merge entity $(bone_left_forearm) { transformation: [0.9999999999999998f,-1.6464209729561895e-32f,1.8347919056656712e-32f,0.31249999999999994f,0f,0.6507383739988876f,0.7593020272627247f,1.297138200669271f,0f,-0.7593020272627247f,0.6507383739988876f,0.5492497266162124f,0f,0f,0f,1f], start_interpolation: 0, interpolation_duration: 1 }
$data merge entity $(bone_left_arm) { transformation: [0.9999999999999998f,-1.5798839105323527e-32f,1.892387430344873e-32f,0.31249999999999994f,0f,0.6774250016446404f,0.7355918482057551f,1.4664944510804312f,0f,-0.7355918482057551f,0.6774250016446404f,0.3653517645647737f,0f,0f,0f,1f], start_interpolation: 0, interpolation_duration: 1 }
$data merge entity $(bone_head) { transformation: [0.9999999999999998f,2.4133719581754465e-32f,5.027913571041992e-33f,-5.4734214084340836e-18f,0f,0.32999405763782863f,-0.9439830093405926f,1.5206210388169588f,0f,0.9439830093405926f,0.32999405763782863f,0.3966017645647737f,0f,0f,0f,1f], start_interpolation: 0, interpolation_duration: 1 }
$data merge entity $(bone_torso) { transformation: [0.9999999999999998f,1.5007127873483003e-32f,1.9557669818195537e-32f,-5.473421408434094e-18f,0f,0.8660254037844386f,-0.5f,0.9252285737151572f,0f,0.5f,0.8660254037844386f,0.05285176456477367f,0f,0f,0f,1f], start_interpolation: 0, interpolation_duration: 1 }
$data merge entity $(bone_upper_body) { transformation: [0.9999999999999998f,1.5007127873483003e-32f,1.9557669818195537e-32f,-5.473421408434094e-18f,0f,0.8660254037844386f,-0.5f,0.9252285737151572f,0f,0.5f,0.8660254037844386f,0.05285176456477367f,0f,0f,0f,1f], start_interpolation: 0, interpolation_duration: 1 }
$data merge entity $(bone_right_lower_leg) { transformation: [0.9999999999999998f,-4.258029392973124e-33f,2.4281382197420397e-32f,-0.12499999999999997f,0f,0.9539980328804346f,0.2998128637337986f,0.527588145282117f,0f,-0.2998128637337986f,0.9539980328804345f,0.21430022718672143f,0f,0f,0f,1f], start_interpolation: 0, interpolation_duration: 1 }
$data merge entity $(bone_right_leg) { transformation: [0.9999999999999998f,-7.110579052543016e-33f,2.360415220392725e-32f,-0.12499999999999997f,0f,0.9116577466153691f,0.41095030482551964f,0.8694598002628804f,0f,-0.41095030482551964f,0.911657746615369f,0.06019386287715157f,0f,0f,0f,1f], start_interpolation: 0, interpolation_duration: 1 }
$data merge entity $(bone_left_lower_leg) { transformation: [0.9999999999999998f,-4.258029392973124e-33f,2.4281382197420397e-32f,0.12499999999999997f,0f,0.9539980328804346f,0.2998128637337986f,0.527588145282117f,0f,-0.2998128637337986f,0.9539980328804345f,0.21430022718672143f,0f,0f,0f,1f], start_interpolation: 0, interpolation_duration: 1 }
$data merge entity $(bone_left_leg) { transformation: [0.9999999999999998f,-7.110579052543016e-33f,2.360415220392725e-32f,0.12499999999999997f,0f,0.9116577466153691f,0.41095030482551964f,0.8694598002628804f,0f,-0.41095030482551964f,0.911657746615369f,0.06019386287715157f,0f,0f,0f,1f], start_interpolation: 0, interpolation_duration: 1 }