# This file was generated by Animated Java via MC-Build. It is not recommended to edit this file directly.
$data merge entity $(bone_right_forearm) { transformation: [1f,-6.735561666820022e-33f,1.0322852946962939e-32f,-0.3125f,0f,0.4703270745869978f,0.8824921772516948f,1.4188876247961812f,0f,-0.8824921772516948f,0.4703270745869978f,0.39453792045314534f,0f,0f,0f,1f], start_interpolation: 0, interpolation_duration: 1 }
$data merge entity $(bone_right_arm) { transformation: [1f,-6.236751440056321e-33f,1.06316515841666e-32f,-0.3125f,0f,0.5117850220315439f,0.8591135496685943f,1.546833880304067f,0f,-0.8591135496685943f,0.5117850220315439f,0.17975953303599676f,0f,0f,0f,1f], start_interpolation: 0, interpolation_duration: 1 }
$data merge entity $(bone_left_forearm) { transformation: [1f,-5.9164184937742535e-33f,1.081318991503815e-32f,0.3125f,0f,0.5372170259210136f,0.8434440509367419f,1.4026485740342571f,0f,-0.8434440509367419f,0.5372170259210136f,0.38399125793661326f,0f,0f,0f,1f], start_interpolation: 0, interpolation_duration: 1 }
$data merge entity $(bone_left_arm) { transformation: [1f,-5.395204906045944e-33f,1.1082456765263494e-32f,0.3125f,0f,0.5767412250792402f,0.8169268996024659f,1.546833880304067f,0f,-0.8169268996024659f,0.5767412250792402f,0.17975953303599676f,0f,0f,0f,1f], start_interpolation: 0, interpolation_duration: 1 }
$data merge entity $(bone_head) { transformation: [1f,1.1146391850047184e-32f,5.261846886536942e-33f,-6.773827607783804e-18f,0f,0.8099482327473695f,-0.5865013727770919f,1.6086181121172387f,0f,0.5865013727770919f,0.8099482327473695f,0.18919132497900926f,0f,0f,0f,1f], start_interpolation: 0, interpolation_duration: 1 }
$data merge entity $(bone_torso) { transformation: [1f,7.503563936741501e-33f,9.778834909097769e-33f,-6.7738276077838094e-18f,0f,0.9885477090107455f,-0.15090867108820033f,0.9289915621723511f,0f,0.15090867108820033f,0.9885477090107455f,0.08544161360587155f,0f,0f,0f,1f], start_interpolation: 0, interpolation_duration: 1 }
$data merge entity $(bone_upper_body) { transformation: [1f,7.503563936741501e-33f,9.778834909097769e-33f,-6.7738276077838094e-18f,0f,0.9885477090107455f,-0.15090867108820033f,0.9289915621723511f,0f,0.15090867108820033f,0.9885477090107455f,0.08544161360587155f,0f,0f,0f,1f], start_interpolation: 0, interpolation_duration: 1 }
$data merge entity $(bone_right_lower_leg) { transformation: [1f,9.109222113401406e-34f,1.2292245712523157e-32f,-0.125f,0f,0.9093651789419741f,0.41599876361334454f,0.5676286595069506f,0f,-0.41599876361334454f,0.9093651789419741f,0.3204781875594692f,0f,0f,0f,1f], start_interpolation: 0, interpolation_duration: 1 }
$data merge entity $(bone_right_leg) { transformation: [1f,-1.042711966189735e-33f,1.2281768426725913e-32f,-0.125f,0f,0.8322141563213773f,0.5544543245555023f,0.8797089681274671f,0f,-0.5544543245555023f,0.8322141563213773f,0.11255781585115586f,0f,0f,0f,1f], start_interpolation: 0, interpolation_duration: 1 }
$data merge entity $(bone_left_lower_leg) { transformation: [1f,9.109222113401406e-34f,1.2292245712523157e-32f,0.125f,0f,0.9093651789419741f,0.41599876361334454f,0.5676286595069506f,0f,-0.41599876361334454f,0.9093651789419741f,0.3204781875594692f,0f,0f,0f,1f], start_interpolation: 0, interpolation_duration: 1 }
$data merge entity $(bone_left_leg) { transformation: [1f,-1.042711966189735e-33f,1.2281768426725913e-32f,0.125f,0f,0.8322141563213773f,0.5544543245555023f,0.8797089681274671f,0f,-0.5544543245555023f,0.8322141563213773f,0.11255781585115586f,0f,0f,0f,1f], start_interpolation: 0, interpolation_duration: 1 }