# This file was generated by Animated Java via MC-Build. It is not recommended to edit this file directly.
$data merge entity $(bone_right_forearm) { transformation: [0.9999999999999998f,-7.185483495432311e-33f,2.3581458026710244e-32f,-0.31249999999999994f,6.162975822039155e-33f,0.4828490259156218f,0.8757036132004565f,1.423182267553363f,-2.465190328815662e-32f,-0.8757036132004566f,0.48284902591562145f,0.24671117188565886f,0f,0f,0f,1f], start_interpolation: 0, interpolation_duration: 1 }
$data merge entity $(bone_right_arm) { transformation: [0.9999999999999998f,-5.7705023645582286e-33f,2.3967011457193718e-32f,-0.31249999999999994f,6.162975822039155e-33f,0.5340680839579276f,0.8454414714795505f,1.5566992885428448f,-2.465190328815662e-32f,-0.8454414714795506f,0.5340680839579273f,0.0353508040157712f,0f,0f,0f,1f], start_interpolation: 0, interpolation_duration: 1 }
$data merge entity $(bone_left_forearm) { transformation: [0.9999999999999998f,-2.7701181511384662e-33f,2.449577067898376e-32f,0.31249999999999994f,6.162975822039155e-33f,0.634274271008374f,0.7731081096048571f,1.3869181508484298f,-2.465190328815662e-32f,-0.7731081096048572f,0.6342742710083737f,0.2188565676396698f,0f,0f,0f,1f], start_interpolation: 0, interpolation_duration: 1 }
$data merge entity $(bone_left_arm) { transformation: [0.9999999999999998f,-1.3085810444861628e-33f,2.461714750694399e-32f,0.31249999999999994f,6.162975822039155e-33f,0.6791245507776595f,0.7340230544955942f,1.5566992885428448f,-2.465190328815662e-32f,-0.7340230544955944f,0.6791245507776593f,0.0353508040157712f,0f,0f,0f,1f], start_interpolation: 0, interpolation_duration: 1 }
$data merge entity $(bone_head) { transformation: [0.9999999999999998f,1.584593798881793e-32f,1.8884453526198843e-32f,-7.900846313886875e-18f,6.162975822039155e-33f,0.9973375575285951f,0.0729232222470747f,1.6187747539732582f,-2.465190328815662e-32f,-0.07292322224707488f,0.997337557528595f,0.028078487218658937f,0f,0f,0f,1f], start_interpolation: 0, interpolation_duration: 1 }
$data merge entity $(bone_torso) { transformation: [0.9999999999999998f,1.5007127873483003e-32f,1.9557669818195537e-32f,-7.900846313886886e-18f,6.162975822039155e-33f,0.993207446886613f,0.11635706875379626f,0.9359446342387118f,-2.465190328815662e-32f,-0.11635706875379642f,0.9932074468866129f,0.10807397198689397f,0f,0f,0f,1f], start_interpolation: 0, interpolation_duration: 1 }
$data merge entity $(bone_upper_body) { transformation: [0.9999999999999998f,1.5007127873483003e-32f,1.9557669818195537e-32f,-7.900846313886886e-18f,6.162975822039155e-33f,0.993207446886613f,0.11635706875379626f,0.9359446342387118f,-2.465190328815662e-32f,-0.11635706875379642f,0.9932074468866129f,0.10807397198689397f,0f,0f,0f,1f], start_interpolation: 0, interpolation_duration: 1 }
$data merge entity $(bone_right_lower_leg) { transformation: [0.9999999999999998f,7.790627565575432e-33f,2.338851123656919e-32f,-0.12499999999999999f,6.162975822039155e-33f,0.9006286385381111f,0.4345895252361567f,0.5966021492144147f,-2.465190328815662e-32f,-0.43458952523615685f,0.9006286385381109f,0.373598841660693f,0f,0f,0f,1f], start_interpolation: 0, interpolation_duration: 1 }
$data merge entity $(bone_right_leg) { transformation: [0.9999999999999998f,3.029544426667441e-33f,2.4465040288041124e-32f,-0.12499999999999999f,6.162975822039155e-33f,0.7973436808771559f,0.6035255210554629f,0.8956060295433481f,-2.465190328815662e-32f,-0.603525521055463f,0.7973436808771557f,0.1472767712648944f,0f,0f,0f,1f], start_interpolation: 0, interpolation_duration: 1 }
$data merge entity $(bone_left_lower_leg) { transformation: [0.9999999999999998f,7.790627565575432e-33f,2.338851123656919e-32f,0.12499999999999996f,6.162975822039155e-33f,0.9006286385381111f,0.4345895252361567f,0.5966021492144147f,-2.465190328815662e-32f,-0.43458952523615685f,0.9006286385381109f,0.373598841660693f,0f,0f,0f,1f], start_interpolation: 0, interpolation_duration: 1 }
$data merge entity $(bone_left_leg) { transformation: [0.9999999999999998f,3.029544426667441e-33f,2.4465040288041124e-32f,0.12499999999999996f,6.162975822039155e-33f,0.7973436808771559f,0.6035255210554629f,0.8956060295433481f,-2.465190328815662e-32f,-0.603525521055463f,0.7973436808771557f,0.1472767712648944f,0f,0f,0f,1f], start_interpolation: 0, interpolation_duration: 1 }