# This file was generated by Animated Java via MC-Build. It is not recommended to edit this file directly.
$data merge entity $(bone_right_forearm) { transformation: [1f,-6.971999299156888e-33f,-1.016465984205633e-32f,-0.3125f,0f,0.9391032476190315f,0.34363511216316023f,1.299226422115437f,0f,-0.3436351121631601f,0.9391032476190316f,0.008952959332104563f,0f,0f,0f,1f], start_interpolation: 0, interpolation_duration: 1 }
$data merge entity $(bone_right_arm) { transformation: [1f,-7.67937397463558e-33f,-9.64138471848554e-33f,-0.3125f,0f,0.9612251683952561f,0.2757647106565877f,1.539532714214251f,0f,-0.27576471065658753f,0.9612251683952562f,-0.05998821833204232f,0f,0f,0f,1f], start_interpolation: 0, interpolation_duration: 1 }
$data merge entity $(bone_left_forearm) { transformation: [1f,-5.0039644714066164e-33f,-1.1264520562414412e-32f,0.3125f,0f,0.8608038817301695f,0.5089368106143161f,1.315803267097821f,0f,-0.508936810614316f,0.8608038817301698f,0.05156954470117986f,0f,0f,0f,1f], start_interpolation: 0, interpolation_duration: 1 }
$data merge entity $(bone_left_arm) { transformation: [1f,-5.7948166394927105e-33f,-1.087884111690281e-32f,0.3125f,0f,0.8949177884657199f,0.44623105213288883f,1.539532714214251f,0f,-0.4462310521328887f,0.8949177884657201f,-0.05998821833204232f,0f,0f,0f,1f], start_interpolation: 0, interpolation_duration: 1 }
$data merge entity $(bone_head) { transformation: [1f,-3.2463569767025105e-33f,-1.1890763235048107e-32f,-8.854477526743335e-18f,0f,0.7741221349531384f,0.6330362708215027f,1.5992874062938098f,0f,-0.6330362708215026f,0.7741221349531386f,-0.07830833772240389f,0f,0f,0f,1f], start_interpolation: 0, interpolation_duration: 1 }
$data merge entity $(bone_torso) { transformation: [1f,-7.503563936741501e-33f,-9.778834909097769e-33f,-8.85447752674333e-18f,0f,0.9560750732729423f,0.2931219102457851f,0.9419857934186621f,0f,-0.29312191024578493f,0.9560750732729424f,0.12321297557157326f,0f,0f,0f,1f], start_interpolation: 0, interpolation_duration: 1 }
$data merge entity $(bone_upper_body) { transformation: [1f,-7.503563936741501e-33f,-9.778834909097769e-33f,-8.85447752674333e-18f,0f,0.9560750732729423f,0.2931219102457851f,0.9419857934186621f,0f,-0.29312191024578493f,0.9560750732729424f,0.12321297557157326f,0f,0f,0f,1f], start_interpolation: 0, interpolation_duration: 1 }
$data merge entity $(bone_right_lower_leg) { transformation: [1f,-6.642180665877161e-33f,-1.0383184479436181e-32f,-0.125f,0f,0.9275907597705083f,0.373597888629434f,0.6043455447377428f,0f,-0.3735978886294339f,0.9275907597705085f,0.3871905473281623f,0f,0f,0f,1f], start_interpolation: 0, interpolation_duration: 1 }
$data merge entity $(bone_right_leg) { transformation: [1f,-4.00701948992451e-33f,-1.165645223640203e-32f,-0.125f,0f,0.8133643904831585f,0.58175456018321f,0.9093571911689272f,0f,-0.5817545601832099f,0.8133643904831587f,0.1690325872594586f,0f,0f,0f,1f], start_interpolation: 0, interpolation_duration: 1 }
$data merge entity $(bone_left_lower_leg) { transformation: [1f,-6.642180665877161e-33f,-1.0383184479436181e-32f,0.12499999999999999f,0f,0.9275907597705083f,0.373597888629434f,0.6043455447377428f,0f,-0.3735978886294339f,0.9275907597705085f,0.3871905473281623f,0f,0f,0f,1f], start_interpolation: 0, interpolation_duration: 1 }
$data merge entity $(bone_left_leg) { transformation: [1f,-4.00701948992451e-33f,-1.165645223640203e-32f,0.12499999999999999f,0f,0.8133643904831585f,0.58175456018321f,0.9093571911689272f,0f,-0.5817545601832099f,0.8133643904831587f,0.1690325872594586f,0f,0f,0f,1f], start_interpolation: 0, interpolation_duration: 1 }