# This file was generated by Animated Java via MC-Build. It is not recommended to edit this file directly.
$data merge entity $(bone_right_forearm) { transformation: [1f,-1.1236264786607191e-32f,-2.516727584197454e-32f,-0.3125f,0f,0.9840532196577279f,0.17787428392339283f,1.2706151436448447f,0f,-0.17787428392339277f,0.984053219657728f,-0.09080379391996533f,0f,0f,0f,1f], start_interpolation: 0, interpolation_duration: 1 }
$data merge entity $(bone_right_arm) { transformation: [1f,-1.329130944845138e-32f,-2.4145113642438943e-32f,-0.3125f,0f,0.9954408545713896f,0.09538084215491927f,1.5194753572876922f,0f,-0.09538084215491921f,0.9954408545713898f,-0.11464900445869514f,0f,0f,0f,1f], start_interpolation: 0, interpolation_duration: 1 }
$data merge entity $(bone_left_forearm) { transformation: [1f,-9.254733887392428e-33f,-2.596141984434469e-32f,0.3125f,0f,0.9673349166813011f,0.2535017928322802f,1.2732071085893801f,0f,-0.25350179283228014f,0.9673349166813012f,-0.07161471948652107f,0f,0f,0f,1f], start_interpolation: 0, interpolation_duration: 1 }
$data merge entity $(bone_left_arm) { transformation: [1f,-1.138272491919256e-32f,-2.510137432641441e-32f,0.3125f,0f,0.9850729947932485f,0.17213713988869636f,1.5194753572876922f,0f,-0.17213713988869628f,0.9850729947932486f,-0.11464900445869514f,0f,0f,0f,1f], start_interpolation: 0, interpolation_duration: 1 }
$data merge entity $(bone_head) { transformation: [1f,1.1559329250565245e-32f,-2.5020538102483146e-32f,-9.634721246353166e-18f,0f,0.5135171142284924f,0.8580793514555876f,1.57684799867042f,0f,-0.8580793514555876f,0.5135171142284926f,-0.13944073737047225f,0f,0f,0f,1f], start_interpolation: 0, interpolation_duration: 1 }
$data merge entity $(bone_torso) { transformation: [1f,-5.228292964385234e-33f,-2.706123375493704e-32f,-9.634721246353163e-18f,0f,0.9179622621236472f,0.3966677265884339f,0.9457489434604127f,0f,-0.39666772658843386f,0.9179622621236473f,0.133268324659076f,0f,0f,0f,1f], start_interpolation: 0, interpolation_duration: 1 }
$data merge entity $(bone_upper_body) { transformation: [1f,-5.228292964385234e-33f,-2.706123375493704e-32f,-9.634721246353163e-18f,0f,0.9179622621236472f,0.3966677265884339f,0.9457489434604127f,0f,-0.39666772658843386f,0.9179622621236473f,0.133268324659076f,0f,0f,0f,1f], start_interpolation: 0, interpolation_duration: 1 }
$data merge entity $(bone_right_lower_leg) { transformation: [1f,-9.529076592281866e-33f,-2.5861982115824185e-32f,-0.125f,0f,0.9699646005729334f,0.24324611741072014f,0.5935657887088471f,0f,-0.24324611741072008f,0.9699646005729337f,0.3698317006093145f,0f,0f,0f,1f], start_interpolation: 0, interpolation_duration: 1 }
$data merge entity $(bone_right_leg) { transformation: [1f,-2.0750175161733758e-33f,-2.7483444506981976e-32f,-0.125f,0f,0.8661362171118865f,0.49980801654946583f,0.9183668701258045f,0f,-0.49980801654946583f,0.8661362171118867f,0.18240369440326476f,0f,0f,0f,1f], start_interpolation: 0, interpolation_duration: 1 }
$data merge entity $(bone_left_lower_leg) { transformation: [1f,-9.529076592281866e-33f,-2.5861982115824185e-32f,0.12499999999999999f,0f,0.9699646005729334f,0.24324611741072014f,0.5935657887088471f,0f,-0.24324611741072008f,0.9699646005729337f,0.3698317006093145f,0f,0f,0f,1f], start_interpolation: 0, interpolation_duration: 1 }
$data merge entity $(bone_left_leg) { transformation: [1f,-2.0750175161733758e-33f,-2.7483444506981976e-32f,0.12499999999999999f,0f,0.8661362171118865f,0.49980801654946583f,0.9183668701258045f,0f,-0.49980801654946583f,0.8661362171118867f,0.18240369440326476f,0f,0f,0f,1f], start_interpolation: 0, interpolation_duration: 1 }
execute on vehicle unless entity @s[tag=aj.transforms_only] at @s run function animated_java:rend_fallen_tether/animations/rise_2/zzz/frames/zzz/3