# This file was generated by Animated Java via MC-Build. It is not recommended to edit this file directly.
$data merge entity $(bone_right_forearm) { transformation: [1f,0f,0f,-0.3125f,0f,0.9966540026901568f,0.08173615431183956f,1.2560662589877183f,0f,-0.08173615431183956f,0.9966540026901568f,-0.1435044661020971f,0f,0f,0f,1f], start_interpolation: 0, interpolation_duration: 1 }
$data merge entity $(bone_right_arm) { transformation: [1f,0f,0f,-0.3125f,0f,0.9999105916219142f,-0.01337193936246528f,1.5060439068931968f,0f,0.01337193936246528f,0.9999105916219142f,-0.14016148126148079f,0f,0f,0f,1f], start_interpolation: 0, interpolation_duration: 1 }
$data merge entity $(bone_left_forearm) { transformation: [1f,0f,0f,0.3125f,0f,0.9966160560549208f,0.08219754749099895f,1.256064738137697f,0f,-0.08219754749099895f,0.9966160560549208f,-0.14338873834906657f,0f,0f,0f,1f], start_interpolation: 0, interpolation_duration: 1 }
$data merge entity $(bone_left_arm) { transformation: [1f,0f,0f,0.3125f,0f,0.999916675021999f,-0.012909028350343132f,1.5060439068931968f,0f,0.012909028350343132f,0.999916675021999f,-0.14016148126148079f,0f,0f,0f,1f], start_interpolation: 0, interpolation_duration: 1 }
$data merge entity $(bone_head) { transformation: [1f,0f,0f,-1.0241577472716356e-17f,0f,0.380658912745111f,0.9247155195776212f,1.561919949264904f,0f,-0.9247155195776212f,0.380658912745111f,-0.16816358634083448f,0f,0f,0f,1f], start_interpolation: 0, interpolation_duration: 1 }
$data merge entity $(bone_torso) { transformation: [1f,0f,0f,-1.0241577472716356e-17f,0f,0.8940166779473175f,0.4480336812696589f,0.9472834831761233f,0f,-0.4480336812696589f,0.8940166779473175f,0.13985956953205606f,0f,0f,0f,1f], start_interpolation: 0, interpolation_duration: 1 }
$data merge entity $(bone_upper_body) { transformation: [1f,0f,0f,-1.0241577472716356e-17f,0f,0.8940166779473175f,0.4480336812696589f,0.9472834831761233f,0f,-0.4480336812696589f,0.8940166779473175f,0.13985956953205606f,0f,0f,0f,1f], start_interpolation: 0, interpolation_duration: 1 }
$data merge entity $(bone_right_lower_leg) { transformation: [1f,0f,0f,-0.125f,0f,0.9984974936962508f,0.05479740032433639f,0.5733995460599555f,0f,-0.05479740032433639f,0.9984974936962508f,0.3268270035538998f,0f,0f,0f,1f], start_interpolation: 0, interpolation_duration: 1 }
$data merge entity $(bone_right_leg) { transformation: [1f,0f,0f,-0.125f,0f,0.9315450082590075f,0.3636260408547849f,0.9227289241570833f,0f,-0.3636260408547849f,0.9315450082590075f,0.19046723823335548f,0f,0f,0f,1f], start_interpolation: 0, interpolation_duration: 1 }
$data merge entity $(bone_left_lower_leg) { transformation: [1f,0f,0f,0.12499999999999999f,0f,0.9984974936962508f,0.05479740032433639f,0.5733995460599555f,0f,-0.05479740032433639f,0.9984974936962508f,0.3268270035538998f,0f,0f,0f,1f], start_interpolation: 0, interpolation_duration: 1 }
$data merge entity $(bone_left_leg) { transformation: [1f,0f,0f,0.12499999999999999f,0f,0.9315450082590075f,0.3636260408547849f,0.9227289241570833f,0f,-0.3636260408547849f,0.9315450082590075f,0.19046723823335548f,0f,0f,0f,1f], start_interpolation: 0, interpolation_duration: 1 }