# This file was generated by Animated Java via MC-Build. It is not recommended to edit this file directly.
$data merge entity $(bone_right_forearm) { transformation: [1f,-1.669961665564482e-32f,-7.934938084311875e-33f,-0.3125f,0f,0.9999330127022217f,0.011574545704202605f,1.2515167917885894f,0f,-0.011574545704202494f,0.9999330127022217f,-0.17090954002157888f,0f,0f,0f,1f], start_interpolation: 0, interpolation_duration: 1 }
$data merge entity $(bone_right_arm) { transformation: [1f,-1.7452139062817137e-32f,-6.1043657311341524e-33f,-0.3125f,0f,0.995440960761232f,-0.09537973389958337f,1.5003770319788974f,0f,0.09537973389958349f,0.995440960761232f,-0.147064606546683f,0f,0f,0f,1f], start_interpolation: 0, interpolation_duration: 1 }
$data merge entity $(bone_left_forearm) { transformation: [1f,-1.6871835994947265e-32f,-7.561850898222914e-33f,0.3125f,0f,0.9999432814516697f,-0.010650534243260928f,1.252108177466131f,0f,0.010650534243260915f,0.9999432814516698f,-0.17643424867795127f,0f,0f,0f,1f], start_interpolation: 0, interpolation_duration: 1 }
$data merge entity $(bone_left_arm) { transformation: [1f,-1.7583490437164972e-32f,-5.715006814823655e-33f,0.3125f,0f,0.993075418051066f,-0.11747856852507305f,1.5003770319788974f,0f,0.11747856852507305f,0.9930754180510661f,-0.147064606546683f,0f,0f,0f,1f], start_interpolation: 0, interpolation_duration: 1 }
$data merge entity $(bone_head) { transformation: [1f,1.1481231858052094e-33f,-1.8453245026216098e-32f,-1.0675046205832938e-17f,0f,0.36148833606620306f,0.9323766314575284f,1.5556897065567792f,0f,-0.9323766314575284f,0.3614883360662031f,-0.1761637135955487f,0f,0f,0f,1f], start_interpolation: 0, interpolation_duration: 1 }
$data merge entity $(bone_torso) { transformation: [1f,-1.1255345905112252e-32f,-1.4668252363646654e-32f,-1.067504620583293e-17f,0f,0.8850027932461089f,0.4655857127818518f,0.9472502862000793f,0f,-0.46558571278185173f,0.885002793246109f,0.14392646394197436f,0f,0f,0f,1f], start_interpolation: 0, interpolation_duration: 1 }
$data merge entity $(bone_upper_body) { transformation: [1f,-1.1255345905112252e-32f,-1.4668252363646654e-32f,-1.067504620583293e-17f,0f,0.8850027932461089f,0.4655857127818518f,0.9472502862000793f,0f,-0.46558571278185173f,0.885002793246109f,0.14392646394197436f,0f,0f,0f,1f], start_interpolation: 0, interpolation_duration: 1 }
$data merge entity $(bone_right_lower_leg) { transformation: [1f,-1.787230106225623e-32f,-4.735112837876999e-33f,-0.125f,0f,0.9850709699709643f,-0.17214872674656448f,0.555028342675008f,0f,0.1721487267465646f,0.9850709699709643f,0.26361586944633325f,0f,0f,0f,1f], start_interpolation: 0, interpolation_duration: 1 }
$data merge entity $(bone_right_leg) { transformation: [1f,-1.509069524219608e-32f,-1.0682291699561165e-32f,-0.125f,0f,0.9831217879810611f,0.18295231618353858f,0.9236990131679059f,0f,-0.18295231618353847f,0.9831217879810611f,0.19500875087750633f,0f,0f,0f,1f], start_interpolation: 0, interpolation_duration: 1 }
$data merge entity $(bone_left_lower_leg) { transformation: [1f,-1.787230106225623e-32f,-4.735112837876999e-33f,0.12499999999999999f,0f,0.9850709699709643f,-0.17214872674656448f,0.555028342675008f,0f,0.1721487267465646f,0.9850709699709643f,0.26361586944633325f,0f,0f,0f,1f], start_interpolation: 0, interpolation_duration: 1 }
$data merge entity $(bone_left_leg) { transformation: [1f,-1.509069524219608e-32f,-1.0682291699561165e-32f,0.12499999999999999f,0f,0.9831217879810611f,0.18295231618353858f,0.9236990131679059f,0f,-0.18295231618353847f,0.9831217879810611f,0.19500875087750633f,0f,0f,0f,1f], start_interpolation: 0, interpolation_duration: 1 }