# This file was generated by Animated Java via MC-Build. It is not recommended to edit this file directly.
$data merge entity $(bone_right_forearm) { transformation: [1f,-4.530872581517417e-35f,-2.4652613956931604e-32f,-0.31249999999999994f,0f,0.9999722402820368f,-0.0074510848421498466f,0.38298250816391893f,2.465190328815662e-32f,0.0074510848421498466f,0.9999722402820368f,0.01457961548408021f,0f,0f,0f,1f], start_interpolation: 0, interpolation_duration: 1 }
$data merge entity $(bone_right_arm) { transformation: [1f,-4.530872581517417e-35f,-2.4652613956931604e-32f,-0.31249999999999994f,0f,0.9999722402820368f,-0.0074510848421498466f,0.6329755682344281f,2.465190328815662e-32f,0.0074510848421498466f,0.9999722402820368f,0.016442386694617672f,0f,0f,0f,1f], start_interpolation: 0, interpolation_duration: 1 }
$data merge entity $(bone_left_forearm) { transformation: [1f,-4.530872581517417e-35f,-2.4652613956931604e-32f,0.31250000000000006f,0f,0.9999722402820368f,-0.0074510848421498466f,0.38298250816391893f,2.465190328815662e-32f,0.0074510848421498466f,0.9999722402820368f,0.01457961548408021f,0f,0f,0f,1f], start_interpolation: 0, interpolation_duration: 1 }
$data merge entity $(bone_left_arm) { transformation: [1f,-4.530872581517417e-35f,-2.4652613956931604e-32f,0.31250000000000006f,0f,0.9999722402820368f,-0.0074510848421498466f,0.6329755682344281f,2.465190328815662e-32f,0.0074510848421498466f,0.9999722402820368f,0.016442386694617672f,0f,0f,0f,1f], start_interpolation: 0, interpolation_duration: 1 }
$data merge entity $(bone_head) { transformation: [1f,-2.4310828907199485e-32f,-4.0910910079107165e-33f,4.52895173980109e-17f,0f,0.1604112808577604f,-0.987050262637913f,0.6820448865974125f,2.465190328815662e-32f,0.987050262637913f,0.1604112808577604f,0.05515223034441924f,0f,0f,0f,1f], start_interpolation: 0, interpolation_duration: 1 }
$data merge entity $(bone_torso) { transformation: [1f,-1.5159922168937655e-32f,-1.944042663168395e-32f,4.5289517398010915e-17f,0f,0.7851090938077498f,-0.6193574983968257f,0.14228238460458448f,2.465190328815662e-32f,0.6193574983968257f,0.7851090938077498f,-0.37065604980339845f,0f,0f,0f,1f], start_interpolation: 0, interpolation_duration: 1 }
$data merge entity $(bone_upper_body) { transformation: [1f,-1.5159922168937655e-32f,-1.944042663168395e-32f,4.5289517398010915e-17f,0f,0.7851090938077498f,-0.6193574983968257f,0.14228238460458448f,2.465190328815662e-32f,0.6193574983968257f,0.7851090938077498f,-0.37065604980339845f,0f,0f,0f,1f], start_interpolation: 0, interpolation_duration: 1 }
$data merge entity $(bone_right_lower_leg) { transformation: [1f,2.4639646120866505e-32f,-8.007913764534107e-34f,-0.12499999999999996f,0f,0.03809273130022487f,0.9992742085244114f,0.07175267973755958f,2.465190328815662e-32f,-0.9992742085244114f,0.03809273130022487f,0.003316610538127207f,0f,0f,0f,1f], start_interpolation: 0, interpolation_duration: 1 }
$data merge entity $(bone_right_leg) { transformation: [1f,2.4639646120866505e-32f,-8.007913764534107e-34f,-0.12499999999999996f,0f,0.03809273130022487f,0.9992742085244114f,0.08603745397514391f,2.465190328815662e-32f,-0.9992742085244114f,0.03809273130022487f,-0.3714112176585271f,0f,0f,0f,1f], start_interpolation: 0, interpolation_duration: 1 }
$data merge entity $(bone_left_lower_leg) { transformation: [1f,2.4639646120866505e-32f,-8.007913764534107e-34f,0.12500000000000006f,0f,0.03809273130022487f,0.9992742085244114f,0.07175267973755958f,2.465190328815662e-32f,-0.9992742085244114f,0.03809273130022487f,0.003316610538127207f,0f,0f,0f,1f], start_interpolation: 0, interpolation_duration: 1 }
$data merge entity $(bone_left_leg) { transformation: [1f,2.4639646120866505e-32f,-8.007913764534107e-34f,0.12500000000000006f,0f,0.03809273130022487f,0.9992742085244114f,0.08603745397514391f,2.465190328815662e-32f,-0.9992742085244114f,0.03809273130022487f,-0.3714112176585271f,0f,0f,0f,1f], start_interpolation: 0, interpolation_duration: 1 }