# This file was generated by Animated Java via MC-Build. It is not recommended to edit this file directly.
$data merge entity $(bone_right_forearm) { transformation: [1f,-1.1357839027495546e-32f,-4.788379324746091e-33f,-0.3125f,0f,0.9994397703125367f,-0.03346857507608941f,1.2526950216045352f,0f,0.03346857507608958f,0.9994397703125367f,-0.18267263159355684f,0f,0f,0f,1f], start_interpolation: 0, interpolation_duration: 1 }
$data merge entity $(bone_right_arm) { transformation: [1f,-1.1845986985112346e-32f,-3.4061233507766135e-33f,-0.3125f,0f,0.9883982591332752f,-0.15188443416726738f,1.499794586387854f,0f,0.15188443416726755f,0.9883982591332752f,-0.14470152305173994f,0f,0f,0f,1f], start_interpolation: 0, interpolation_duration: 1 }
$data merge entity $(bone_left_forearm) { transformation: [1f,-1.1412736765862514e-32f,-4.65602012939021e-33f,0.3125f,0f,0.9989831604115295f,-0.04508486679799362f,1.2531531355965118f,0f,0.04508486679799367f,0.9989831604115295f,-0.18554261451048942f,0f,0f,0f,1f], start_interpolation: 0, interpolation_duration: 1 }
$data merge entity $(bone_left_arm) { transformation: [1f,-1.1884782920735682e-32f,-3.268182806873908e-33f,0.3125f,0f,0.9865658031653688f,-0.16336436583499792f,1.499794586387854f,0f,0.16336436583499797f,0.9865658031653688f,-0.14470152305173994f,0f,0f,0f,1f], start_interpolation: 0, interpolation_duration: 1 }
$data merge entity $(bone_head) { transformation: [1f,2.9907487073794106e-34f,-1.2322322758061885e-32f,-1.093512744570287e-17f,0f,0.3969482327656796f,0.9178409995768351f,1.5551204715351699f,0f,-0.9178409995768351f,0.39694823276567975f,-0.1737755051090023f,0f,0f,0f,1f], start_interpolation: 0, interpolation_duration: 1 }
$data merge entity $(bone_torso) { transformation: [1f,-7.503563936741501e-33f,-9.778834909097769e-33f,-1.0935127445702865e-17f,0f,0.8852141623570539f,0.46518371291619776f,0.9465357349146953f,0f,-0.4651837129161977f,0.885214162357054f,0.1460382975208836f,0f,0f,0f,1f], start_interpolation: 0, interpolation_duration: 1 }
$data merge entity $(bone_upper_body) { transformation: [1f,-7.503563936741501e-33f,-9.778834909097769e-33f,-1.0935127445702865e-17f,0f,0.8852141623570539f,0.46518371291619776f,0.9465357349146953f,0f,-0.4651837129161977f,0.885214162357054f,0.1460382975208836f,0f,0f,0f,1f], start_interpolation: 0, interpolation_duration: 1 }
$data merge entity $(bone_right_lower_leg) { transformation: [1f,-1.2325147340319244e-32f,-1.4080827950889605e-34f,-0.125f,0f,0.9126677479068313f,-0.40870231456485856f,0.5480725773857639f,0f,0.40870231456485867f,0.9126677479068313f,0.1879735329860241f,0f,0f,0f,1f], start_interpolation: 0, interpolation_duration: 1 }
$data merge entity $(bone_right_leg) { transformation: [1f,-1.1313751982369617e-32f,-4.891635719632478e-33f,-0.125f,0f,0.9997031634642564f,-0.024363599068249253f,0.92296126368486f,0f,0.024363599068249364f,0.9997031634642564f,0.1971098826366176f,0f,0f,0f,1f], start_interpolation: 0, interpolation_duration: 1 }
$data merge entity $(bone_left_lower_leg) { transformation: [1f,-1.2325147340319244e-32f,-1.4080827950889605e-34f,0.12499999999999999f,0f,0.9126677479068313f,-0.40870231456485856f,0.5480725773857639f,0f,0.40870231456485867f,0.9126677479068313f,0.1879735329860241f,0f,0f,0f,1f], start_interpolation: 0, interpolation_duration: 1 }
$data merge entity $(bone_left_leg) { transformation: [1f,-1.1313751982369617e-32f,-4.891635719632478e-33f,0.12499999999999999f,0f,0.9997031634642564f,-0.024363599068249253f,0.92296126368486f,0f,0.024363599068249364f,0.9997031634642564f,0.1971098826366176f,0f,0f,0f,1f], start_interpolation: 0, interpolation_duration: 1 }