# This file was generated by Animated Java via MC-Build. It is not recommended to edit this file directly.
$data merge entity $(bone_right_forearm) { transformation: [1f,-9.769097390218898e-34f,-1.3746163183848798e-32f,-0.3125f,-6.162975822039155e-33f,0.9990482215818578f,-0.043619387365335716f,1.2542661911245427f,0f,0.043619387365336104f,0.9990482215818578f,-0.18536069099883823f,0f,0f,0f,1f], start_interpolation: 0, interpolation_duration: 1 }
$data merge entity $(bone_right_arm) { transformation: [1f,-2.7627864788025276e-33f,-1.350105054385554e-32f,-0.3125f,-6.162975822039155e-33f,0.9848077530122081f,-0.17364817766693008f,1.5004681293775948f,0f,0.17364817766693047f,0.9848077530122081f,-0.1419486465821056f,0f,0f,0f,1f], start_interpolation: 0, interpolation_duration: 1 }
$data merge entity $(bone_left_forearm) { transformation: [1f,-9.769097390218898e-34f,-1.3746163183848798e-32f,0.3125f,-6.162975822039155e-33f,0.9990482215818578f,-0.043619387365335716f,1.2542661911245427f,0f,0.043619387365336104f,0.9990482215818578f,-0.18536069099883823f,0f,0f,0f,1f], start_interpolation: 0, interpolation_duration: 1 }
$data merge entity $(bone_left_arm) { transformation: [1f,-2.7627864788025276e-33f,-1.350105054385554e-32f,0.3125f,-6.162975822039155e-33f,0.9848077530122081f,-0.17364817766693008f,1.5004681293775948f,0f,0.17364817766693047f,0.9848077530122081f,-0.1419486465821056f,0f,0f,0f,1f], start_interpolation: 0, interpolation_duration: 1 }
$data merge entity $(bone_head) { transformation: [1f,1.232595164407831e-32f,-6.162975822039155e-33f,-1.1021821192326178e-17f,-6.162975822039155e-33f,0.4226182617406993f,0.90630778703665f,1.5559063064512335f,0f,-0.90630778703665f,0.4226182617406995f,-0.1708079349092952f,0f,0f,0f,1f], start_interpolation: 0, interpolation_duration: 1 }
$data merge entity $(bone_torso) { transformation: [1f,6.027052940727018e-33f,-1.2392981391290387e-32f,-1.1021821192326182e-17f,-6.162975822039155e-33f,0.8870108331782216f,0.46174861323503413f,0.9460863586412063f,0f,-0.46174861323503397f,0.8870108331782218f,0.14664423668979065f,0f,0f,0f,1f], start_interpolation: 0, interpolation_duration: 1 }
$data merge entity $(bone_upper_body) { transformation: [1f,6.027052940727018e-33f,-1.2392981391290387e-32f,-1.1021821192326182e-17f,-6.162975822039155e-33f,0.8870108331782216f,0.46174861323503413f,0.9460863586412063f,0f,-0.46174861323503397f,0.8870108331782218f,0.14664423668979065f,0f,0f,0f,1f], start_interpolation: 0, interpolation_duration: 1 }
$data merge entity $(bone_right_lower_leg) { transformation: [1f,-8.875649581419416e-33f,-1.0542020651803206e-32f,-0.125f,-6.162975822039155e-33f,0.7822821016875392f,-0.6229243239586381f,0.557721248140962f,0f,0.6229243239586383f,0.7822821016875391f,0.10989112588602502f,0f,0f,0f,1f], start_interpolation: 0, interpolation_duration: 1 }
$data merge entity $(bone_right_leg) { transformation: [1f,-3.588819887549374e-33f,-1.3305327005749466e-32f,-0.125f,-6.162975822039155e-33f,0.9722475554062132f,-0.23395446353220561f,0.922314081418292f,0f,0.23395446353220584f,0.9722475554062132f,0.1976240497106022f,0f,0f,0f,1f], start_interpolation: 0, interpolation_duration: 1 }
$data merge entity $(bone_left_lower_leg) { transformation: [1f,-8.875649581419416e-33f,-1.0542020651803206e-32f,0.12499999999999999f,-6.162975822039155e-33f,0.7822821016875392f,-0.6229243239586381f,0.557721248140962f,0f,0.6229243239586383f,0.7822821016875391f,0.10989112588602502f,0f,0f,0f,1f], start_interpolation: 0, interpolation_duration: 1 }
$data merge entity $(bone_left_leg) { transformation: [1f,-3.588819887549374e-33f,-1.3305327005749466e-32f,0.12499999999999999f,-6.162975822039155e-33f,0.9722475554062132f,-0.23395446353220561f,0.922314081418292f,0f,0.23395446353220584f,0.9722475554062132f,0.1976240497106022f,0f,0f,0f,1f], start_interpolation: 0, interpolation_duration: 1 }