# This file was generated by Animated Java via MC-Build. It is not recommended to edit this file directly.
$data merge entity $(bone_right_forearm) { transformation: [0.9999999999999998f,6.38675021510811e-33f,1.6219358481583976e-32f,-0.31249999999999994f,0f,0.9996601705844066f,-0.026068052231711616f,1.2530827997086715f,-2.465190328815662e-32f,0.026068052231711283f,0.9996601705844065f,-0.1804538125823934f,0f,0f,0f,1f], start_interpolation: 0, interpolation_duration: 1 }
$data merge entity $(bone_right_arm) { transformation: [0.9999999999999998f,8.38470527751496e-33f,1.528250258542515e-32f,-0.31249999999999994f,0f,0.9883566695367785f,-0.15215483489579684f,1.5001719670928662f,-2.465190328815662e-32f,0.1521548348957965f,0.9883566695367785f,-0.14241510385844428f,0f,0f,0f,1f], start_interpolation: 0, interpolation_duration: 1 }
$data merge entity $(bone_left_forearm) { transformation: [0.9999999999999998f,6.38675021510811e-33f,1.6219358481583976e-32f,0.31249999999999994f,0f,0.9996601705844066f,-0.026068052231711616f,1.2530827997086715f,-2.465190328815662e-32f,0.026068052231711283f,0.9996601705844065f,-0.1804538125823934f,0f,0f,0f,1f], start_interpolation: 0, interpolation_duration: 1 }
$data merge entity $(bone_left_arm) { transformation: [0.9999999999999998f,8.38470527751496e-33f,1.528250258542515e-32f,0.31249999999999994f,0f,0.9883566695367785f,-0.15215483489579684f,1.5001719670928662f,-2.465190328815662e-32f,0.1521548348957965f,0.9883566695367785f,-0.14241510385844428f,0f,0f,0f,1f], start_interpolation: 0, interpolation_duration: 1 }
$data merge entity $(bone_head) { transformation: [0.9999999999999998f,-1.2359950267344135e-32f,1.2291858982802122e-32f,-1.1010340116113408e-17f,0f,0.42012224518839447f,0.9074675195828568f,1.5555907398648912f,-2.465190328815662e-32f,-0.9074675195828568f,0.42012224518839425f,-0.17131163694534993f,0f,0f,0f,1f], start_interpolation: 0, interpolation_duration: 1 }
$data merge entity $(bone_torso) { transformation: [0.9999999999999998f,-2.2870530633673806e-33f,1.7280843617996647e-32f,-1.1010340116113407e-17f,0f,0.8867003643524038f,0.46234452939049053f,0.9459842393726137f,-2.465190328815662e-32f,-0.4623445293904907f,0.8867003643524036f,0.1465502270106124f,0f,0f,0f,1f], start_interpolation: 0, interpolation_duration: 1 }
$data merge entity $(bone_upper_body) { transformation: [0.9999999999999998f,-2.2870530633673806e-33f,1.7280843617996647e-32f,-1.1010340116113407e-17f,0f,0.8867003643524038f,0.46234452939049053f,0.9459842393726137f,-2.465190328815662e-32f,-0.4623445293904907f,0.8867003643524036f,0.1465502270106124f,0f,0f,0f,1f], start_interpolation: 0, interpolation_duration: 1 }
$data merge entity $(bone_right_lower_leg) { transformation: [0.9999999999999998f,1.431220489952873e-32f,9.950827039910772e-33f,-0.12499999999999999f,0f,0.8172365842761201f,-0.5763023211134063f,0.5540979424154823f,-2.465190328815662e-32f,0.5763023211134061f,0.8172365842761202f,0.12599354064714555f,0f,0f,0f,1f], start_interpolation: 0, interpolation_duration: 1 }
$data merge entity $(bone_right_leg) { transformation: [0.9999999999999998f,8.977059367675747e-33f,1.494224122993397e-32f,-0.12499999999999999f,0f,0.9816360499780515f,-0.19076337537244395f,0.9222114611572516f,-2.465190328815662e-32f,0.19076337537244373f,0.9816360499780514f,0.19752980641181195f,0f,0f,0f,1f], start_interpolation: 0, interpolation_duration: 1 }
$data merge entity $(bone_left_lower_leg) { transformation: [0.9999999999999998f,1.431220489952873e-32f,9.950827039910772e-33f,0.12499999999999996f,0f,0.8172365842761201f,-0.5763023211134063f,0.5540979424154823f,-2.465190328815662e-32f,0.5763023211134061f,0.8172365842761202f,0.12599354064714555f,0f,0f,0f,1f], start_interpolation: 0, interpolation_duration: 1 }
$data merge entity $(bone_left_leg) { transformation: [0.9999999999999998f,8.977059367675747e-33f,1.494224122993397e-32f,0.12499999999999996f,0f,0.9816360499780515f,-0.19076337537244395f,0.9222114611572516f,-2.465190328815662e-32f,0.19076337537244373f,0.9816360499780514f,0.19752980641181195f,0f,0f,0f,1f], start_interpolation: 0, interpolation_duration: 1 }
execute on vehicle unless entity @s[tag=aj.transforms_only] at @s run function animated_java:rend_fallen_tether/animations/rise_2/zzz/frames/zzz/4