# This file was generated by Animated Java via MC-Build. It is not recommended to edit this file directly.
$data merge entity $(bone_right_forearm) { transformation: [1f,4.744118423997405e-34f,1.3772664532289559e-32f,-0.3125f,6.162975822039155e-33f,0.999973542919797f,-0.007274163898949623f,1.2514064777249776f,0f,0.0072741638989495955f,0.9999735429197967f,-0.17609876193526391f,0f,0f,0f,1f], start_interpolation: 0, interpolation_duration: 1 }
$data merge entity $(bone_right_arm) { transformation: [1f,2.1531730421476912e-33f,1.36115833305962e-32f,-0.3125f,6.162975822039155e-33f,0.9915970165639039f,-0.12936520684312597f,1.4993057318659535f,0f,0.1293652068431259f,0.9915970165639036f,-0.14375746022448244f,0f,0f,0f,1f], start_interpolation: 0, interpolation_duration: 1 }
$data merge entity $(bone_left_forearm) { transformation: [1f,4.744118423997405e-34f,1.3772664532289559e-32f,0.3125f,6.162975822039155e-33f,0.999973542919797f,-0.007274163898949623f,1.2514064777249776f,0f,0.0072741638989495955f,0.9999735429197967f,-0.17609876193526391f,0f,0f,0f,1f], start_interpolation: 0, interpolation_duration: 1 }
$data merge entity $(bone_left_arm) { transformation: [1f,2.1531730421476912e-33f,1.36115833305962e-32f,0.3125f,6.162975822039155e-33f,0.9915970165639039f,-0.12936520684312597f,1.4993057318659535f,0f,0.1293652068431259f,0.9915970165639036f,-0.14375746022448244f,0f,0f,0f,1f], start_interpolation: 0, interpolation_duration: 1 }
$data merge entity $(bone_head) { transformation: [1f,-1.2387612676018625e-32f,6.038079753045548e-33f,-1.0975752165952277e-17f,6.162975822039155e-33f,0.4135795745745321f,0.9104679760951226f,1.5546693128771132f,0f,-0.9104679760951225f,0.4135795745745321f,-0.1727595963116872f,0f,0f,0f,1f], start_interpolation: 0, interpolation_duration: 1 }
$data merge entity $(bone_torso) { transformation: [1f,-6.060933499747679e-33f,1.2376446987194356e-32f,-1.0975752165952273e-17f,6.162975822039155e-33f,0.8858172961785568f,0.4640341773952763f,0.9456699217543555f,0f,-0.46403417739527636f,0.8858172961785566f,0.14626390064756528f,0f,0f,0f,1f], start_interpolation: 0, interpolation_duration: 1 }
$data merge entity $(bone_upper_body) { transformation: [1f,-6.060933499747679e-33f,1.2376446987194356e-32f,-1.0975752165952273e-17f,6.162975822039155e-33f,0.8858172961785568f,0.4640341773952763f,0.9456699217543555f,0f,-0.46403417739527636f,0.8858172961785566f,0.14626390064756528f,0f,0f,0f,1f], start_interpolation: 0, interpolation_duration: 1 }
$data merge entity $(bone_right_lower_leg) { transformation: [1f,7.589234598126341e-33f,1.1502820225049078e-32f,-0.125f,6.162975822039155e-33f,0.8493435863429831f,-0.5278403852852107f,0.5509821744413256f,0f,0.5278403852852107f,0.8493435863429832f,0.1419890909504437f,0f,0f,0f,1f], start_interpolation: 0, interpolation_duration: 1 }
$data merge entity $(bone_right_leg) { transformation: [1f,2.399790507055266e-33f,1.3570274884372956e-32f,-0.125f,6.162975822039155e-33f,0.9890865452972912f,-0.14733569123559143f,0.9218896289278098f,0f,0.14733569123559132f,0.9890865452972912f,0.19723997516379044f,0f,0f,0f,1f], start_interpolation: 0, interpolation_duration: 1 }
$data merge entity $(bone_left_lower_leg) { transformation: [1f,7.589234598126341e-33f,1.1502820225049078e-32f,0.12499999999999999f,6.162975822039155e-33f,0.8493435863429831f,-0.5278403852852107f,0.5509821744413256f,0f,0.5278403852852107f,0.8493435863429832f,0.1419890909504437f,0f,0f,0f,1f], start_interpolation: 0, interpolation_duration: 1 }
$data merge entity $(bone_left_leg) { transformation: [1f,2.399790507055266e-33f,1.3570274884372956e-32f,0.12499999999999999f,6.162975822039155e-33f,0.9890865452972912f,-0.14733569123559143f,0.9218896289278098f,0f,0.14733569123559132f,0.9890865452972912f,0.19723997516379044f,0f,0f,0f,1f], start_interpolation: 0, interpolation_duration: 1 }