# This file was generated by Animated Java via MC-Build. It is not recommended to edit this file directly.
$data merge entity $(bone_right_forearm) { transformation: [1f,-5.7447785767641326e-33f,-1.6457693853279247e-32f,-0.3125f,0f,0.9999227528816579f,0.012429331018497011f,1.2493350294013628f,2.465190328815662e-32f,-0.012429331018497011f,0.9999227528816579f,-0.17220690398937988f,0f,0f,0f,1f], start_interpolation: 0, interpolation_duration: 1 }
$data merge entity $(bone_right_arm) { transformation: [1f,-7.645968307896347e-33f,-1.56651631494523e-32f,-0.3125f,0f,0.9944081526733308f,-0.10560504673932009f,1.4979370675696955f,2.465190328815662e-32f,0.10560504673932009f,0.9944081526733308f,-0.14580564230454984f,0f,0f,0f,1f], start_interpolation: 0, interpolation_duration: 1 }
$data merge entity $(bone_left_forearm) { transformation: [1f,-5.7447785767641326e-33f,-1.6457693853279247e-32f,0.3125f,0f,0.9999227528816579f,0.012429331018497011f,1.2493350294013628f,2.465190328815662e-32f,-0.012429331018497011f,0.9999227528816579f,-0.17220690398937988f,0f,0f,0f,1f], start_interpolation: 0, interpolation_duration: 1 }
$data merge entity $(bone_left_arm) { transformation: [1f,-7.645968307896347e-33f,-1.56651631494523e-32f,0.3125f,0f,0.9944081526733308f,-0.10560504673932009f,1.4979370675696955f,2.465190328815662e-32f,0.10560504673932009f,0.9944081526733308f,-0.14580564230454984f,0f,0f,0f,1f], start_interpolation: 0, interpolation_duration: 1 }
$data merge entity $(bone_head) { transformation: [1f,1.2577688531951233e-32f,-1.2068965119575744e-32f,-1.0917613899737972e-17f,0f,0.404553541158279f,0.9145143149980195f,1.5532188292554712f,2.465190328815662e-32f,-0.9145143149980195f,0.404553541158279f,-0.17496343414338938f,0f,0f,0f,1f], start_interpolation: 0, interpolation_duration: 1 }
$data merge entity $(bone_torso) { transformation: [1f,2.382170970703678e-33f,-1.7267988572229547e-32f,-1.0917613899737973e-17f,0f,0.8845081869724116f,0.4665246694214331f,0.9451194507119383f,2.465190328815662e-32f,-0.4665246694214331f,0.8845081869724116f,0.14577227608384585f,0f,0f,0f,1f], start_interpolation: 0, interpolation_duration: 1 }
$data merge entity $(bone_upper_body) { transformation: [1f,2.382170970703678e-33f,-1.7267988572229547e-32f,-1.0917613899737973e-17f,0f,0.8845081869724116f,0.4665246694214331f,0.9451194507119383f,2.465190328815662e-32f,-0.4665246694214331f,0.8845081869724116f,0.14577227608384585f,0f,0f,0f,1f], start_interpolation: 0, interpolation_duration: 1 }
$data merge entity $(bone_right_lower_leg) { transformation: [1f,-1.3057653396582474e-32f,-1.1547980587056412e-32f,-0.125f,0f,0.8783455215213071f,-0.4780263013929915f,0.5483444559439412f,2.465190328815662e-32f,0.4780263013929915f,0.8783455215213071f,0.1576916503064317f,0f,0f,0f,1f], start_interpolation: 0, interpolation_duration: 1 }
$data merge entity $(bone_right_leg) { transformation: [1f,-7.62242019226701e-33f,-1.567663478801601e-32f,-0.125f,0f,0.9945657189321989f,-0.1041106657594622f,0.9213066005435159f,2.465190328815662e-32f,0.1041106657594622f,0.9945657189321989f,0.19673314996623004f,0f,0f,0f,1f], start_interpolation: 0, interpolation_duration: 1 }
$data merge entity $(bone_left_lower_leg) { transformation: [1f,-1.3057653396582474e-32f,-1.1547980587056412e-32f,0.12499999999999999f,0f,0.8783455215213071f,-0.4780263013929915f,0.5483444559439412f,2.465190328815662e-32f,0.4780263013929915f,0.8783455215213071f,0.1576916503064317f,0f,0f,0f,1f], start_interpolation: 0, interpolation_duration: 1 }
$data merge entity $(bone_left_leg) { transformation: [1f,-7.62242019226701e-33f,-1.567663478801601e-32f,0.12499999999999999f,0f,0.9945657189321989f,-0.1041106657594622f,0.9213066005435159f,2.465190328815662e-32f,0.1041106657594622f,0.9945657189321989f,0.19673314996623004f,0f,0f,0f,1f], start_interpolation: 0, interpolation_duration: 1 }