# This file was generated by Animated Java via MC-Build. It is not recommended to edit this file directly.
$data merge entity $(bone_right_forearm) { transformation: [1f,-1.6472865121721298e-32f,-8.395543670836976e-33f,-0.3125f,0f,0.9994720253730127f,0.032491083342483365f,1.2470112646684242f,-2.465190328815662e-32f,-0.032491083342483254f,0.9994720253730127f,-0.16863491377163556f,0f,0f,0f,1f], start_interpolation: 0, interpolation_duration: 1 }
$data merge entity $(bone_right_arm) { transformation: [1f,-1.7321021443839874e-32f,-6.467043759662687e-33f,-0.3125f,0f,0.9966796864019396f,-0.08142237231702176f,1.496181186268909f,-2.465190328815662e-32f,0.08142237231702187f,0.9966796864019396f,-0.1482793206923801f,0f,0f,0f,1f], start_interpolation: 0, interpolation_duration: 1 }
$data merge entity $(bone_left_forearm) { transformation: [1f,-1.6472865121721298e-32f,-8.395543670836976e-33f,0.3125f,0f,0.9994720253730127f,0.032491083342483365f,1.2470112646684242f,-2.465190328815662e-32f,-0.032491083342483254f,0.9994720253730127f,-0.16863491377163556f,0f,0f,0f,1f], start_interpolation: 0, interpolation_duration: 1 }
$data merge entity $(bone_left_arm) { transformation: [1f,-1.7321021443839874e-32f,-6.467043759662687e-33f,0.3125f,0f,0.9966796864019396f,-0.08142237231702176f,1.496181186268909f,-2.465190328815662e-32f,0.08142237231702187f,0.9966796864019396f,-0.1482793206923801f,0f,0f,0f,1f], start_interpolation: 0, interpolation_duration: 1 }
$data merge entity $(bone_head) { transformation: [1f,6.095518035591496e-34f,-1.8478876736591176e-32f,-1.0835153897785954e-17f,0f,0.39482158061413597f,0.9187578132899634f,1.5513700386734124f,-2.465190328815662e-32f,-0.9187578132899634f,0.3948215806141362f,-0.177612587988642f,0f,0f,0f,1f], start_interpolation: 0, interpolation_duration: 1 }
$data merge entity $(bone_torso) { transformation: [1f,-1.1092064754234605e-32f,-1.479211067884564e-32f,-1.0835153897785946e-17f,0f,0.883021638472053f,0.46933227674019096f,0.9442926622238759f,-2.465190328815662e-32f,-0.46933227674019085f,0.8830216384720531f,0.1450533522702392f,0f,0f,0f,1f], start_interpolation: 0, interpolation_duration: 1 }
$data merge entity $(bone_upper_body) { transformation: [1f,-1.1092064754234605e-32f,-1.479211067884564e-32f,-1.0835153897785946e-17f,0f,0.883021638472053f,0.46933227674019096f,0.9442926622238759f,-2.465190328815662e-32f,-0.46933227674019085f,0.8830216384720531f,0.1450533522702392f,0f,0f,0f,1f], start_interpolation: 0, interpolation_duration: 1 }
$data merge entity $(bone_right_lower_leg) { transformation: [1f,-1.8488844842959696e-32f,5.527404739471917e-35f,-0.125f,0f,0.9039673953956272f,-0.42760138921856405f,0.5461082317884352f,-2.465190328815662e-32f,0.42760138921856433f,0.9039673953956272f,0.17281058495922896f,0f,0f,0f,1f], start_interpolation: 0, interpolation_duration: 1 }
$data merge entity $(bone_right_leg) { transformation: [1f,-1.71902251078602e-32f,-6.807099205127358e-33f,-0.125f,0f,0.9980905979116589f,-0.06176696819779448f,0.9203922060053072f,-2.465190328815662e-32f,0.0617669681977947f,0.998090597911659f,0.19597319803340196f,0f,0f,0f,1f], start_interpolation: 0, interpolation_duration: 1 }
$data merge entity $(bone_left_lower_leg) { transformation: [1f,-1.8488844842959696e-32f,5.527404739471917e-35f,0.12499999999999999f,0f,0.9039673953956272f,-0.42760138921856405f,0.5461082317884352f,-2.465190328815662e-32f,0.42760138921856433f,0.9039673953956272f,0.17281058495922896f,0f,0f,0f,1f], start_interpolation: 0, interpolation_duration: 1 }
$data merge entity $(bone_left_leg) { transformation: [1f,-1.71902251078602e-32f,-6.807099205127358e-33f,0.12499999999999999f,0f,0.9980905979116589f,-0.06176696819779448f,0.9203922060053072f,-2.465190328815662e-32f,0.0617669681977947f,0.998090597911659f,0.19597319803340196f,0f,0f,0f,1f], start_interpolation: 0, interpolation_duration: 1 }