# This file was generated by Animated Java via MC-Build. It is not recommended to edit this file directly.
$data merge entity $(bone_right_forearm) { transformation: [1f,1.0421436230721383e-32f,1.9625574887592904e-32f,-0.3125f,-6.162975822039155e-33f,0.9986394426831173f,0.052146558060456726f,1.2446177164935972f,0f,-0.05214655806045687f,0.9986394426831171f,-0.16518837728405766f,0f,0f,0f,1f], start_interpolation: 0, interpolation_duration: 1 }
$data merge entity $(bone_right_arm) { transformation: [1f,1.2508997833301525e-32f,1.8365579108374648e-32f,-0.3125f,-6.162975822039155e-33f,0.9983406216961984f,-0.05758474686275683f,1.4942028719176468f,0f,0.057584746862756664f,0.9983406216961983f,-0.15079219056836848f,0f,0f,0f,1f], start_interpolation: 0, interpolation_duration: 1 }
$data merge entity $(bone_left_forearm) { transformation: [1f,1.0421436230721383e-32f,1.9625574887592904e-32f,0.3125f,-6.162975822039155e-33f,0.9986394426831173f,0.052146558060456726f,1.2446177164935972f,0f,-0.05214655806045687f,0.9986394426831171f,-0.16518837728405766f,0f,0f,0f,1f], start_interpolation: 0, interpolation_duration: 1 }
$data merge entity $(bone_left_arm) { transformation: [1f,1.2508997833301525e-32f,1.8365579108374648e-32f,0.3125f,-6.162975822039155e-33f,0.9983406216961984f,-0.05758474686275683f,1.4942028719176468f,0f,0.057584746862756664f,0.9983406216961983f,-0.15079219056836848f,0f,0f,0f,1f], start_interpolation: 0, interpolation_duration: 1 }
$data merge entity $(bone_head) { transformation: [1f,-1.3158834953181866e-32f,1.7905713765567374e-32f,-1.0727218845189475e-17f,-6.162975822039155e-33f,0.3863885337286337f,0.922336110646784f,1.549309872254316f,0f,-0.9223361106467839f,0.3863885337286334f,-0.1802789420661912f,0f,0f,0f,1f], start_interpolation: 0, interpolation_duration: 1 }
$data merge entity $(bone_torso) { transformation: [1f,1.0884289904947261e-33f,2.219425252429467e-32f,-1.0727218845189475e-17f,-6.162975822039155e-33f,0.8817120053867058f,0.4717880239651635f,0.9431328685509557f,0f,-0.47178802396516356f,0.8817120053867056f,0.14407532440985873f,0f,0f,0f,1f], start_interpolation: 0, interpolation_duration: 1 }
$data merge entity $(bone_upper_body) { transformation: [1f,1.0884289904947261e-33f,2.219425252429467e-32f,-1.0727218845189475e-17f,-6.162975822039155e-33f,0.8817120053867058f,0.4717880239651635f,0.9431328685509557f,0f,-0.47178802396516356f,0.8817120053867056f,0.14407532440985873f,0f,0f,0f,1f], start_interpolation: 0, interpolation_duration: 1 }
$data merge entity $(bone_right_lower_leg) { transformation: [1f,1.7779402671076918e-32f,1.3329004592962394e-32f,-0.125f,-6.162975822039155e-33f,0.9259791792418295f,-0.37757457489961854f,0.5441323422420612f,0f,0.3775745748996184f,0.9259791792418294f,0.18695146893966857f,0f,0f,0f,1f], start_interpolation: 0, interpolation_duration: 1 }
$data merge entity $(bone_right_leg) { transformation: [1f,1.1832405581102145e-32f,1.8808607097385294e-32f,-0.125f,-6.162975822039155e-33f,0.9997748758913124f,-0.02121785890495803f,0.9190479207013034f,0f,0.02121785890495792f,0.9997748758913123f,0.1949081660290278f,0f,0f,0f,1f], start_interpolation: 0, interpolation_duration: 1 }
$data merge entity $(bone_left_lower_leg) { transformation: [1f,1.7779402671076918e-32f,1.3329004592962394e-32f,0.12499999999999999f,-6.162975822039155e-33f,0.9259791792418295f,-0.37757457489961854f,0.5441323422420612f,0f,0.3775745748996184f,0.9259791792418294f,0.18695146893966857f,0f,0f,0f,1f], start_interpolation: 0, interpolation_duration: 1 }
$data merge entity $(bone_left_leg) { transformation: [1f,1.1832405581102145e-32f,1.8808607097385294e-32f,0.12499999999999999f,-6.162975822039155e-33f,0.9997748758913124f,-0.02121785890495803f,0.9190479207013034f,0f,0.02121785890495792f,0.9997748758913123f,0.1949081660290278f,0f,0f,0f,1f], start_interpolation: 0, interpolation_duration: 1 }