# This file was generated by Animated Java via MC-Build. It is not recommended to edit this file directly.
$data merge entity $(bone_right_forearm) { transformation: [1f,4.579688127256544e-33f,1.681917431152252e-32f,-0.3125f,-6.162975822039155e-33f,0.9975169647337546f,0.07042659347403797f,1.242369723281062f,0f,-0.07042659347403807f,0.9975169647337545f,-0.16162521203915906f,0f,0f,0f,1f], start_interpolation: 0, interpolation_duration: 1 }
$data merge entity $(bone_right_arm) { transformation: [1f,6.326402252102577e-33f,1.6242992409310082e-32f,-0.3125f,-6.162975822039155e-33f,0.9993847834913376f,-0.03507213318251512f,1.4922159191538964f,0f,0.03507213318251501f,0.9993847834913375f,-0.1528571787435303f,0f,0f,0f,1f], start_interpolation: 0, interpolation_duration: 1 }
$data merge entity $(bone_left_forearm) { transformation: [1f,4.579688127256544e-33f,1.681917431152252e-32f,0.3125f,-6.162975822039155e-33f,0.9975169647337546f,0.07042659347403797f,1.242369723281062f,0f,-0.07042659347403807f,0.9975169647337545f,-0.16162521203915906f,0f,0f,0f,1f], start_interpolation: 0, interpolation_duration: 1 }
$data merge entity $(bone_left_arm) { transformation: [1f,6.326402252102577e-33f,1.6242992409310082e-32f,0.3125f,-6.162975822039155e-33f,0.9993847834913376f,-0.03507213318251512f,1.4922159191538964f,0f,0.03507213318251501f,0.9993847834913375f,-0.1528571787435303f,0f,0f,0f,1f], start_interpolation: 0, interpolation_duration: 1 }
$data merge entity $(bone_head) { transformation: [1f,-1.3015915647193254e-32f,1.1595003567462295e-32f,-1.0592185599038088e-17f,-6.162975822039155e-33f,0.3814805862062305f,0.9243768508285735f,1.5472808615333795f,0f,-0.9243768508285735f,0.3814805862062303f,-0.1824223968341214f,0f,0f,0f,1f], start_interpolation: 0, interpolation_duration: 1 }
$data merge entity $(bone_torso) { transformation: [1f,-2.715402449239268e-33f,1.7218732746720326e-32f,-1.0592185599038086e-17f,-6.162975822039155e-33f,0.8810390780717285f,0.4730434894494571f,0.9415664953590662f,0f,-0.4730434894494572f,0.8810390780717284f,0.14279500216238042f,0f,0f,0f,1f], start_interpolation: 0, interpolation_duration: 1 }
$data merge entity $(bone_upper_body) { transformation: [1f,-2.715402449239268e-33f,1.7218732746720326e-32f,-1.0592185599038086e-17f,-6.162975822039155e-33f,0.8810390780717285f,0.4730434894494571f,0.9415664953590662f,0f,-0.4730434894494572f,0.8810390780717284f,0.14279500216238042f,0f,0f,0f,1f], start_interpolation: 0, interpolation_duration: 1 }
$data merge entity $(bone_right_lower_leg) { transformation: [1f,1.084946105008385e-32f,1.364358320922429e-32f,-0.125f,-6.162975822039155e-33f,0.9442519531480607f,-0.3292237065827318f,0.5421973022139621f,0f,0.32922370658273176f,0.9442519531480608f,0.19961748234789933f,0f,0f,0f,1f], start_interpolation: 0, interpolation_duration: 1 }
$data merge entity $(bone_right_leg) { transformation: [1f,5.4822193817573094e-33f,1.654700693523146e-32f,-0.125f,-6.162975822039155e-33f,0.9998655301366015f,0.016398830587969482f,0.9171468760151876f,0f,-0.016398830587969537f,0.9998655301366015f,0.19346792087741077f,0f,0f,0f,1f], start_interpolation: 0, interpolation_duration: 1 }
$data merge entity $(bone_left_lower_leg) { transformation: [1f,1.084946105008385e-32f,1.364358320922429e-32f,0.12499999999999999f,-6.162975822039155e-33f,0.9442519531480607f,-0.3292237065827318f,0.5421973022139621f,0f,0.32922370658273176f,0.9442519531480608f,0.19961748234789933f,0f,0f,0f,1f], start_interpolation: 0, interpolation_duration: 1 }
$data merge entity $(bone_left_leg) { transformation: [1f,5.4822193817573094e-33f,1.654700693523146e-32f,0.12499999999999999f,-6.162975822039155e-33f,0.9998655301366015f,0.016398830587969482f,0.9171468760151876f,0f,-0.016398830587969537f,0.9998655301366015f,0.19346792087741077f,0f,0f,0f,1f], start_interpolation: 0, interpolation_duration: 1 }