# This file was generated by Animated Java via MC-Build. It is not recommended to edit this file directly.
$data merge entity $(bone_right_forearm) { transformation: [1f,5.26627836223709e-33f,3.201340843220638e-33f,-0.3125f,0f,0.9962805071628673f,0.08616931615894449f,1.2405050848733676f,-2.465190328815662e-32f,-0.08616931615894444f,0.9962805071628674f,-0.15765817278342192f,0f,0f,0f,1f], start_interpolation: 0, interpolation_duration: 1 }
$data merge entity $(bone_right_arm) { transformation: [1f,5.5631330722506546e-33f,2.6521352536155067e-33f,-0.3125f,0f,0.9998865191922609f,-0.015064817874263725f,1.4904767146714328f,-2.465190328815662e-32f,0.01506481787426378f,0.9998865191922609f,-0.15389196831485596f,0f,0f,0f,1f], start_interpolation: 0, interpolation_duration: 1 }
$data merge entity $(bone_left_forearm) { transformation: [1f,5.26627836223709e-33f,3.201340843220638e-33f,0.3125f,0f,0.9962805071628673f,0.08616931615894449f,1.2405050848733676f,-2.465190328815662e-32f,-0.08616931615894444f,0.9962805071628674f,-0.15765817278342192f,0f,0f,0f,1f], start_interpolation: 0, interpolation_duration: 1 }
$data merge entity $(bone_left_arm) { transformation: [1f,5.5631330722506546e-33f,2.6521352536155067e-33f,0.3125f,0f,0.9998865191922609f,-0.015064817874263725f,1.4904767146714328f,-2.465190328815662e-32f,0.01506481787426378f,0.9998865191922609f,-0.15389196831485596f,0f,0f,0f,1f], start_interpolation: 0, interpolation_duration: 1 }
$data merge entity $(bone_head) { transformation: [1f,-4.15136777158746e-34f,6.148978162206258e-33f,-1.0427822071146186e-17f,0f,0.3825150276076782f,0.9239492700653524f,1.5455741134379262f,-2.465190328815662e-32f,-0.9239492700653524f,0.3825150276076782f,-0.18339665691117962f,0f,0f,0f,1f], start_interpolation: 0, interpolation_duration: 1 }
$data merge entity $(bone_torso) { transformation: [1f,3.5770201334069026e-33f,5.0186848823412755e-33f,-1.0427822071146189e-17f,0f,0.8815583802638918f,0.47207501754117853f,0.9395027270065006f,-2.465190328815662e-32f,-0.4720750175411785f,0.8815583802638918f,0.14115491764838056f,0f,0f,0f,1f], start_interpolation: 0, interpolation_duration: 1 }
$data merge entity $(bone_upper_body) { transformation: [1f,3.5770201334069026e-33f,5.0186848823412755e-33f,-1.0427822071146189e-17f,0f,0.8815583802638918f,0.47207501754117853f,0.9395027270065006f,-2.465190328815662e-32f,-0.4720750175411785f,0.8815583802638918f,0.14115491764838056f,0f,0f,0f,1f], start_interpolation: 0, interpolation_duration: 1 }
$data merge entity $(bone_right_lower_leg) { transformation: [1f,6.072168864073504e-33f,1.0540570521634424e-33f,-0.125f,0f,0.9587990565938433f,-0.28408514405853064f,0.5399983374253712f,-2.465190328815662e-32f,0.28408514405853075f,0.9587990565938433f,0.21020955719786483f,0f,0f,0f,1f], start_interpolation: 0, interpolation_duration: 1 }
$data merge entity $(bone_right_leg) { transformation: [1f,5.379662228716992e-33f,3.006909590918044e-33f,-0.125f,0f,0.9987625480692652f,0.04973301292088439f,0.9145342929513456f,-2.465190328815662e-32f,-0.04973301292088428f,0.9987625480692652f,0.1915596773525332f,0f,0f,0f,1f], start_interpolation: 0, interpolation_duration: 1 }
$data merge entity $(bone_left_lower_leg) { transformation: [1f,6.072168864073504e-33f,1.0540570521634424e-33f,0.12499999999999999f,0f,0.9587990565938433f,-0.28408514405853064f,0.5399983374253712f,-2.465190328815662e-32f,0.28408514405853075f,0.9587990565938433f,0.21020955719786483f,0f,0f,0f,1f], start_interpolation: 0, interpolation_duration: 1 }
$data merge entity $(bone_left_leg) { transformation: [1f,5.379662228716992e-33f,3.006909590918044e-33f,0.12499999999999999f,0f,0.9987625480692652f,0.04973301292088439f,0.9145342929513456f,-2.465190328815662e-32f,-0.04973301292088428f,0.9987625480692652f,0.1915596773525332f,0f,0f,0f,1f], start_interpolation: 0, interpolation_duration: 1 }