# This file was generated by Animated Java via MC-Build. It is not recommended to edit this file directly.
$data merge entity $(bone_right_forearm) { transformation: [1f,-2.7391647866009297e-32f,-3.056639796464786e-33f,-0.3125f,0f,0.995182924443707f,0.0980354369382352f,1.2392679051716637f,-2.465190328815662e-32f,-0.09803543693823503f,0.9951829244437072f,-0.15295609551462558f,0f,0f,0f,1f], start_interpolation: 0, interpolation_duration: 1 }
$data merge entity $(bone_right_arm) { transformation: [1f,-2.7558960392159935e-32f,-3.86162872560098e-34f,-0.3125f,0f,0.9999994232321467f,0.0010740276410369787f,1.4892677609797005f,-2.465190328815662e-32f,-0.0010740276410368121f,0.9999994232321467f,-0.15322460242488478f,0f,0f,0f,1f], start_interpolation: 0, interpolation_duration: 1 }
$data merge entity $(bone_left_forearm) { transformation: [1f,-2.7391647866009297e-32f,-3.056639796464786e-33f,0.3125f,0f,0.995182924443707f,0.0980354369382352f,1.2392679051716637f,-2.465190328815662e-32f,-0.09803543693823503f,0.9951829244437072f,-0.15295609551462558f,0f,0f,0f,1f], start_interpolation: 0, interpolation_duration: 1 }
$data merge entity $(bone_left_arm) { transformation: [1f,-2.7558960392159935e-32f,-3.86162872560098e-34f,0.3125f,0f,0.9999994232321467f,0.0010740276410369787f,1.4892677609797005f,-2.465190328815662e-32f,-0.0010740276410368121f,0.9999994232321467f,-0.15322460242488478f,0f,0f,0f,1f], start_interpolation: 0, interpolation_duration: 1 }
$data merge entity $(bone_head) { transformation: [1f,-1.0476309383049433e-32f,-2.5492986513380777e-32f,-1.0231065269772372e-17f,0f,0.3920384909886394f,0.9199488146540276f,1.5445112174700126f,-2.465190328815662e-32f,-0.9199488146540274f,0.3920384909886396f,-0.18245490374052253f,0f,0f,0f,1f], start_interpolation: 0, interpolation_duration: 1 }
$data merge entity $(bone_torso) { transformation: [1f,-2.419282884816957e-32f,-1.3204258857806376e-32f,-1.0231065269772355e-17f,0f,0.8838953038449963f,0.4676848210502043f,0.9368331960765777f,-2.465190328815662e-32f,-0.4676848210502042f,0.8838953038449964f,0.13907841073149285f,0f,0f,0f,1f], start_interpolation: 0, interpolation_duration: 1 }
$data merge entity $(bone_upper_body) { transformation: [1f,-2.419282884816957e-32f,-1.3204258857806376e-32f,-1.0231065269772355e-17f,0f,0.8838953038449963f,0.4676848210502043f,0.9368331960765777f,-2.465190328815662e-32f,-0.4676848210502042f,0.8838953038449964f,0.13907841073149285f,0f,0f,0f,1f], start_interpolation: 0, interpolation_duration: 1 }
$data merge entity $(bone_right_lower_leg) { transformation: [1f,-2.6813815188926127e-32f,6.376890674529288e-33f,-0.125f,0f,0.9697916680962f,-0.24393466439026196f,0.5371487408551372f,-2.465190328815662e-32f,0.24393466439026218f,0.9697916680962001f,0.21802244827084238f,0f,0f,0f,1f], start_interpolation: 0, interpolation_duration: 1 }
$data merge entity $(bone_right_leg) { transformation: [1f,-2.7449504371558475e-32f,-2.4839745201141034e-33f,-0.125f,0f,0.997013116021166f,0.07723241859326274f,0.9110286593630744f,-2.465190328815662e-32f,-0.07723241859326258f,0.9970131160211662f,0.18906029129836893f,0f,0f,0f,1f], start_interpolation: 0, interpolation_duration: 1 }
$data merge entity $(bone_left_lower_leg) { transformation: [1f,-2.6813815188926127e-32f,6.376890674529288e-33f,0.12499999999999999f,0f,0.9697916680962f,-0.24393466439026196f,0.5371487408551372f,-2.465190328815662e-32f,0.24393466439026218f,0.9697916680962001f,0.21802244827084238f,0f,0f,0f,1f], start_interpolation: 0, interpolation_duration: 1 }
$data merge entity $(bone_left_leg) { transformation: [1f,-2.7449504371558475e-32f,-2.4839745201141034e-33f,0.12499999999999999f,0f,0.997013116021166f,0.07723241859326274f,0.9110286593630744f,-2.465190328815662e-32f,-0.07723241859326258f,0.9970131160211662f,0.18906029129836893f,0f,0f,0f,1f], start_interpolation: 0, interpolation_duration: 1 }