# This file was generated by Animated Java via MC-Build. It is not recommended to edit this file directly.
$data merge entity $(bone_right_forearm) { transformation: [1f,5.900488477604429e-34f,-2.4647850744677746e-32f,-0.31249999999999994f,-1.925929944387236e-34f,0.9999616911249667f,-0.008753072745986301f,0.3888993080777779f,0f,0.008753072745986301f,0.9999616911249667f,0.018006243962573734f,0f,0f,0f,1f], start_interpolation: 0, interpolation_duration: 1 }
$data merge entity $(bone_right_arm) { transformation: [1f,5.900488477604429e-34f,-2.4647850744677746e-32f,-0.31249999999999994f,-1.925929944387236e-34f,0.9999616911249667f,-0.008753072745986301f,0.6388897308590196f,0f,0.008753072745986301f,0.9999616911249667f,0.02019451214907031f,0f,0f,0f,1f], start_interpolation: 0, interpolation_duration: 1 }
$data merge entity $(bone_left_forearm) { transformation: [1f,5.900488477604429e-34f,-2.4647850744677746e-32f,0.31250000000000006f,-1.925929944387236e-34f,0.9999616911249667f,-0.008753072745986301f,0.3888993080777779f,0f,0.008753072745986301f,0.9999616911249667f,0.018006243962573734f,0f,0f,0f,1f], start_interpolation: 0, interpolation_duration: 1 }
$data merge entity $(bone_left_arm) { transformation: [1f,5.900488477604429e-34f,-2.4647850744677746e-32f,0.31250000000000006f,-1.925929944387236e-34f,0.9999616911249667f,-0.008753072745986301f,0.6388897308590196f,0f,0.008753072745986301f,0.9999616911249667f,0.02019451214907031f,0f,0f,0f,1f], start_interpolation: 0, interpolation_duration: 1 }
$data merge entity $(bone_head) { transformation: [1f,-2.421049863965238e-32f,-4.6600922302079925e-33f,4.502049776384447e-17f,-1.925929944387236e-34f,0.15681890877662263f,-0.9876273739878362f,0.6878178814879977f,0f,0.9876273739878362f,0.15681890877662263f,0.05908263470632458f,0f,0f,0f,1f], start_interpolation: 0, interpolation_duration: 1 }
$data merge entity $(bone_torso) { transformation: [1f,-1.4701539282573698e-32f,-1.979215619121871e-32f,4.502049776384448e-17f,-1.925929944387236e-34f,0.7828504100636495f,-0.6222099609160686f,0.1496082245692386f,0f,0.6222099609160686f,0.7828504100636495f,-0.3686867134234726f,0f,0f,0f,1f], start_interpolation: 0, interpolation_duration: 1 }
$data merge entity $(bone_upper_body) { transformation: [1f,-1.4701539282573698e-32f,-1.979215619121871e-32f,4.502049776384448e-17f,-1.925929944387236e-34f,0.7828504100636495f,-0.6222099609160686f,0.1496082245692386f,0f,0.6222099609160686f,0.7828504100636495f,-0.3686867134234726f,0f,0f,0f,1f], start_interpolation: 0, interpolation_duration: 1 }
$data merge entity $(bone_right_lower_leg) { transformation: [1f,2.4651775028118365e-32f,-3.933089595908518e-34f,-0.12499999999999996f,-1.925929944387236e-34f,0.048621831489540815f,0.9988172593135356f,0.07513322704498726f,0f,-0.9988172593135356f,0.048621831489540815f,0.004909952889581459f,0f,0f,0f,1f], start_interpolation: 0, interpolation_duration: 1 }
$data merge entity $(bone_right_leg) { transformation: [1f,2.4651775028118365e-32f,-3.933089595908518e-34f,-0.12499999999999996f,-1.925929944387236e-34f,0.048621831489540815f,0.9988172593135356f,0.09336641385356506f,0f,-0.9988172593135356f,0.048621831489540815f,-0.36964651935299436f,0f,0f,0f,1f], start_interpolation: 0, interpolation_duration: 1 }
$data merge entity $(bone_left_lower_leg) { transformation: [1f,2.4651775028118365e-32f,-3.933089595908518e-34f,0.12500000000000006f,-1.925929944387236e-34f,0.048621831489540815f,0.9988172593135356f,0.07513322704498726f,0f,-0.9988172593135356f,0.048621831489540815f,0.004909952889581459f,0f,0f,0f,1f], start_interpolation: 0, interpolation_duration: 1 }
$data merge entity $(bone_left_leg) { transformation: [1f,2.4651775028118365e-32f,-3.933089595908518e-34f,0.12500000000000006f,-1.925929944387236e-34f,0.048621831489540815f,0.9988172593135356f,0.09336641385356506f,0f,-0.9988172593135356f,0.048621831489540815f,-0.36964651935299436f,0f,0f,0f,1f], start_interpolation: 0, interpolation_duration: 1 }