# This file was generated by Animated Java via MC-Build. It is not recommended to edit this file directly.
$data merge entity $(bone_right_forearm) { transformation: [0.9999999999999998f,1.0134413237298566e-32f,7.015892834687855e-33f,-0.31249999999999994f,0f,0.9945219212835543f,0.10452821669993079f,1.2388833947872502f,-2.465190328815662e-32f,-0.10452821669993094f,0.9945219212835542f,-0.14714465594060225f,0f,0f,0f,1f], start_interpolation: 0, interpolation_duration: 1 }
$data merge entity $(bone_right_arm) { transformation: [0.9999999999999998f,1.0741531127235342e-32f,6.0455432323978143e-33f,-0.31249999999999994f,0f,0.9999301097380198f,0.011822674795141486f,1.488865922221755f,-2.465190328815662e-32f,-0.011822674795141652f,0.9999301097380197f,-0.15010032463938766f,0f,0f,0f,1f], start_interpolation: 0, interpolation_duration: 1 }
$data merge entity $(bone_left_forearm) { transformation: [0.9999999999999998f,1.0134413237298566e-32f,7.015892834687855e-33f,0.31249999999999994f,0f,0.9945219212835543f,0.10452821669993079f,1.2388833947872502f,-2.465190328815662e-32f,-0.10452821669993094f,0.9945219212835542f,-0.14714465594060225f,0f,0f,0f,1f], start_interpolation: 0, interpolation_duration: 1 }
$data merge entity $(bone_left_arm) { transformation: [0.9999999999999998f,1.0741531127235342e-32f,6.0455432323978143e-33f,0.31249999999999994f,0f,0.9999301097380198f,0.011822674795141486f,1.488865922221755f,-2.465190328815662e-32f,-0.011822674795141652f,0.9999301097380197f,-0.15010032463938766f,0f,0f,0f,1f], start_interpolation: 0, interpolation_duration: 1 }
$data merge entity $(bone_head) { transformation: [0.9999999999999998f,-9.295094580110351e-34f,1.2290854164769218e-32f,-9.997655599477505e-18f,0f,0.41261845358774146f,0.9109039530921255f,1.5444093472755827f,-2.465190328815662e-32f,-0.9109039530921254f,0.4126184535877413f,-0.17875652699227873f,0f,0f,0f,1f], start_interpolation: 0, interpolation_duration: 1 }
$data merge entity $(bone_torso) { transformation: [0.9999999999999998f,6.89533795291562e-33f,1.0216819389968592e-32f,-9.997655599477509e-18f,0f,0.8886948008612414f,0.45849923764625655f,0.9334316716834792f,-2.465190328815662e-32f,-0.45849923764625666f,0.8886948008612412f,0.13646169888952275f,0f,0f,0f,1f], start_interpolation: 0, interpolation_duration: 1 }
$data merge entity $(bone_upper_body) { transformation: [0.9999999999999998f,6.89533795291562e-33f,1.0216819389968592e-32f,-9.997655599477509e-18f,0f,0.8886948008612414f,0.45849923764625655f,0.9334316716834792f,-2.465190328815662e-32f,-0.45849923764625666f,0.8886948008612412f,0.13646169888952275f,0f,0f,0f,1f], start_interpolation: 0, interpolation_duration: 1 }
$data merge entity $(bone_right_lower_leg) { transformation: [0.9999999999999998f,1.1816708758896327e-32f,3.506348248474419e-33f,-0.12499999999999999f,0f,0.977536872723378f,-0.210764471546317f,0.5331977026192076f,-2.465190328815662e-32f,0.21076447154631678f,0.977536872723378f,0.22223318383102109f,0f,0f,0f,1f], start_interpolation: 0, interpolation_duration: 1 }
$data merge entity $(bone_right_leg) { transformation: [0.9999999999999998f,1.0186200377943358e-32f,6.940490313554466e-33f,-0.12499999999999999f,0f,0.9952702576760952f,0.09714481038819811f,0.9064240492477433f,-2.465190328815662e-32f,-0.09714481038819833f,0.9952702576760951f,0.18580387993544673f,0f,0f,0f,1f], start_interpolation: 0, interpolation_duration: 1 }
$data merge entity $(bone_left_lower_leg) { transformation: [0.9999999999999998f,1.1816708758896327e-32f,3.506348248474419e-33f,0.12499999999999996f,0f,0.977536872723378f,-0.210764471546317f,0.5331977026192076f,-2.465190328815662e-32f,0.21076447154631678f,0.977536872723378f,0.22223318383102109f,0f,0f,0f,1f], start_interpolation: 0, interpolation_duration: 1 }
$data merge entity $(bone_left_leg) { transformation: [0.9999999999999998f,1.0186200377943358e-32f,6.940490313554466e-33f,0.12499999999999996f,0f,0.9952702576760952f,0.09714481038819811f,0.9064240492477433f,-2.465190328815662e-32f,-0.09714481038819833f,0.9952702576760951f,0.18580387993544673f,0f,0f,0f,1f], start_interpolation: 0, interpolation_duration: 1 }