# This file was generated by Animated Java via MC-Build. It is not recommended to edit this file directly.
$data merge entity $(bone_right_forearm) { transformation: [1f,-7.349306545260849e-33f,9.89529065949772e-33f,-0.3125f,-6.162975822039155e-33f,0.9945748112588509f,0.10402377040571636f,1.2395190084617822f,0f,-0.10402377040571636f,0.9945748112588509f,-0.13981010729701787f,0f,0f,0f,1f], start_interpolation: 0, interpolation_duration: 1 }
$data merge entity $(bone_right_arm) { transformation: [1f,-6.444125992402811e-33f,1.0507251026134061e-32f,-0.3125f,-6.162975822039155e-33f,0.9998792828963988f,0.015537684337880331f,1.4894888291858819f,0f,-0.015537684337880331f,0.9998792828963988f,-0.14369452838148794f,0f,0f,0f,1f], start_interpolation: 0, interpolation_duration: 1 }
$data merge entity $(bone_left_forearm) { transformation: [1f,-7.349306545260849e-33f,9.89529065949772e-33f,0.3125f,-6.162975822039155e-33f,0.9945748112588509f,0.10402377040571636f,1.2395190084617822f,0f,-0.10402377040571636f,0.9945748112588509f,-0.13981010729701787f,0f,0f,0f,1f], start_interpolation: 0, interpolation_duration: 1 }
$data merge entity $(bone_left_arm) { transformation: [1f,-6.444125992402811e-33f,1.0507251026134061e-32f,0.3125f,-6.162975822039155e-33f,0.9998792828963988f,0.015537684337880331f,1.4894888291858819f,0f,-0.015537684337880331f,0.9998792828963988f,-0.14369452838148794f,0f,0f,0f,1f], start_interpolation: 0, interpolation_duration: 1 }
$data merge entity $(bone_head) { transformation: [1f,-1.229438800843295e-32f,-8.8153697044246e-34f,-9.721502027154123e-18f,-6.162975822039155e-33f,0.44665695668878697f,0.8947052939608167f,1.545522369683078f,0f,-0.8947052939608167f,0.44665695668878697f,-0.17138012643081812f,0f,0f,0f,1f], start_interpolation: 0, interpolation_duration: 1 }
$data merge entity $(bone_torso) { transformation: [1f,-1.0328514307090698e-32f,6.726877146223167e-33f,-9.721502027154115e-18f,-6.162975822039155e-33f,0.8965366479551389f,0.44296956878928345f,0.92915342421392f,0f,-0.44296956878928345f,0.8965366479551389f,0.13316145211181424f,0f,0f,0f,1f], start_interpolation: 0, interpolation_duration: 1 }
$data merge entity $(bone_upper_body) { transformation: [1f,-1.0328514307090698e-32f,6.726877146223167e-33f,-9.721502027154115e-18f,-6.162975822039155e-33f,0.8965366479551389f,0.44296956878928345f,0.92915342421392f,0f,-0.44296956878928345f,0.8965366479551389f,0.13316145211181424f,0f,0f,0f,1f], start_interpolation: 0, interpolation_duration: 1 }
$data merge entity $(bone_right_lower_leg) { transformation: [1f,-4.188780165074095e-33f,1.1592377006500376e-32f,-0.125f,-6.162975822039155e-33f,0.9824052798125502f,-0.1867615222588023f,0.5276673532184621f,0f,0.1867615222588023f,0.9824052798125502f,0.22187806084534198f,0f,0f,0f,1f], start_interpolation: 0, interpolation_duration: 1 }
$data merge entity $(bone_right_leg) { transformation: [1f,-7.383924877628407e-33f,9.869485160518612e-33f,-0.125f,-6.162975822039155e-33f,0.994204311346526f,0.10750714999468652f,0.9004939699734094f,0f,-0.10750714999468652f,0.994204311346526f,0.18156287959733453f,0f,0f,0f,1f], start_interpolation: 0, interpolation_duration: 1 }
$data merge entity $(bone_left_lower_leg) { transformation: [1f,-4.188780165074095e-33f,1.1592377006500376e-32f,0.12499999999999999f,-6.162975822039155e-33f,0.9824052798125502f,-0.1867615222588023f,0.5276673532184621f,0f,0.1867615222588023f,0.9824052798125502f,0.22187806084534198f,0f,0f,0f,1f], start_interpolation: 0, interpolation_duration: 1 }
$data merge entity $(bone_left_leg) { transformation: [1f,-7.383924877628407e-33f,9.869485160518612e-33f,0.12499999999999999f,-6.162975822039155e-33f,0.994204311346526f,0.10750714999468652f,0.9004939699734094f,0f,-0.10750714999468652f,0.994204311346526f,0.18156287959733453f,0f,0f,0f,1f], start_interpolation: 0, interpolation_duration: 1 }