# This file was generated by Animated Java via MC-Build. It is not recommended to edit this file directly.
$data merge entity $(bone_right_forearm) { transformation: [1f,0f,0f,-0.3125f,0f,0.9954935610711902f,0.09482916147367586f,1.2412245804941344f,0f,-0.09482916147367586f,0.9954935610711902f,-0.13051580526810952f,0f,0f,0f,1f], start_interpolation: 0, interpolation_duration: 1 }
$data merge entity $(bone_right_arm) { transformation: [1f,0f,0f,-0.3125f,0f,0.9999446605700193f,0.010520256532468464f,1.4912107456366392f,0f,-0.010520256532468464f,0.9999446605700193f,-0.13314586940122664f,0f,0f,0f,1f], start_interpolation: 0, interpolation_duration: 1 }
$data merge entity $(bone_left_forearm) { transformation: [1f,0f,0f,0.3125f,0f,0.9954935610711902f,0.09482916147367586f,1.2412245804941344f,0f,-0.09482916147367586f,0.9954935610711902f,-0.13051580526810952f,0f,0f,0f,1f], start_interpolation: 0, interpolation_duration: 1 }
$data merge entity $(bone_left_arm) { transformation: [1f,0f,0f,0.3125f,0f,0.9999446605700193f,0.010520256532468464f,1.4912107456366392f,0f,-0.010520256532468464f,0.9999446605700193f,-0.13314586940122664f,0f,0f,0f,1f], start_interpolation: 0, interpolation_duration: 1 }
$data merge entity $(bone_head) { transformation: [1f,0f,0f,-9.393494602298677e-18f,0f,0.4960696831403777f,0.8682827128700681f,1.547948519060796f,0f,-0.8682827128700681f,0.4960696831403777f,-0.15935798619611857f,0f,0f,0f,1f], start_interpolation: 0, interpolation_duration: 1 }
$data merge entity $(bone_torso) { transformation: [1f,0f,0f,-9.393494602298677e-18f,0f,0.9078043747865074f,0.41939386871827095f,0.923833011395072f,0f,-0.41939386871827095f,0.9078043747865074f,0.12897529854769268f,0f,0f,0f,1f], start_interpolation: 0, interpolation_duration: 1 }
$data merge entity $(bone_upper_body) { transformation: [1f,0f,0f,-9.393494602298677e-18f,0f,0.9078043747865074f,0.41939386871827095f,0.923833011395072f,0f,-0.41939386871827095f,0.9078043747865074f,0.12897529854769268f,0f,0f,0f,1f], start_interpolation: 0, interpolation_duration: 1 }
$data merge entity $(bone_right_lower_leg) { transformation: [1f,0f,0f,-0.125f,0f,0.9846943587942621f,-0.174290044921553f,0.520114102760111f,0f,0.174290044921553f,0.9846943587942621f,0.21581465594597024f,0f,0f,0f,1f], start_interpolation: 0, interpolation_duration: 1 }
$data merge entity $(bone_right_leg) { transformation: [1f,0f,0f,-0.125f,0f,0.9943533523810537f,0.10611979366998398f,0.8929966099030062f,0f,-0.10611979366998398f,0.9943533523810537f,0.17601973331972626f,0f,0f,0f,1f], start_interpolation: 0, interpolation_duration: 1 }
$data merge entity $(bone_left_lower_leg) { transformation: [1f,0f,0f,0.12499999999999999f,0f,0.9846943587942621f,-0.174290044921553f,0.520114102760111f,0f,0.174290044921553f,0.9846943587942621f,0.21581465594597024f,0f,0f,0f,1f], start_interpolation: 0, interpolation_duration: 1 }
$data merge entity $(bone_left_leg) { transformation: [1f,0f,0f,0.12499999999999999f,0f,0.9943533523810537f,0.10611979366998398f,0.8929966099030062f,0f,-0.10611979366998398f,0.9943533523810537f,0.17601973331972626f,0f,0f,0f,1f], start_interpolation: 0, interpolation_duration: 1 }