# This file was generated by Animated Java via MC-Build. It is not recommended to edit this file directly.
$data merge entity $(bone_right_forearm) { transformation: [1f,0f,0f,-0.3125f,0f,0.9971596262830442f,0.07531719399353409f,1.2438376582607706f,0f,-0.07531719399353409f,0.9971596262830442f,-0.11885765401963684f,0f,0f,0f,1f], start_interpolation: 0, interpolation_duration: 1 }
$data merge entity $(bone_right_arm) { transformation: [1f,0f,0f,-0.3125f,0f,0.9999882859650266f,-0.004840240978320087f,1.4938347297520274f,0f,0.004840240978320087f,0.9999882859650266f,-0.11764759377505682f,0f,0f,0f,1f], start_interpolation: 0, interpolation_duration: 1 }
$data merge entity $(bone_left_forearm) { transformation: [1f,0f,0f,0.3125f,0f,0.9971596262830442f,0.07531719399353409f,1.2438376582607706f,0f,-0.07531719399353409f,0.9971596262830442f,-0.11885765401963684f,0f,0f,0f,1f], start_interpolation: 0, interpolation_duration: 1 }
$data merge entity $(bone_left_arm) { transformation: [1f,0f,0f,0.3125f,0f,0.9999882859650266f,-0.004840240978320087f,1.4938347297520274f,0f,0.004840240978320087f,0.9999882859650266f,-0.11764759377505682f,0f,0f,0f,1f], start_interpolation: 0, interpolation_duration: 1 }
$data merge entity $(bone_head) { transformation: [1f,0f,0f,-8.999035568502994e-18f,0f,0.5617369635938216f,0.827315891139771f,1.5514906050039403f,0f,-0.827315891139771f,0.5617369635938216f,-0.14177330721395523f,0f,0f,0f,1f], start_interpolation: 0, interpolation_duration: 1 }
$data merge entity $(bone_torso) { transformation: [1f,0f,0f,-8.999035568502994e-18f,0f,0.9224940040306082f,0.386011415022375f,0.9172759772328971f,0f,-0.386011415022375f,0.9224940040306082f,0.12360954061392757f,0f,0f,0f,1f], start_interpolation: 0, interpolation_duration: 1 }
$data merge entity $(bone_upper_body) { transformation: [1f,0f,0f,-8.999035568502994e-18f,0f,0.9224940040306082f,0.386011415022375f,0.9172759772328971f,0f,-0.386011415022375f,0.9224940040306082f,0.12360954061392757f,0f,0f,0f,1f], start_interpolation: 0, interpolation_duration: 1 }
$data merge entity $(bone_right_lower_leg) { transformation: [1f,0f,0f,-0.125f,0f,0.9844126536778689f,-0.1758741802508152f,0.5102179509977363f,0f,0.1758741802508152f,0.9844126536778689f,0.20266559046557706f,0f,0f,0f,1f], start_interpolation: 0, interpolation_duration: 1 }
$data merge entity $(bone_right_leg) { transformation: [1f,0f,0f,-0.125f,0f,0.9958953903570988f,0.09051172004487501f,0.8836787223816484f,0f,-0.09051172004487501f,0.9958953903570988f,0.16872369544874893f,0f,0f,0f,1f], start_interpolation: 0, interpolation_duration: 1 }
$data merge entity $(bone_left_lower_leg) { transformation: [1f,0f,0f,0.12499999999999999f,0f,0.9844126536778689f,-0.1758741802508152f,0.5102179509977363f,0f,0.1758741802508152f,0.9844126536778689f,0.20266559046557706f,0f,0f,0f,1f], start_interpolation: 0, interpolation_duration: 1 }
$data merge entity $(bone_left_leg) { transformation: [1f,0f,0f,0.12499999999999999f,0f,0.9958953903570988f,0.09051172004487501f,0.8836787223816484f,0f,-0.09051172004487501f,0.9958953903570988f,0.16872369544874893f,0f,0f,0f,1f], start_interpolation: 0, interpolation_duration: 1 }
execute on vehicle unless entity @s[tag=aj.transforms_only] at @s run function animated_java:rend_fallen_tether/animations/rise_2/zzz/frames/zzz/5