# This file was generated by Animated Java via MC-Build. It is not recommended to edit this file directly.
$data merge entity $(bone_right_forearm) { transformation: [1f,-8.923170457522177e-33f,-8.503300119257244e-33f,-0.3125f,6.162975822039155e-33f,0.9990189442410403f,0.04428486250986628f,1.246819235856393f,0f,-0.04428486250986623f,0.9990189442410403f,-0.1046355697489942f,0f,0f,0f,1f], start_interpolation: 0, interpolation_duration: 1 }
$data merge entity $(bone_right_arm) { transformation: [1f,-9.543090551337026e-33f,-7.801186234229944e-33f,-0.3125f,6.162975822039155e-33f,0.9994973776049875f,-0.03170161132739857f,1.4966935802576398f,0f,0.03170161132739863f,0.9994973776049875f,-0.09671016691714454f,0f,0f,0f,1f], start_interpolation: 0, interpolation_duration: 1 }
$data merge entity $(bone_left_forearm) { transformation: [1f,-8.923170457522177e-33f,-8.503300119257244e-33f,0.3125f,6.162975822039155e-33f,0.9990189442410403f,0.04428486250986628f,1.246819235856393f,0f,-0.04428486250986623f,0.9990189442410403f,-0.1046355697489942f,0f,0f,0f,1f], start_interpolation: 0, interpolation_duration: 1 }
$data merge entity $(bone_left_arm) { transformation: [1f,-9.543090551337026e-33f,-7.801186234229944e-33f,0.3125f,6.162975822039155e-33f,0.9994973776049875f,-0.03170161132739857f,1.4966935802576398f,0f,0.03170161132739863f,0.9994973776049875f,-0.09671016691714454f,0f,0f,0f,1f], start_interpolation: 0, interpolation_duration: 1 }
$data merge entity $(bone_head) { transformation: [1f,2.359572555256016e-34f,-1.232369295729659e-32f,-8.51203571395132e-18f,6.162975822039155e-33f,0.6425835521141421f,0.7662156214489313f,1.555440201373034f,0f,-0.7662156214489312f,0.6425835521141421f,-0.11804287671979996f,0f,0f,0f,1f], start_interpolation: 0, interpolation_duration: 1 }
$data merge entity $(bone_torso) { transformation: [1f,-5.96837274579052e-33f,-1.0784600627721998e-32f,-8.512035713951315e-18f,6.162975822039155e-33f,0.9399459378463086f,0.3413233568424867f,0.9092273691036967f,0f,-0.34132335684248666f,0.9399459378463086f,0.11661693110940963f,0f,0f,0f,1f], start_interpolation: 0, interpolation_duration: 1 }
$data merge entity $(bone_upper_body) { transformation: [1f,-5.96837274579052e-33f,-1.0784600627721998e-32f,-8.512035713951315e-18f,6.162975822039155e-33f,0.9399459378463086f,0.3413233568424867f,0.9092273691036967f,0f,-0.34132335684248666f,0.9399459378463086f,0.11661693110940963f,0f,0f,0f,1f], start_interpolation: 0, interpolation_duration: 1 }
$data merge entity $(bone_right_lower_leg) { transformation: [1f,-1.0686849180277674e-32f,-6.141688573198349e-33f,-0.125f,6.162975822039155e-33f,0.9809693221137691f,-0.19416279013150922f,0.49789309986678215f,0f,0.19416279013150933f,0.9809693221137691f,0.1807359362484101f,0f,0f,0f,1f], start_interpolation: 0, interpolation_duration: 1 }
$data merge entity $(bone_right_leg) { transformation: [1f,-8.806264370984255e-33f,-8.624313987818977e-33f,-0.125f,6.162975822039155e-33f,0.9983213500649124f,0.057917890194401744f,0.8722636061411243f,0f,-0.05791789019440163f,0.9983213500649124f,0.1590167274255095f,0f,0f,0f,1f], start_interpolation: 0, interpolation_duration: 1 }
$data merge entity $(bone_left_lower_leg) { transformation: [1f,-1.0686849180277674e-32f,-6.141688573198349e-33f,0.12499999999999999f,6.162975822039155e-33f,0.9809693221137691f,-0.19416279013150922f,0.49789309986678215f,0f,0.19416279013150933f,0.9809693221137691f,0.1807359362484101f,0f,0f,0f,1f], start_interpolation: 0, interpolation_duration: 1 }
$data merge entity $(bone_left_leg) { transformation: [1f,-8.806264370984255e-33f,-8.624313987818977e-33f,0.12499999999999999f,6.162975822039155e-33f,0.9983213500649124f,0.057917890194401744f,0.8722636061411243f,0f,-0.05791789019440163f,0.9983213500649124f,0.1590167274255095f,0f,0f,0f,1f], start_interpolation: 0, interpolation_duration: 1 }