# This file was generated by Animated Java via MC-Build. It is not recommended to edit this file directly.
$data merge entity $(bone_right_forearm) { transformation: [1f,8.445292437615098e-33f,8.97809108749282e-33f,-0.3125f,0f,0.9999977728410856f,0.002110524311256551f,1.248881647693413f,0f,-0.0021105243112566063f,0.9999977728410857f,-0.08844116789579831f,0f,0f,0f,1f], start_interpolation: 0, interpolation_duration: 1 }
$data merge entity $(bone_right_arm) { transformation: [1f,9.067470182583909e-33f,8.349255560833463e-33f,-0.3125f,0f,0.9975738058923425f,-0.06961682122495128f,1.4982750991664986f,0f,0.06961682122495122f,0.9975738058923426f,-0.0710369625895605f,0f,0f,0f,1f], start_interpolation: 0, interpolation_duration: 1 }
$data merge entity $(bone_left_forearm) { transformation: [1f,8.445292437615098e-33f,8.97809108749282e-33f,0.3125f,0f,0.9999977728410856f,0.002110524311256551f,1.248881647693413f,0f,-0.0021105243112566063f,0.9999977728410857f,-0.08844116789579831f,0f,0f,0f,1f], start_interpolation: 0, interpolation_duration: 1 }
$data merge entity $(bone_left_arm) { transformation: [1f,9.067470182583909e-33f,8.349255560833463e-33f,0.3125f,0f,0.9975738058923425f,-0.06961682122495128f,1.4982750991664986f,0f,0.06961682122495122f,0.9975738058923426f,-0.0710369625895605f,0f,0f,0f,1f], start_interpolation: 0, interpolation_duration: 1 }
$data merge entity $(bone_head) { transformation: [1f,1.278352364732274e-34f,1.2325288722154649e-32f,-7.876004043486925e-18f,0f,0.7340244240207483f,0.6791230705409796f,1.558178811655056f,0f,-0.6791230705409796f,0.7340244240207483f,-0.08886377470188965f,0f,0f,0f,1f], start_interpolation: 0, interpolation_duration: 1 }
$data merge entity $(bone_torso) { transformation: [1f,5.556890978051564e-33f,1.1002274609834364e-32f,-7.876004043486928e-18f,0f,0.958459399816914f,0.2852289937972662f,0.8992379742809274f,0f,-0.28522899379726624f,0.958459399816914f,0.1072311585337309f,0f,0f,0f,1f], start_interpolation: 0, interpolation_duration: 1 }
$data merge entity $(bone_upper_body) { transformation: [1f,5.556890978051564e-33f,1.1002274609834364e-32f,-7.876004043486928e-18f,0f,0.958459399816914f,0.2852289937972662f,0.8992379742809274f,0f,-0.28522899379726624f,0.958459399816914f,0.1072311585337309f,0f,0f,0f,1f], start_interpolation: 0, interpolation_duration: 1 }
$data merge entity $(bone_right_lower_leg) { transformation: [1f,1.0310913536283669e-32f,6.753824544614629e-33f,-0.125f,0f,0.9727551516285463f,-0.23183488732312058f,0.4833528065400272f,0f,0.23183488732312052f,0.9727551516285463f,0.14785128539906384f,0f,0f,0f,1f], start_interpolation: 0, interpolation_duration: 1 }
$data merge entity $(bone_right_leg) { transformation: [1f,8.416474819762752e-33f,9.005111633980799e-33f,-0.125f,0f,0.9999858729147648f,0.005315446443703742f,0.858347508883064f,0f,-0.005315446443703797f,0.9999858729147648f,0.1458579929826749f,0f,0f,0f,1f], start_interpolation: 0, interpolation_duration: 1 }
$data merge entity $(bone_left_lower_leg) { transformation: [1f,1.0310913536283669e-32f,6.753824544614629e-33f,0.12499999999999999f,0f,0.9727551516285463f,-0.23183488732312058f,0.4833528065400272f,0f,0.23183488732312052f,0.9727551516285463f,0.14785128539906384f,0f,0f,0f,1f], start_interpolation: 0, interpolation_duration: 1 }
$data merge entity $(bone_left_leg) { transformation: [1f,8.416474819762752e-33f,9.005111633980799e-33f,0.12499999999999999f,0f,0.9999858729147648f,0.005315446443703742f,0.858347508883064f,0f,-0.005315446443703797f,0.9999858729147648f,0.1458579929826749f,0f,0f,0f,1f], start_interpolation: 0, interpolation_duration: 1 }