# This file was generated by Animated Java via MC-Build. It is not recommended to edit this file directly.
$data merge entity $(bone_right_forearm) { transformation: [1f,-1.5499834812185013e-32f,-1.9169545026515488e-32f,-0.3125f,0f,0.9990762946874397f,-0.04297158821379525f,1.246243586966616f,0f,0.042971588213795237f,0.9990762946874399f,-0.0748886048328477f,0f,0f,0f,1f], start_interpolation: 0, interpolation_duration: 1 }
$data merge entity $(bone_right_arm) { transformation: [1f,-1.675860484871326e-32f,-1.8079421983385185e-32f,-0.3125f,0f,0.9938960156528353f,-0.11032094120981287f,1.4947175908798247f,0f,0.11032094120981287f,0.9938960156528354f,-0.047308369530394495f,0f,0f,0f,1f], start_interpolation: 0, interpolation_duration: 1 }
$data merge entity $(bone_left_forearm) { transformation: [1f,-1.5499834812185013e-32f,-1.9169545026515488e-32f,0.3125f,0f,0.9990762946874397f,-0.04297158821379525f,1.246243586966616f,0f,0.042971588213795237f,0.9990762946874399f,-0.0748886048328477f,0f,0f,0f,1f], start_interpolation: 0, interpolation_duration: 1 }
$data merge entity $(bone_left_arm) { transformation: [1f,-1.675860484871326e-32f,-1.8079421983385185e-32f,0.3125f,0f,0.9938960156528353f,-0.11032094120981287f,1.4947175908798247f,0f,0.11032094120981287f,0.9938960156528354f,-0.047308369530394495f,0f,0f,0f,1f], start_interpolation: 0, interpolation_duration: 1 }
$data merge entity $(bone_head) { transformation: [1f,-8.618332495586776e-34f,-2.463683378964477e-32f,-6.899348908989976e-18f,0f,0.8242103233064743f,0.5662838007174824f,1.5556105573867425f,0f,-0.5662838007174824f,0.8242103233064743f,-0.06139015315276958f,0f,0f,0f,1f], start_interpolation: 0, interpolation_duration: 1 }
$data merge entity $(bone_torso) { transformation: [1f,-9.819640463481261e-33f,-2.261174466724292e-32f,-6.899348908989969e-18f,0f,0.9742874641106842f,0.2253085379580015f,0.885787925810647f,0f,-0.2253085379580015f,0.9742874641106843f,0.09350946669335644f,0f,0f,0f,1f], start_interpolation: 0, interpolation_duration: 1 }
$data merge entity $(bone_upper_body) { transformation: [1f,-9.819640463481261e-33f,-2.261174466724292e-32f,-6.899348908989969e-18f,0f,0.9742874641106842f,0.2253085379580015f,0.885787925810647f,0f,-0.2253085379580015f,0.9742874641106843f,0.09350946669335644f,0f,0f,0f,1f], start_interpolation: 0, interpolation_duration: 1 }
$data merge entity $(bone_right_lower_leg) { transformation: [1f,-1.9799912266401193e-32f,-1.4686041330850282e-32f,-0.125f,0f,0.9566110360631307f,-0.2913680244677228f,0.46649832655793766f,0f,0.291368024467723f,0.9566110360631307f,0.10056631435408239f,0f,0f,0f,1f], start_interpolation: 0, interpolation_duration: 1 }
$data merge entity $(bone_right_leg) { transformation: [1f,-1.6020470830948558e-32f,-1.873661789340204e-32f,-0.125f,0f,0.9975192260146789f,-0.0703945575387458f,0.8405680363134422f,0f,0.0703945575387459f,0.997519226014679f,0.1269642734311121f,0f,0f,0f,1f], start_interpolation: 0, interpolation_duration: 1 }
$data merge entity $(bone_left_lower_leg) { transformation: [1f,-1.9799912266401193e-32f,-1.4686041330850282e-32f,0.125f,0f,0.9566110360631307f,-0.2913680244677228f,0.46649832655793766f,0f,0.291368024467723f,0.9566110360631307f,0.10056631435408239f,0f,0f,0f,1f], start_interpolation: 0, interpolation_duration: 1 }
$data merge entity $(bone_left_leg) { transformation: [1f,-1.6020470830948558e-32f,-1.873661789340204e-32f,0.125f,0f,0.9975192260146789f,-0.0703945575387458f,0.8405680363134422f,0f,0.0703945575387459f,0.997519226014679f,0.1269642734311121f,0f,0f,0f,1f], start_interpolation: 0, interpolation_duration: 1 }