# This file was generated by Animated Java via MC-Build. It is not recommended to edit this file directly.
$data merge entity $(bone_right_forearm) { transformation: [1f,0f,0f,-0.3125f,6.162975822039155e-33f,0.9999997897840801f,-0.0006484071219558935f,1.2122055718767046f,0f,0.0006484071219558935f,0.9999997897840801f,-0.10876151900777449f,0f,0f,0f,1f], start_interpolation: 0, interpolation_duration: 1 }
$data merge entity $(bone_right_arm) { transformation: [1f,0f,0f,-0.3125f,6.162975822039155e-33f,0.9979535323024398f,-0.06394331368550993f,1.4616939549523145f,0f,0.06394331368550993f,0.9979535323024398f,-0.09277569058639701f,0f,0f,0f,1f], start_interpolation: 0, interpolation_duration: 1 }
$data merge entity $(bone_left_forearm) { transformation: [1f,0f,0f,0.3125f,6.162975822039155e-33f,0.9999997897840801f,-0.0006484071219558935f,1.2122055718767046f,0f,0.0006484071219558935f,0.9999997897840801f,-0.10876151900777449f,0f,0f,0f,1f], start_interpolation: 0, interpolation_duration: 1 }
$data merge entity $(bone_left_arm) { transformation: [1f,0f,0f,0.3125f,6.162975822039155e-33f,0.9979535323024398f,-0.06394331368550993f,1.4616939549523145f,0f,0.06394331368550993f,0.9979535323024398f,-0.09277569058639701f,0f,0f,0f,1f], start_interpolation: 0, interpolation_duration: 1 }
$data merge entity $(bone_head) { transformation: [1f,0f,0f,-4.122472283336213e-18f,6.162975822039155e-33f,0.861553752407487f,0.5076663586575134f,1.5222089199678166f,0f,-0.5076663586575134f,0.861553752407487f,-0.10840223880321526f,0f,0f,0f,1f], start_interpolation: 0, interpolation_duration: 1 }
$data merge entity $(bone_torso) { transformation: [1f,0f,0f,-4.122472283336213e-18f,6.162975822039155e-33f,0.9682394402480351f,0.2500247714690923f,0.8565443047972926f,0f,-0.2500247714690923f,0.9682394402480351f,0.06348979158178569f,0f,0f,0f,1f], start_interpolation: 0, interpolation_duration: 1 }
$data merge entity $(bone_upper_body) { transformation: [1f,0f,0f,-4.122472283336213e-18f,6.162975822039155e-33f,0.9682394402480351f,0.2500247714690923f,0.8565443047972926f,0f,-0.2500247714690923f,0.9682394402480351f,0.06348979158178569f,0f,0f,0f,1f], start_interpolation: 0, interpolation_duration: 1 }
$data merge entity $(bone_right_lower_leg) { transformation: [1f,0f,0f,-0.125f,6.162975822039155e-33f,0.9298399214536803f,-0.36796429238584194f,0.43724892062613063f,0f,0.36796429238584194f,0.9298399214536803f,0.028484390202516162f,0f,0f,0f,1f], start_interpolation: 0, interpolation_duration: 1 }
$data merge entity $(bone_right_leg) { transformation: [1f,0f,0f,-0.125f,6.162975822039155e-33f,0.9863047499080337f,-0.16493313890437805f,0.8071132018416433f,0f,0.16493313890437805f,0.9863047499080337f,0.09033431729165793f,0f,0f,0f,1f], start_interpolation: 0, interpolation_duration: 1 }
$data merge entity $(bone_left_lower_leg) { transformation: [1f,0f,0f,0.125f,6.162975822039155e-33f,0.9298399214536803f,-0.36796429238584194f,0.43724892062613063f,0f,0.36796429238584194f,0.9298399214536803f,0.028484390202516162f,0f,0f,0f,1f], start_interpolation: 0, interpolation_duration: 1 }
$data merge entity $(bone_left_leg) { transformation: [1f,0f,0f,0.125f,6.162975822039155e-33f,0.9863047499080337f,-0.16493313890437805f,0.8071132018416433f,0f,0.16493313890437805f,0.9863047499080337f,0.09033431729165793f,0f,0f,0f,1f], start_interpolation: 0, interpolation_duration: 1 }