# This file was generated by Animated Java via MC-Build. It is not recommended to edit this file directly.
$data merge entity $(bone_right_forearm) { transformation: [0.9999999999999998f,1.0125602198806249e-32f,2.247639908526624e-32f,-0.31249999999999994f,3.0814879110195774e-33f,0.9989539367652286f,-0.04572780577779562f,1.2097701077451664f,0f,0.04572780577779555f,0.9989539367652284f,-0.09591935871433521f,0f,0f,0f,1f], start_interpolation: 0, interpolation_duration: 1 }
$data merge entity $(bone_right_arm) { transformation: [0.9999999999999998f,1.1435855204689407e-32f,2.1838899960071372e-32f,-0.31249999999999994f,3.0814879110195774e-33f,0.9945072523853518f,-0.10466768819907335f,1.4583969208415042f,0f,0.10466768819907327f,0.9945072523853516f,-0.0697524366645669f,0f,0f,0f,1f], start_interpolation: 0, interpolation_duration: 1 }
$data merge entity $(bone_left_forearm) { transformation: [0.9999999999999998f,1.0125602198806249e-32f,2.247639908526624e-32f,0.31249999999999994f,3.0814879110195774e-33f,0.9989539367652286f,-0.04572780577779562f,1.2097701077451664f,0f,0.04572780577779555f,0.9989539367652284f,-0.09591935871433521f,0f,0f,0f,1f], start_interpolation: 0, interpolation_duration: 1 }
$data merge entity $(bone_left_arm) { transformation: [0.9999999999999998f,1.1435855204689407e-32f,2.1838899960071372e-32f,0.31249999999999994f,3.0814879110195774e-33f,0.9945072523853518f,-0.10466768819907335f,1.4583969208415042f,0f,0.10466768819907327f,0.9945072523853516f,-0.0697524366645669f,0f,0f,0f,1f], start_interpolation: 0, interpolation_duration: 1 }
$data merge entity $(bone_head) { transformation: [0.9999999999999998f,-2.5567047294644042e-34f,2.46505774443093e-32f,-3.1458171488392442e-18f,3.0814879110195774e-33f,0.9257066533423979f,0.37824223978505866f,1.5197636685377174f,0f,-0.37824223978505866f,0.9257066533423978f,-0.0816003173691196f,0f,0f,0f,1f], start_interpolation: 0, interpolation_duration: 1 }
$data merge entity $(bone_torso) { transformation: [0.9999999999999998f,4.5783647895153734e-33f,2.4223024410315757e-32f,-3.1458171488392473e-18f,3.0814879110195774e-33f,0.9818679631394113f,0.189566091272843f,0.8447294438793721f,0f,-0.18956609127284302f,0.9818679631394112f,0.04872637038095997f,0f,0f,0f,1f], start_interpolation: 0, interpolation_duration: 1 }
$data merge entity $(bone_upper_body) { transformation: [0.9999999999999998f,4.5783647895153734e-33f,2.4223024410315757e-32f,-3.1458171488392473e-18f,3.0814879110195774e-33f,0.9818679631394113f,0.189566091272843f,0.8447294438793721f,0f,-0.18956609127284302f,0.9818679631394112f,0.04872637038095997f,0f,0f,0f,1f], start_interpolation: 0, interpolation_duration: 1 }
$data merge entity $(bone_right_lower_leg) { transformation: [0.9999999999999998f,1.7957347296104502e-32f,1.688934616306136e-32f,-0.12499999999999997f,3.0814879110195774e-33f,0.9053845348991416f,-0.42459256230587095f,0.4283192426361464f,0f,0.42459256230587095f,0.9053845348991416f,-0.020208346137890826f,0f,0f,0f,1f], start_interpolation: 0, interpolation_duration: 1 }
$data merge entity $(bone_right_leg) { transformation: [0.9999999999999998f,1.4303227196198826e-32f,2.0078197815106448e-32f,-0.12499999999999997f,3.0814879110195774e-33f,0.9709902479609571f,-0.23911908824834294f,0.7924405856215053f,0f,0.23911908824834294f,0.9709902479609571f,0.06946131195523778f,0f,0f,0f,1f], start_interpolation: 0, interpolation_duration: 1 }
$data merge entity $(bone_left_lower_leg) { transformation: [0.9999999999999998f,1.7957347296104502e-32f,1.688934616306136e-32f,0.12499999999999997f,3.0814879110195774e-33f,0.9053845348991416f,-0.42459256230587095f,0.4283192426361464f,0f,0.42459256230587095f,0.9053845348991416f,-0.020208346137890826f,0f,0f,0f,1f], start_interpolation: 0, interpolation_duration: 1 }
$data merge entity $(bone_left_leg) { transformation: [0.9999999999999998f,1.4303227196198826e-32f,2.0078197815106448e-32f,0.12499999999999997f,3.0814879110195774e-33f,0.9709902479609571f,-0.23911908824834294f,0.7924405856215053f,0f,0.23911908824834294f,0.9709902479609571f,0.06946131195523778f,0f,0f,0f,1f], start_interpolation: 0, interpolation_duration: 1 }