# This file was generated by Animated Java via MC-Build. It is not recommended to edit this file directly.
$data merge entity $(bone_right_forearm) { transformation: [0.9999999999999998f,8.882550881438375e-33f,2.2996013253763914e-32f,-0.31249999999999994f,0f,0.9961364209983575f,-0.08781930744763863f,1.2092854928318362f,0f,0.08781930744763855f,0.9961364209983573f,-0.07981662519083846f,0f,0f,0f,1f], start_interpolation: 0, interpolation_duration: 1 }
$data merge entity $(bone_right_arm) { transformation: [0.9999999999999998f,1.0130867351019033e-32f,2.247402639592389e-32f,-0.31249999999999994f,0f,0.9898176936168699f,-0.1423409055857807f,1.4567399162360537f,0f,0.1423409055857806f,0.9898176936168697f,-0.044231398794393306f,0f,0f,0f,1f], start_interpolation: 0, interpolation_duration: 1 }
$data merge entity $(bone_left_forearm) { transformation: [0.9999999999999998f,8.882550881438375e-33f,2.2996013253763914e-32f,0.31249999999999994f,0f,0.9961364209983575f,-0.08781930744763863f,1.2092854928318362f,0f,0.08781930744763855f,0.9961364209983573f,-0.07981662519083846f,0f,0f,0f,1f], start_interpolation: 0, interpolation_duration: 1 }
$data merge entity $(bone_left_arm) { transformation: [0.9999999999999998f,1.0130867351019033e-32f,2.247402639592389e-32f,0.31249999999999994f,0f,0.9898176936168699f,-0.1423409055857807f,1.4567399162360537f,0f,0.1423409055857806f,0.9898176936168697f,-0.044231398794393306f,0f,0f,0f,1f], start_interpolation: 0, interpolation_duration: 1 }
$data merge entity $(bone_head) { transformation: [0.9999999999999998f,4.719145110512087e-34f,2.4647385914593184e-32f,-2.509785478374851e-18f,0f,0.9659947280859356f,0.25856176304739903f,1.5186991547459465f,0f,-0.25856176304739903f,0.9659947280859353f,-0.052435224930667906f,0f,0f,0f,1f], start_interpolation: 0, interpolation_duration: 1 }
$data merge entity $(bone_torso) { transformation: [0.9999999999999998f,3.6604408708886054e-33f,2.4378628106588676e-32f,-2.5097854783748536e-18f,0f,0.991347816158284f,0.13126121818039374f,0.8371475311371261f,0f,-0.13126121818039377f,0.9913478161582838f,0.037806862568352806f,0f,0f,0f,1f], start_interpolation: 0, interpolation_duration: 1 }
$data merge entity $(bone_upper_body) { transformation: [0.9999999999999998f,3.6604408708886054e-33f,2.4378628106588676e-32f,-2.5097854783748536e-18f,0f,0.991347816158284f,0.13126121818039374f,0.8371475311371261f,0f,-0.13126121818039377f,0.9913478161582838f,0.037806862568352806f,0f,0f,0f,1f], start_interpolation: 0, interpolation_duration: 1 }
$data merge entity $(bone_right_lower_leg) { transformation: [0.9999999999999998f,1.6942955536359626e-32f,1.7906775070390756e-32f,-0.12499999999999997f,0f,0.8883434677747531f,-0.4591795762682897f,0.4241992006235295f,0f,0.45917957626828954f,0.8883434677747529f,-0.05531361807887709f,0f,0f,0f,1f], start_interpolation: 0, interpolation_duration: 1 }
$data merge entity $(bone_right_leg) { transformation: [0.9999999999999998f,1.3401818692723702e-32f,2.0690761016840067e-32f,-0.12499999999999997f,0f,0.9570653431810929f,-0.2898722630429768f,0.7830987043164394f,0f,0.2898722630429767f,0.9570653431810927f,0.05338848056223918f,0f,0f,0f,1f], start_interpolation: 0, interpolation_duration: 1 }
$data merge entity $(bone_left_lower_leg) { transformation: [0.9999999999999998f,1.6942955536359626e-32f,1.7906775070390756e-32f,0.12499999999999997f,0f,0.8883434677747531f,-0.4591795762682897f,0.4241992006235295f,0f,0.45917957626828954f,0.8883434677747529f,-0.05531361807887709f,0f,0f,0f,1f], start_interpolation: 0, interpolation_duration: 1 }
$data merge entity $(bone_left_leg) { transformation: [0.9999999999999998f,1.3401818692723702e-32f,2.0690761016840067e-32f,0.12499999999999997f,0f,0.9570653431810929f,-0.2898722630429768f,0.7830987043164394f,0f,0.2898722630429767f,0.9570653431810927f,0.05338848056223918f,0f,0f,0f,1f], start_interpolation: 0, interpolation_duration: 1 }