# This file was generated by Animated Java via MC-Build. It is not recommended to edit this file directly.
$data merge entity $(bone_right_forearm) { transformation: [0.9990370216701351f,-0.0062455750987597605f,-0.04342835622207904f,-0.29404671082443956f,0.0075038395593115745f,0.9995549813500414f,0.028870948203806313f,0.3784253499477357f,0.04322871411844389f,-0.029169025523738606f,0.9986392973569894f,0.013118673058381797f,0f,0f,0f,1f], start_interpolation: 0, interpolation_duration: 1 }
$data merge entity $(bone_right_arm) { transformation: [0.9982947243553997f,-0.039007963289882756f,-0.04342835622207904f,-0.30379870164691025f,0.04028253852808437f,0.9987711376684585f,0.028870948203806313f,0.6281181343648503f,0.04224879186331877f,-0.030571119711725214f,0.9986392973569894f,0.005475893130450493f,0f,0f,0f,1f], start_interpolation: 0, interpolation_duration: 1 }
$data merge entity $(bone_left_forearm) { transformation: [0.999692909017392f,0.024776394322704745f,-0.00046684548843333243f,0.3168951074379441f,-0.02477639328508996f,0.9996930180168684f,0.000008006739353361159f,0.36724584790598047f,0.00046690055341093976f,0.0000035624668687520283f,0.9999998909955852f,0.005475928644780317f,0f,0f,0f,1f], start_interpolation: 0, interpolation_duration: 1 }
$data merge entity $(bone_left_arm) { transformation: [0.9998580207544574f,0.016844001551560746f,-0.00046684548843333243f,0.32110610782583426f,-0.016843999649171392f,0.9998581297422704f,0.000008006739353361159f,0.6172103803415481f,0.000466914122473663f,-1.4205731929672893e-7f,0.9999998909955852f,0.005475893130450493f,0f,0f,0f,1f], start_interpolation: 0, interpolation_duration: 1 }
$data merge entity $(bone_head) { transformation: [0.9999999980990315f,-0.00006065164965764463f,0.000011104697920579464f,0.009519073398408196f,0.00002041737503637696f,0.15577884112297186f,-0.987791957975724f,0.6722412891491252f,0.000058181334796696474f,0.9877919563246915f,0.15577884206518883f,0.04352348244349552f,0f,0f,0f,1f], start_interpolation: 0, interpolation_duration: 1 }
$data merge entity $(bone_torso) { transformation: [0.9998476951563913f,0.01384592494313913f,-0.010624351882401706f,4.592425496802574e-17f,-0.01745240643728351f,0.7932325087348155f,-0.6086687116944806f,0.1268939393939394f,0f,0.6087614290087208f,0.7933533402912352f,-0.375f,0f,0f,0f,1f], start_interpolation: 0, interpolation_duration: 1 }
$data merge entity $(bone_upper_body) { transformation: [0.9998476951563913f,0.01384592494313913f,-0.010624351882401706f,4.592425496802574e-17f,-0.01745240643728351f,0.7932325087348155f,-0.6086687116944806f,0.1268939393939394f,0f,0.6087614290087208f,0.7933533402912352f,-0.375f,0f,0f,0f,1f], start_interpolation: 0, interpolation_duration: 1 }
$data merge entity $(bone_right_lower_leg) { transformation: [1f,0f,0f,-0.12499999999999996f,0f,3.642919299551295e-17f,1.0000000000000002f,0.06866061994482775f,0f,-1.0000000000000002f,3.642919299551295e-17f,-0.000005244778059854127f,0f,0f,0f,1f], start_interpolation: 0, interpolation_duration: 1 }
$data merge entity $(bone_right_leg) { transformation: [1f,0f,0f,-0.12499999999999996f,0f,0.005288851864297728f,0.9999860139251737f,0.0706439393939394f,0f,-0.9999860139251737f,0.005288851864297728f,-0.375f,0f,0f,0f,1f], start_interpolation: 0, interpolation_duration: 1 }
$data merge entity $(bone_left_lower_leg) { transformation: [1f,0f,0f,0.12500000000000006f,0f,-0.0013222187450340787f,0.9999991258684132f,0.06816479658386593f,0f,-0.9999991258684132f,-0.0013222187450340787f,-0.000008194954973339552f,0f,0f,0f,1f], start_interpolation: 0, interpolation_duration: 1 }
$data merge entity $(bone_left_leg) { transformation: [1f,0f,0f,0.12500000000000006f,0f,0.006611047493529254f,0.9999781467867378f,0.0706439393939394f,0f,-0.9999781467867378f,0.006611047493529254f,-0.375f,0f,0f,0f,1f], start_interpolation: 0, interpolation_duration: 1 }