# This file was generated by Animated Java via MC-Build. It is not recommended to edit this file directly.
$data merge entity $(bone_right_forearm) { transformation: [0.7515520884687267f,0.6595217143046048f,0.014162156580495772f,-0.20040296723577977f,-0.6583809613368207f,0.7512497561802911f,-0.04645765371021021f,0.9353575795077451f,-0.04127914809561214f,0.025591252407196133f,0.998819863505293f,0.016748833939330035f,0f,0f,0f,1f], start_interpolation: 0, interpolation_duration: 1 }
$data merge entity $(bone_right_arm) { transformation: [-0.9962814146187763f,-0.08498691785327789f,0.014162156580495772f,-0.22164969669909926f,0.08424802507851445f,-0.9953612191973893f,-0.04645765371021021f,0.6865172747083977f,0.018044754239952228f,-0.04509176323551817f,0.998819863505293f,0.005475893130450493f,0f,0f,0f,1f], start_interpolation: 0, interpolation_duration: 1 }
$data merge entity $(bone_left_forearm) { transformation: [0.7751489098255396f,0.5861219631218824f,-0.2358075739717197f,0.4272707078938168f,-0.602302279298502f,0.7982567961216361f,0.004248740689924646f,0.3304009587460811f,0.19072527873385517f,0.13873403256509043f,0.9717904796097365f,0.014666733812518665f,0f,0f,0f,1f], start_interpolation: 0, interpolation_duration: 1 }
$data merge entity $(bone_left_arm) { transformation: [0.9625638652928532f,-0.13366223584114428f,-0.2358075739717197f,0.39385514893353074f,0.13856076764977168f,0.9903448196819409f,0.004248740689924646f,0.5779871636665663f,0.23296291314453416f,-0.036763362728272686f,0.9717904796097365f,0.005475893130450493f,0f,0f,0f,1f], start_interpolation: 0, interpolation_duration: 1 }
$data merge entity $(bone_head) { transformation: [0.9999999999999999f,1.6552592629892615e-12f,-8.024275688356397e-13f,0.09471299872893729f,-8.023720576844084e-13f,-3.535505221918811e-13f,-1f,0.6810835017122908f,-1.6552315074136459e-12f,1f,-3.5371705564557487e-13f,0.04352348244349552f,0f,0f,0f,1f], start_interpolation: 0, interpolation_duration: 1 }
$data merge entity $(bone_torso) { transformation: [0.984807753012208f,0.1377643617875451f,-0.10571031278128074f,4.592425496802574e-17f,-0.17364817766693036f,0.781300520396941f,-0.599512975022579f,0.14393939393939395f,0f,0.6087614290087208f,0.7933533402912352f,-0.375f,0f,0f,0f,1f], start_interpolation: 0, interpolation_duration: 1 }
$data merge entity $(bone_upper_body) { transformation: [0.984807753012208f,0.1377643617875451f,-0.10571031278128074f,4.592425496802574e-17f,-0.17364817766693036f,0.781300520396941f,-0.599512975022579f,0.14393939393939395f,0f,0.6087614290087208f,0.7933533402912352f,-0.375f,0f,0f,0f,1f], start_interpolation: 0, interpolation_duration: 1 }
$data merge entity $(bone_right_lower_leg) { transformation: [1f,0f,0f,-0.12499999999999996f,0f,1.3183898417423734e-16f,0.9999999999999999f,0.06786535204119466f,0f,-0.9999999999999999f,1.3183898417423734e-16f,-0.000524356782956592f,0f,0f,0f,1f], start_interpolation: 0, interpolation_duration: 1 }
$data merge entity $(bone_right_leg) { transformation: [1f,0f,0f,-0.12499999999999996f,0f,0.05286411172853145f,0.9986017152454492f,0.08768939393939396f,0f,-0.9986017152454492f,0.05286411172853145f,-0.375f,0f,0f,0f,1f], start_interpolation: 0, interpolation_duration: 1 }
$data merge entity $(bone_left_lower_leg) { transformation: [1f,0f,0f,0.12500000000000006f,0f,-0.013221806041796597f,0.9999125881020766f,0.06291584057632868f,0f,-0.9999125881020766f,-0.013221806041796597f,-0.0008192000465986893f,0f,0f,0f,1f], start_interpolation: 0, interpolation_duration: 1 }
$data merge entity $(bone_left_leg) { transformation: [1f,0f,0f,0.12500000000000006f,0f,0.06606280896817407f,0.9978154665424035f,0.08768939393939396f,0f,-0.9978154665424035f,0.06606280896817407f,-0.375f,0f,0f,0f,1f], start_interpolation: 0, interpolation_duration: 1 }