# This file was generated by Animated Java via MC-Build. It is not recommended to edit this file directly.
$data merge entity $(bone_right_forearm) { transformation: [0.966695802344645f,-0.08560570871726947f,-0.24118641828315474f,-0.5351829684039496f,0.08067608704883322f,0.9962809599088374f,-0.03025917879941044f,1.3492224551179663f,0.2428797947704419f,0.009793444651378047f,0.9700069555081182f,-0.05840938197585774f,0f,0f,0f,1f], start_interpolation: 0, interpolation_duration: 1 }
$data merge entity $(bone_right_arm) { transformation: [0.38526074412095546f,0.8907318736157985f,-0.24118641828315474f,-0.3125f,-0.9203663114316618f,0.38988489952813354f,-0.03025917879941044f,1.4466936799999996f,0.06708212743380387f,0.23363752790343095f,0.9700069555081182f,0f,0f,0f,0f,1f], start_interpolation: 0, interpolation_duration: 1 }
$data merge entity $(bone_left_forearm) { transformation: [0.9280042186026798f,0.3655760749159128f,0.0718491733056436f,0.460816601542607f,-0.3559054126746186f,0.9268863451335174f,-0.11921845676714311f,1.2484437205821401f,-0.11017943312859732f,0.08506372113953475f,0.9902649422560391f,-0.03462859075487551f,0f,0f,0f,1f], start_interpolation: 0, interpolation_duration: 1 }
$data merge entity $(bone_left_arm) { transformation: [0.8017934070600233f,-0.593266406170428f,0.0718491733056436f,0.3125f,0.5974430659227157f,0.7929998376714376f,-0.11921845676714311f,1.4466936799999996f,0.013751922627225188f,0.13851436301950204f,0.9902649422560391f,0f,0f,0f,0f,1f], start_interpolation: 0, interpolation_duration: 1 }
$data merge entity $(bone_head) { transformation: [1f,0f,0f,0f,0f,0.9953755453136586f,0.09606000099696453f,1.5091936799999996f,0f,-0.09606000099696453f,0.9953755453136586f,0f,0f,0f,0f,1f], start_interpolation: 0, interpolation_duration: 1 }
$data merge entity $(bone_torso) { transformation: [1f,0f,0f,0f,0f,1f,0f,0.8216936799999998f,0f,0f,1f,0f,0f,0f,0f,1f], start_interpolation: 0, interpolation_duration: 1 }
$data merge entity $(bone_upper_body) { transformation: [1f,0f,0f,0f,0f,1f,0f,0.8216936799999998f,0f,0f,1f,0f,0f,0f,0f,1f], start_interpolation: 0, interpolation_duration: 1 }
$data merge entity $(bone_right_lower_leg) { transformation: [1f,0f,0f,-0.125f,0f,1f,0f,0.39044367999999974f,0f,0f,1f,0f,0f,0f,0f,1f], start_interpolation: 0, interpolation_duration: 1 }
$data merge entity $(bone_right_leg) { transformation: [1f,0f,0f,-0.125f,0f,1f,0f,0.7654436799999997f,0f,0f,1f,0f,0f,0f,0f,1f], start_interpolation: 0, interpolation_duration: 1 }
$data merge entity $(bone_left_lower_leg) { transformation: [1f,0f,0f,0.125f,0f,1f,0f,0.39044367999999974f,0f,0f,1f,0f,0f,0f,0f,1f], start_interpolation: 0, interpolation_duration: 1 }
$data merge entity $(bone_left_leg) { transformation: [1f,0f,0f,0.125f,0f,1f,0f,0.7654436799999997f,0f,0f,1f,0f,0f,0f,0f,1f], start_interpolation: 0, interpolation_duration: 1 }