# This file was generated by Animated Java via MC-Build. It is not recommended to edit this file directly.
$data merge entity $(bone_right_forearm) { transformation: [0.9006701392975192f,-0.4244197837747206f,-0.09306528524862097f,-0.4492146143554405f,0.4181637952050769f,0.9048690560058141f,-0.07969336147279583f,1.2271725658085104f,0.11803533605439612f,0.03286089809738414f,0.9924655262621263f,-0.029459620392387465f,0f,0f,0f,1f], start_interpolation: 0, interpolation_duration: 1 }
$data merge entity $(bone_right_arm) { transformation: [0.8320364656839769f,0.5468584574217621f,-0.09306528524862097f,-0.3125f,-0.5537048386365182f,0.8288907767659583f,-0.07969336147279583f,1.43439526f,0.03355996785790692f,0.11783848156954986f,0.9924655262621263f,0f,0f,0f,0f,1f], start_interpolation: 0, interpolation_duration: 1 }
$data merge entity $(bone_left_forearm) { transformation: [0.931433082093432f,0.36391121273699034f,0.0010211886322393118f,0.34582095012645536f,-0.3637293171025122f,0.9310492488052915f,-0.029125249857166642f,1.1867318866451582f,-0.011549781905724284f,0.026756784997364766f,0.99957524829026f,-0.0072503642095072904f,0f,0f,0f,1f], start_interpolation: 0, interpolation_duration: 1 }
$data merge entity $(bone_left_arm) { transformation: [0.9910773863309069f,-0.13328380050582145f,0.0010211886322393118f,0.3125f,0.13325680394171735f,0.9906534934193673f,-0.029125249857166642f,1.43439526f,0.002870279905676783f,0.029001456838029162f,0.99957524829026f,0f,0f,0f,0f,1f], start_interpolation: 0, interpolation_duration: 1 }
$data merge entity $(bone_head) { transformation: [1f,0f,0f,0f,0f,0.9992879165739839f,-0.037731416475222844f,1.49689526f,0f,0.037731416475222844f,0.9992879165739839f,0f,0f,0f,0f,1f], start_interpolation: 0, interpolation_duration: 1 }
$data merge entity $(bone_torso) { transformation: [1f,0f,0f,0f,0f,1f,0f,0.8093952600000001f,0f,0f,1f,0f,0f,0f,0f,1f], start_interpolation: 0, interpolation_duration: 1 }
$data merge entity $(bone_upper_body) { transformation: [1f,0f,0f,0f,0f,1f,0f,0.8093952600000001f,0f,0f,1f,0f,0f,0f,0f,1f], start_interpolation: 0, interpolation_duration: 1 }
$data merge entity $(bone_right_lower_leg) { transformation: [1f,0f,0f,-0.125f,0f,1f,0f,0.37814526000000004f,0f,0f,1f,0f,0f,0f,0f,1f], start_interpolation: 0, interpolation_duration: 1 }
$data merge entity $(bone_right_leg) { transformation: [1f,0f,0f,-0.125f,0f,1f,0f,0.75314526f,0f,0f,1f,0f,0f,0f,0f,1f], start_interpolation: 0, interpolation_duration: 1 }
$data merge entity $(bone_left_lower_leg) { transformation: [1f,0f,0f,0.125f,0f,1f,0f,0.37814526000000004f,0f,0f,1f,0f,0f,0f,0f,1f], start_interpolation: 0, interpolation_duration: 1 }
$data merge entity $(bone_left_leg) { transformation: [1f,0f,0f,0.125f,0f,1f,0f,0.75314526f,0f,0f,1f,0f,0f,0f,0f,1f], start_interpolation: 0, interpolation_duration: 1 }