# This file was generated by Animated Java via MC-Build. It is not recommended to edit this file directly.
$data merge entity $(bone_right_forearm) { transformation: [0.8015361354525511f,0.5977711530657541f,0.014473151910649393f,-0.21062827404479256f,-0.5966381877309764f,0.8011484709647899f,-0.04673329018885353f,0.9354998606077685f,-0.03953095628600533f,0.028823185688231313f,0.9988025467838454f,0.01690237807691508f,0f,0f,0f,1f], start_interpolation: 0, interpolation_duration: 1 }
$data merge entity $(bone_right_arm) { transformation: [-0.9978042084387074f,-0.06463195413861594f,0.014473151910649393f,-0.22678626257944656f,0.06389305138752657f,-0.9968619149975164f,-0.04673329018885353f,0.6862843818583894f,0.01744819779793251f,-0.045705939785858796f,0.9988025467838454f,0.005475893130450382f,0f,0f,0f,1f], start_interpolation: 0, interpolation_duration: 1 }
$data merge entity $(bone_left_forearm) { transformation: [0.7169024863514268f,0.6581428363692772f,-0.22999746085325606f,0.423159485135678f,-0.6748343622051622f,0.7379244740881283f,0.00812736912604628f,0.3360445798934274f,0.17506972511058f,0.14938365866975542f,0.9731572914345059f,0.015446400699904925f,0f,0f,0f,1f], start_interpolation: 0, interpolation_duration: 1 }
$data merge entity $(bone_left_arm) { transformation: [0.9639555714844887f,-0.133756585651203f,-0.22999746085325606f,0.38972033872287726f,0.139338962301423f,0.9902113912977629f,0.00812736912604628f,0.5835974277178682f,0.22665901656182846f,-0.03988203027781817f,0.9731572914345059f,0.005475893130450382f,0f,0f,0f,1f], start_interpolation: 0, interpolation_duration: 1 }
$data merge entity $(bone_head) { transformation: [0.9999968243454008f,-0.000012542835890347326f,0.0025201471764410704f,0.08961374187888688f,0.002519792773162971f,-0.012516436846680912f,-0.9999184914046961f,0.6838516619336082f,0.0000440850765197065f,0.9999216662575825f,-0.012516365493453419f,0.043523482443495465f,0f,0f,0f,1f], start_interpolation: 0, interpolation_duration: 1 }
$data merge entity $(bone_torso) { transformation: [0.9864105620837181f,0.1303472609147445f,-0.10001897110901854f,4.592425496802574e-17f,-0.16429912662483379f,0.7825721143276726f,-0.6004887033633797f,0.14583333333333334f,0f,0.6087614290087207f,0.7933533402912352f,-0.375f,0f,0f,0f,1f], start_interpolation: 0, interpolation_duration: 1 }
$data merge entity $(bone_upper_body) { transformation: [0.9864105620837181f,0.1303472609147445f,-0.10001897110901854f,4.592425496802574e-17f,-0.16429912662483379f,0.7825721143276726f,-0.6004887033633797f,0.14583333333333334f,0f,0.6087614290087207f,0.7933533402912352f,-0.375f,0f,0f,0f,1f], start_interpolation: 0, interpolation_duration: 1 }
$data merge entity $(bone_right_lower_leg) { transformation: [1f,0f,0f,-0.12499999999999996f,0f,-4.163336342344337e-17f,1f,0.06777902249190493f,0f,-1f,-4.163336342344337e-17f,-0.0006344406482743925f,0f,0f,0f,1f], start_interpolation: 0, interpolation_duration: 1 }
$data merge entity $(bone_right_leg) { transformation: [1f,0f,0f,-0.12499999999999996f,0f,0.05814482891047579f,0.9983081582712683f,0.08958333333333335f,0f,-0.9983081582712683f,0.05814482891047579f,-0.375f,0f,0f,0f,1f], start_interpolation: 0, interpolation_duration: 1 }
$data merge entity $(bone_left_lower_leg) { transformation: [1f,0f,0f,0.12500000000000006f,0f,-0.01454389765158269f,0.9998942319271077f,0.062336594312354374f,0f,-0.9998942319271077f,-0.01454389765158269f,-0.000991156237285351f,0f,0f,0f,1f], start_interpolation: 0, interpolation_duration: 1 }
$data merge entity $(bone_left_leg) { transformation: [1f,0f,0f,0.12500000000000006f,0f,0.0726579707226106f,0.9973569167005724f,0.08958333333333335f,0f,-0.9973569167005724f,0.0726579707226106f,-0.375f,0f,0f,0f,1f], start_interpolation: 0, interpolation_duration: 1 }