# This file was generated by Animated Java via MC-Build. It is not recommended to edit this file directly.
$data merge entity $(bone_right_forearm) { transformation: [0.7961887572805014f,0.6048669806124399f,0.014812108051188974f,-0.22083917308276751f,-0.6037121446588318f,0.7958184513037331f,-0.04695358299385377f,0.935490071584651f,-0.04018842086426856f,0.028441665375241454f,0.9987872458632615f,0.01704036630333304f,0f,0f,0f,1f], start_interpolation: 0, interpolation_duration: 1 }
$data merge entity $(bone_right_arm) { transformation: [-0.9989105431647511f,-0.04425300226404116f,0.014812108051188974f,-0.2319024236487778f,0.04351415734771512f,-0.9979488359401784f,-0.04695358299385377f,0.6860028625996064f,0.016859563002036046f,-0.04625789269153063f,0.9987872458632615f,0.005475893130450382f,0f,0f,0f,1f], start_interpolation: 0, interpolation_duration: 1 }
$data merge entity $(bone_left_forearm) { transformation: [0.547590532379147f,0.8085983138527282f,-0.21520542670492115f,0.41560859869921524f,-0.8251997457644794f,0.5644470387285739f,0.02109312828345461f,0.341271223501224f,0.13852793378579248f,0.16603706605775875f,0.9763409774540708f,0.01745695192403482f,0f,0f,0f,1f], start_interpolation: 0, interpolation_duration: 1 }
$data merge entity $(bone_left_arm) { transformation: [0.969139185486588f,-0.12023253915286741f,-0.21520542670492115f,0.3855504639109984f,0.12770151027849572f,0.9915883239589951f,0.02109312828345461f,0.5891683044909728f,0.2108591080010162f,-0.04792423517433775f,0.9763409774540708f,0.005475893130450382f,0f,0f,0f,1f], start_interpolation: 0, interpolation_duration: 1 }
$data merge entity $(bone_head) { transformation: [0.99998730758439f,0.00004321170773680105f,0.005038134860325762f,0.08450642214422131f,0.005037639840307848f,-0.025007735135448406f,-0.9996745647300598f,0.6865714146270913f,0.0000827946970406862f,0.9996872567539028f,-0.02500763541190104f,0.043523482443495465f,0f,0f,0f,1f], start_interpolation: 0, interpolation_duration: 1 }
$data merge entity $(bone_torso) { transformation: [0.987924620095642f,0.1229184322097764f,-0.09431863035462376f,4.592425496802574e-17f,-0.15493529297381392f,0.783773297308827f,-0.6014104034823204f,0.14772727272727273f,6.938893903907228e-18f,0.6087614290087207f,0.7933533402912352f,-0.375f,0f,0f,0f,1f], start_interpolation: 0, interpolation_duration: 1 }
$data merge entity $(bone_upper_body) { transformation: [0.987924620095642f,0.1229184322097764f,-0.09431863035462376f,4.592425496802574e-17f,-0.15493529297381392f,0.783773297308827f,-0.6014104034823204f,0.14772727272727273f,6.938893903907228e-18f,0.6087614290087207f,0.7933533402912352f,-0.375f,0f,0f,0f,1f], start_interpolation: 0, interpolation_duration: 1 }
$data merge entity $(bone_right_lower_leg) { transformation: [1f,0f,0f,-0.12499999999999996f,0f,-4.163336342344337e-17f,1.0000000000000002f,0.06769330285606107f,0f,-1.0000000000000002f,-4.163336342344337e-17f,-0.0007549963230433221f,0f,0f,0f,1f], start_interpolation: 0, interpolation_duration: 1 }
$data merge entity $(bone_right_leg) { transformation: [1f,0f,0f,-0.12499999999999996f,0f,0.06342391965656446f,0.9979866764718844f,0.09147727272727274f,0f,-0.9979866764718844f,0.06342391965656446f,-0.375f,0f,0f,0f,1f], start_interpolation: 0, interpolation_duration: 1 }
$data merge entity $(bone_left_lower_leg) { transformation: [1f,0f,0f,0.12500000000000006f,0f,-0.015865963834807886f,0.999874127673875f,0.06175853890597706f,0f,-0.999874127673875f,-0.015865963834807886f,-0.0011794590180216336f,0f,0f,0f,1f], start_interpolation: 0, interpolation_duration: 1 }
$data merge entity $(bone_left_leg) { transformation: [1f,0f,0f,0.12500000000000006f,0f,0.07924995685678848f,0.9968547759519423f,0.09147727272727274f,0f,-0.9968547759519423f,0.07924995685678848f,-0.375f,0f,0f,0f,1f], start_interpolation: 0, interpolation_duration: 1 }