# This file was generated by Animated Java via MC-Build. It is not recommended to edit this file directly.
$data merge entity $(bone_right_forearm) { transformation: [0.7716709945879257f,0.6358408216119233f,0.0151764845585039f,-0.23103301300474305f,-0.634655690581158f,0.7713573095232225f,-0.0471174644696421f,0.9353283508501223f,-0.041665699617715976f,0.02672733838167816f,0.9987740579622588f,0.017162828596873694f,0f,0f,0f,1f], start_interpolation: 0, interpolation_duration: 1 }
$data merge entity $(bone_right_arm) { transformation: [-0.999600135415491f,-0.023858826328564134f,0.0151764845585039f,-0.2369977195868841f,0.02312011040782712f,-0.9986217527355797f,-0.0471174644696421f,0.6856729126662274f,0.016279735012001126f,-0.04674774186569325f,0.9987740579622588f,0.005475893130450382f,0f,0f,0f,1f], start_interpolation: 0, interpolation_duration: 1 }
$data merge entity $(bone_left_forearm) { transformation: [0.35737966537892085f,0.9132813599729861f,-0.19544035483886973f,0.40648080814878557f,-0.927746659515367f,0.37123888157311463f,0.03831225086602158f,0.34640215094805477f,0.10754492331918114f,0.1676271169418473f,0.9799669581848338f,0.020195985705816752f,0f,0f,0f,1f], start_interpolation: 0, interpolation_duration: 1 }
$data merge entity $(bone_left_arm) { transformation: [0.9755484866055807f,-0.10053963388643185f,-0.19544035483886973f,0.3813458996771776f,0.11003311966146592f,0.9931892488398899f,0.03831225086602158f,0.5946994631580272f,0.19025735953998363f,-0.05888037030146548f,0.9799669581848338f,0.005475893130450382f,0f,0f,0f,1f], start_interpolation: 0, interpolation_duration: 1 }
$data merge entity $(bone_head) { transformation: [0.9999714643197687f,0.00016678447423043585f,0.007552663710023652f,0.07939149904966139f,0.007553609024464662f,-0.037471639284521796f,-0.9992691425437075f,0.6892426854912188f,0.00011634811162547498f,0.9992976775877495f,-0.03747182983051506f,0.043523482443495465f,0f,0f,0f,1f], start_interpolation: 0, interpolation_duration: 1 }
$data merge entity $(bone_torso) { transformation: [0.9893497908224987f,0.11547854407223469f,-0.08860980339914346f,4.592425496802574e-17f,-0.14555751921312038f,0.7849039612654642f,-0.6022779924505832f,0.14962121212121213f,0f,0.6087614290087207f,0.7933533402912352f,-0.375f,0f,0f,0f,1f], start_interpolation: 0, interpolation_duration: 1 }
$data merge entity $(bone_upper_body) { transformation: [0.9893497908224987f,0.11547854407223469f,-0.08860980339914346f,4.592425496802574e-17f,-0.14555751921312038f,0.7849039612654642f,-0.6022779924505832f,0.14962121212121213f,0f,0.6087614290087207f,0.7933533402912352f,-0.375f,0f,0f,0f,1f], start_interpolation: 0, interpolation_duration: 1 }
$data merge entity $(bone_right_lower_leg) { transformation: [1f,0f,0f,-0.12499999999999996f,0f,-6.938893903907228e-17f,1f,0.06760824850898178f,0f,-1f,-6.938893903907228e-17f,-0.0008860204350619738f,0f,0f,0f,1f], start_interpolation: 0, interpolation_duration: 1 }
$data merge entity $(bone_right_leg) { transformation: [1f,0f,0f,-0.12499999999999996f,0f,0.06870123629928093f,0.9976372788398348f,0.09337121212121213f,0f,-0.9976372788398348f,0.06870123629928093f,-0.375f,0f,0f,0f,1f], start_interpolation: 0, interpolation_duration: 1 }
$data merge entity $(bone_left_lower_leg) { transformation: [1f,0f,0f,0.12500000000000006f,0f,-0.017188002280152867f,0.9998522753775266f,0.06118178239925591f,0f,-0.9998522753775266f,-0.017188002280152867f,-0.0013841001587656665f,0f,0f,0f,1f], start_interpolation: 0, interpolation_duration: 1 }
$data merge entity $(bone_left_leg) { transformation: [1f,0f,0f,0.12500000000000006f,0f,0.08583847925854993f,0.9963090662432915f,0.09337121212121213f,0f,-0.9963090662432915f,0.08583847925854993f,-0.375f,0f,0f,0f,1f], start_interpolation: 0, interpolation_duration: 1 }