# This file was generated by Animated Java via MC-Build. It is not recommended to edit this file directly.
$data merge entity $(bone_right_forearm) { transformation: [0.7637241985168872f,0.645355033732706f,0.015563708927969266f,-0.24120714559953052f,-0.6441514849126071f,0.7634387749265921f,-0.04722394968091914f,0.9350148882641909f,-0.042358152516603804f,0.026040686904162377f,0.9987630697722756f,0.01726979790665542f,0f,0f,0f,1f], start_interpolation: 0, interpolation_duration: 1 }
$data merge entity $(bone_right_arm) { transformation: [-0.9998728978815788f,-0.0034581854053616565f,0.015563708927969266f,-0.24207169195087094f,0.00271968026705649f,-0.9988806244570858f,-0.04722394968091914f,0.6852947321499194f,0.015709596466408383f,-0.04717561910482038f,0.9987630697722756f,0.005475893130450327f,0f,0f,0f,1f], start_interpolation: 0, interpolation_duration: 1 }
$data merge entity $(bone_left_forearm) { transformation: [0.254166068266087f,0.9511486841771533f,-0.17525920897410496f,0.3975621769979198f,-0.9620562057792182f,0.2672318440327563f,0.05509082007510141f,0.3516495225089751f,0.09923440262254529f,0.15460699247745158f,0.9829797613446696f,0.023052332688651436f,0f,0f,0f,1f], start_interpolation: 0, interpolation_duration: 1 }
$data merge entity $(bone_left_arm) { transformation: [0.9811165054843082f,-0.08182061070433592f,-0.17525920897410496f,0.3771070243218358f,0.0927497359574292f,0.9941642158231606f,0.05509082007510141f,0.6001905764647653f,0.169728869512781f,-0.07030575823280444f,0.9829797613446696f,0.005475893130450327f,0f,0f,0f,1f], start_interpolation: 0, interpolation_duration: 1 }
$data merge entity $(bone_head) { transformation: [0.9999493082334419f,0.0003576748384963163f,0.010062456567421163f,0.07426943280403063f,0.010067767804228633f,-0.04990592188415782f,-0.9987031786333377f,0.6918654045865614f,0.00014496517329300185f,0.9987538590812063f,-0.04990699305203922f,0.043523482443495354f,0f,0f,0f,1f], start_interpolation: 0, interpolation_duration: 1 }
$data merge entity $(bone_torso) { transformation: [0.9906859460363308f,0.10802826589677177f,-0.08289300388716012f,4.592425496802574e-17f,-0.13616664909624662f,0.7859640044675054f,-0.603091392207933f,0.15151515151515152f,6.938893903907228e-18f,0.6087614290087205f,0.7933533402912352f,-0.375f,0f,0f,0f,1f], start_interpolation: 0, interpolation_duration: 1 }
$data merge entity $(bone_upper_body) { transformation: [0.9906859460363308f,0.10802826589677177f,-0.08289300388716012f,4.592425496802574e-17f,-0.13616664909624662f,0.7859640044675054f,-0.603091392207933f,0.15151515151515152f,6.938893903907228e-18f,0.6087614290087205f,0.7933533402912352f,-0.375f,0f,0f,0f,1f], start_interpolation: 0, interpolation_duration: 1 }
$data merge entity $(bone_right_lower_leg) { transformation: [1f,0f,0f,-0.12499999999999996f,0f,2.7755575615628914e-17f,1f,0.06752391480737613f,0f,-1f,2.7755575615628914e-17f,-0.0010275093193041207f,0f,0f,0f,1f], start_interpolation: 0, interpolation_duration: 1 }
$data merge entity $(bone_right_leg) { transformation: [1f,0f,0f,-0.12499999999999996f,0f,0.07397663122073439f,0.9972599751485224f,0.09526515151515152f,0f,-0.9972599751485224f,0.07397663122073439f,-0.375f,0f,0f,0f,1f], start_interpolation: 0, interpolation_duration: 1 }
$data merge entity $(bone_left_lower_leg) { transformation: [1f,0f,0f,0.12500000000000006f,0f,-0.01851001067634668f,0.9998286750762662f,0.06060643277747989f,0f,-0.9998286750762662f,-0.01851001067634668f,-0.0016050707153845156f,0f,0f,0f,1f], start_interpolation: 0, interpolation_duration: 1 }
$data merge entity $(bone_left_leg) { transformation: [1f,0f,0f,0.12500000000000006f,0f,0.09242324996712437f,0.9957198114256413f,0.09526515151515152f,0f,-0.9957198114256413f,0.09242324996712437f,-0.375f,0f,0f,0f,1f], start_interpolation: 0, interpolation_duration: 1 }
execute on vehicle unless entity @s[tag=aj.transforms_only] at @s run function animated_java:rend_fallen_tether/animations/rise_0/zzz/frames/zzz/1