# This file was generated by Animated Java via MC-Build. It is not recommended to edit this file directly.
$data merge entity $(bone_right_forearm) { transformation: [0.7767257303274291f,0.6296364516832397f,0.01597117901287501f,-0.2513589268619314f,-0.6284260261866453f,0.7764316290877759f,-0.047272137283647986f,0.9345499250222943f,-0.042164789322178056f,0.02668078079520326f,0.9987543574260762f,0.017361310132345417f,0f,0f,0f,1f], start_interpolation: 0, interpolation_duration: 1 }
$data merge entity $(bone_right_arm) { transformation: [-0.9997289392938409f,0.016940170582103356f,0.01597117901287501f,-0.24712388421640558f,-0.017678365674736483f,-0.9987255981618306f,-0.047272137283647986f,0.6848685254818366f,0.015150027243617678f,-0.04754166800758036f,0.9987543574260762f,0.005475893130450327f,0f,0f,0f,1f], start_interpolation: 0, interpolation_duration: 1 }
$data merge entity $(bone_left_forearm) { transformation: [0.24551333049023372f,0.9560980432318847f,-0.15999917587211138f,0.3905148422806275f,-0.9636364568747479f,0.2586689553439438f,0.06704588371522008f,0.35705426788290895f,0.1054892579056054f,0.13772038073369644f,0.9848376075257739f,0.02527166819827044f,0f,0f,0f,1f], start_interpolation: 0, interpolation_duration: 1 }
$data merge entity $(bone_left_arm) { transformation: [0.9845804146022419f,-0.07072249219253321f,-0.15999917587211138f,0.3728342192324942f,0.08231940079555819f,0.9943482115081744f,0.06704588371522008f,0.6056413207599526f,0.15435324238362466f,-0.07918310027128045f,0.9848376075257739f,0.005475893130450327f,0f,0f,0f,1f], start_interpolation: 0, interpolation_duration: 1 }
$data merge entity $(bone_head) { transformation: [0.9999208521036762f,0.0006153614367326726f,0.01256625873361171f,0.06914068425884873f,0.012580183322472571f,-0.06230838407886502f,-0.997977657195317f,0.694439506342075f,0.0001688663106494681f,0.9980567552017183f,-0.062311193861025516f,0.043523482443495354f,0f,0f,0f,1f], start_interpolation: 0, interpolation_duration: 1 }
$data merge entity $(bone_torso) { transformation: [0.9919329655182396f,0.10056826801287082f,-0.07716874618057698f,4.592425496802574e-17f,-0.12676352755501455f,0.7869533315388859f,-0.6038505295697415f,0.1534090909090909f,0f,0.6087614290087205f,0.7933533402912352f,-0.375f,0f,0f,0f,1f], start_interpolation: 0, interpolation_duration: 1 }
$data merge entity $(bone_upper_body) { transformation: [0.9919329655182396f,0.10056826801287082f,-0.07716874618057698f,4.592425496802574e-17f,-0.12676352755501455f,0.7869533315388859f,-0.6038505295697415f,0.1534090909090909f,0f,0.6087614290087205f,0.7933533402912352f,-0.375f,0f,0f,0f,1f], start_interpolation: 0, interpolation_duration: 1 }
$data merge entity $(bone_right_lower_leg) { transformation: [1f,0f,0f,-0.12499999999999996f,0f,2.7755575615628914e-17f,1f,0.06744035708779524f,0f,-1f,2.7755575615628914e-17f,-0.0011794590180216336f,0f,0f,0f,1f], start_interpolation: 0, interpolation_duration: 1 }
$data merge entity $(bone_right_leg) { transformation: [1f,0f,0f,-0.12499999999999996f,0f,0.07924995685678848f,0.9968547759519423f,0.09715909090909092f,0f,-0.9968547759519423f,0.07924995685678848f,-0.375f,0f,0f,0f,1f], start_interpolation: 0, interpolation_duration: 1 }
$data merge entity $(bone_left_lower_leg) { transformation: [1f,0f,0f,0.12500000000000006f,0f,-0.019831986712170027f,0.9998033268113528f,0.06003259796444764f,0f,-0.9998033268113528f,-0.019831986712170027f,-0.00184236103004487f,0f,0f,0f,1f], start_interpolation: 0, interpolation_duration: 1 }
$data merge entity $(bone_left_leg) { transformation: [1f,0f,0f,0.12500000000000006f,0f,0.0990039811857154f,0.9950870372532137f,0.09715909090909092f,0f,-0.9950870372532137f,0.0990039811857154f,-0.375f,0f,0f,0f,1f], start_interpolation: 0, interpolation_duration: 1 }