# This file was generated by Animated Java via MC-Build. It is not recommended to edit this file directly.
$data merge entity $(bone_right_forearm) { transformation: [0.7894011841024743f,0.6136586453529203f,0.016396265465950258f,-0.26148571806089976f,-0.6124432713765477f,0.7891005115597259f,-0.04726121032909858f,0.9339337535190779f,-0.04194055177514454f,0.027266272935581683f,0.9987479864695591f,0.017437404103287243f,0f,0f,0f,1f], start_interpolation: 0, interpolation_duration: 1 }
$data merge entity $(bone_right_arm) { transformation: [-0.9991685642831253f,0.03732750496842931f,0.016396265465950258f,-0.2521538418187924f,-0.03806526686428929f,-0.9981570084194067f,-0.04726121032909858f,0.6843945014142262f,0.014601904223369919f,-0.047846043891347445f,0.9987479864695591f,0.005475893130450382f,0f,0f,0f,1f], start_interpolation: 0, interpolation_duration: 1 }
$data merge entity $(bone_left_forearm) { transformation: [0.27088470250461005f,0.9499854914221464f,-0.1553996268863339f,0.38690788560193673f,-0.9562363858258324f,0.28411010612717674f,0.06995299864304955f,0.3625753170541901f,0.11060493827917016f,0.12964958034574298f,0.985371774481304f,0.02601422565183141f,0f,0f,0f,1f], start_interpolation: 0, interpolation_duration: 1 }
$data merge entity $(bone_left_arm) { transformation: [0.9851120523627993f,-0.07352006700990835f,-0.1553996268863339f,0.36852786884945965f,0.08521119573229803f,0.9939042358812632f,0.06995299864304955f,0.6110513760245059f,0.14930939826891415f,-0.08215333008552411f,0.985371774481304f,0.005475893130450382f,0f,0f,0f,1f], start_interpolation: 0, interpolation_duration: 1 }
$data merge entity $(bone_head) { transformation: [0.9998861078216319f,0.0009393028952633525f,0.01506283822453873f,0.06400571486686697f,0.015090922396348821f,-0.07467685592735296f,-0.9970935920213471f,0.6969649295609996f,0.0001882725021167403f,0.9972073429828302f,-0.07468252576465695f,0.043523482443495465f,0f,0f,0f,1f], start_interpolation: 0, interpolation_duration: 1 }
$data merge entity $(bone_torso) { transformation: [0.9930907370692033f,0.09309922162453371f,-0.07143754531233913f,4.592425496802574e-17f,-0.11734900062355261f,0.7878718534661372f,-0.6045553362335718f,0.1553030303030303f,0f,0.6087614290087207f,0.7933533402912352f,-0.375f,0f,0f,0f,1f], start_interpolation: 0, interpolation_duration: 1 }
$data merge entity $(bone_upper_body) { transformation: [0.9930907370692033f,0.09309922162453371f,-0.07143754531233913f,4.592425496802574e-17f,-0.11734900062355261f,0.7878718534661372f,-0.6045553362335718f,0.1553030303030303f,0f,0.6087614290087207f,0.7933533402912352f,-0.375f,0f,0f,0f,1f], start_interpolation: 0, interpolation_duration: 1 }
$data merge entity $(bone_right_lower_leg) { transformation: [1f,0f,0f,-0.12499999999999996f,0f,2.914335439641036e-16f,0.9999999999999999f,0.06735763066508418f,0f,-0.9999999999999999f,2.914335439641036e-16f,-0.0013418652808547815f,0f,0f,0f,1f], start_interpolation: 0, interpolation_duration: 1 }
$data merge entity $(bone_right_leg) { transformation: [1f,0f,0f,-0.12499999999999996f,0f,0.08452106570118967f,0.9964216925843872f,0.09905303030303031f,0f,-0.9964216925843872f,0.08452106570118967f,-0.375f,0f,0f,0f,1f], start_interpolation: 0, interpolation_duration: 1 }
$data merge entity $(bone_left_lower_leg) { transformation: [1f,0f,0f,0.12500000000000006f,0f,-0.021153928076461465f,0.9997762306271019f,0.05946038581775144f,0f,-0.9997762306271019f,-0.021153928076461465f,-0.0020959607316349826f,0f,0f,0f,1f], start_interpolation: 0, interpolation_duration: 1 }
$data merge entity $(bone_left_leg) { transformation: [1f,0f,0f,0.12500000000000006f,0f,0.10558038529407698f,0.9944107713823067f,0.09905303030303031f,0f,-0.9944107713823067f,0.10558038529407698f,-0.375f,0f,0f,0f,1f], start_interpolation: 0, interpolation_duration: 1 }