# This file was generated by Animated Java via MC-Build. It is not recommended to edit this file directly.
$data merge entity $(bone_right_forearm) { transformation: [0.8017453384120321f,0.5974286157012224f,0.016836314201679137f,-0.27158488680312487f,-0.5962102579573729f,0.8014401979949084f,-0.047190437000364016f,0.9331667171889431f,-0.0416862164387616f,0.027796729649434276f,0.9987440118367755f,0.017498121557044624f,0f,0f,0f,1f], start_interpolation: 0, interpolation_duration: 1 }
$data merge entity $(bone_right_arm) { transformation: [-0.9981922731320088f,0.05769509843701117f,0.016836314201679137f,-0.25716111219387205f,-0.058432274137076204f,-0.997175376749188f,-0.047190437000364016f,0.6838728730016461f,0.014066101049105495f,-0.04808891370637697f,0.9987440118367755f,0.005475893130450382f,0f,0f,0f,1f], start_interpolation: 0, interpolation_duration: 1 }
$data merge entity $(bone_left_forearm) { transformation: [0.29814584158901264f,0.9398531264290825f,-0.16668880551692278f,0.38835144864497134f,-0.948442443736249f,0.31137082983291214f,0.05920419958732415f,0.36831857812492264f,0.10754528377753905f,0.14044325213638004f,0.9842305140903558f,0.02449215743473747f,0f,0f,0f,1f], start_interpolation: 0, interpolation_duration: 1 }
$data merge entity $(bone_left_arm) { transformation: [0.9812610075599602f,-0.09665235205494613f,-0.16668880551692278f,0.36418836063123483f,0.10780738768018454f,0.9924073911014561f,0.05920419958732415f,0.6164204259002867f,0.15970097746722203f,-0.07606505721714835f,0.9842305140903558f,0.005475893130450382f,0f,0f,0f,1f], start_interpolation: 0, interpolation_duration: 1 }
$data merge entity $(bone_head) { transformation: [0.9998450864071515f,0.0013289385595771988f,0.017550986005928665f,0.05886498664054954f,0.017600051527755955f,-0.08700919674070162f,-0.9960520256837785f,0.699441617426366f,0.0002034052501069944f,0.9962066219438832f,-0.08701910722054967f,0.043523482443495465f,0f,0f,0f,1f], start_interpolation: 0, interpolation_duration: 1 }
$data merge entity $(bone_torso) { transformation: [0.9941591565201711f,0.08562179874989016f,-0.06569991694009393f,4.592425496802574e-17f,-0.10792391536217509f,0.7887194876063947f,-0.6052057487853237f,0.1571969696969697f,0f,0.6087614290087207f,0.7933533402912352f,-0.375f,0f,0f,0f,1f], start_interpolation: 0, interpolation_duration: 1 }
$data merge entity $(bone_upper_body) { transformation: [0.9941591565201711f,0.08562179874989016f,-0.06569991694009393f,4.592425496802574e-17f,-0.10792391536217509f,0.7887194876063947f,-0.6052057487853237f,0.1571969696969697f,0f,0.6087614290087207f,0.7933533402912352f,-0.375f,0f,0f,0f,1f], start_interpolation: 0, interpolation_duration: 1 }
$data merge entity $(bone_right_lower_leg) { transformation: [1f,0f,0f,-0.12499999999999996f,0f,-8.326672684688674e-17f,1f,0.06727579083083536f,0f,-1f,-8.326672684688674e-17f,-0.0015147235649511925f,0f,0f,0f,1f], start_interpolation: 0, interpolation_duration: 1 }
$data merge entity $(bone_right_leg) { transformation: [1f,0f,0f,-0.12499999999999996f,0f,0.08978981030969158f,0.9959607371601301f,0.1009469696969697f,0f,-0.9959607371601301f,0.08978981030969158f,-0.375f,0f,0f,0f,1f], start_interpolation: 0, interpolation_duration: 1 }
$data merge entity $(bone_left_lower_leg) { transformation: [1f,0f,0f,0.12500000000000006f,0f,-0.022475832458119502f,0.9997473865708848f,0.05888990412406238f,0f,-0.9997473865708848f,-0.022475832458119502f,-0.0023658587362181405f,0f,0f,0f,1f], start_interpolation: 0, interpolation_duration: 1 }
$data merge entity $(bone_left_leg) { transformation: [1f,0f,0f,0.12500000000000006f,0f,0.1121521748610862f,0.993691043370085f,0.1009469696969697f,0f,-0.993691043370085f,0.1121521748610862f,-0.375f,0f,0f,0f,1f], start_interpolation: 0, interpolation_duration: 1 }