# This file was generated by Animated Java via MC-Build. It is not recommended to edit this file directly.
$data merge entity $(bone_right_forearm) { transformation: [0.8137531351995133f,0.5809534728125391f,0.017288648877589075f,-0.2816538080915163f,-0.5797341309552899f,0.8134456169922339f,-0.047059171280823986f,0.9322492103235065f,-0.041402564636467284f,0.028271728337221087f,0.9987424778281684f,0.01754350711736659f,0f,0f,0f,1f], start_interpolation: 0, interpolation_duration: 1 }
$data merge entity $(bone_right_arm) { transformation: [-0.9968007614184996f,0.07803425309110493f,0.017288648877589075f,-0.2621452448187401f,-0.07877065425172088f,-0.9957814109668435f,-0.047059171280823986f,0.6833038575817956f,0.013543487891050518f,-0.048270455947664825f,0.9987424778281684f,0.005475893130450382f,0f,0f,0f,1f], start_interpolation: 0, interpolation_duration: 1 }
$data merge entity $(bone_left_forearm) { transformation: [0.3506684066248871f,0.9155339698340257f,-0.19705130975233934f,0.3966996789161863f,-0.9313513221229117f,0.3629660657225942f,0.028988789449816532f,0.3749223481955123f,0.09806316013196417f,0.1733585452575411f,0.9799645051792039f,0.020193917949207663f,0f,0f,0f,1f], start_interpolation: 0, interpolation_duration: 1 }
$data merge entity $(bone_left_arm) { transformation: [0.9692287600692123f,-0.1475343755861155f,-0.19705130975233934f,0.3598160850196574f,0.15617927563818473f,0.9873032380922115f,0.028988789449816532f,0.6217481577185652f,0.19027255323831993f,-0.05887209927502912f,0.9799645051792039f,0.005475893130450382f,0f,0f,0f,1f], start_interpolation: 0, interpolation_duration: 1 }
$data merge entity $(bone_head) { transformation: [0.9997977980238015f,0.0017836892230359627f,0.020029516207666243f,0.05371896211050449f,0.020107636914247294f,-0.09930329539888133f,-0.9948540287201169f,0.7018695175061075f,0.00021448655514458292f,0.9950556135089526f,-0.09931908185157312f,0.043523482443495465f,0f,0f,0f,1f], start_interpolation: 0, interpolation_duration: 1 }
$data merge entity $(bone_torso) { transformation: [0.995138127741436f,0.07813667216073374f,-0.059956377299795305f,4.592425496802574e-17f,-0.09848911978116869f,0.789496157694834f,-0.6058017087049394f,0.1590909090909091f,-3.469446951953614e-18f,0.6087614290087207f,0.7933533402912352f,-0.375f,0f,0f,0f,1f], start_interpolation: 0, interpolation_duration: 1 }
$data merge entity $(bone_upper_body) { transformation: [0.995138127741436f,0.07813667216073374f,-0.059956377299795305f,4.592425496802574e-17f,-0.09848911978116869f,0.789496157694834f,-0.6058017087049394f,0.1590909090909091f,-3.469446951953614e-18f,0.6087614290087207f,0.7933533402912352f,-0.375f,0f,0f,0f,1f], start_interpolation: 0, interpolation_duration: 1 }
$data merge entity $(bone_right_lower_leg) { transformation: [1f,0f,0f,-0.12499999999999996f,0f,1.6653345369377348e-16f,1f,0.06719489285184053f,0f,-1f,1.6653345369377348e-16f,-0.001698029035093307f,0f,0f,0f,1f], start_interpolation: 0, interpolation_duration: 1 }
$data merge entity $(bone_right_leg) { transformation: [1f,0f,0f,-0.12499999999999996f,0f,0.09505604330418282f,0.9954719225730846f,0.1028409090909091f,0f,-0.9954719225730846f,0.09505604330418282f,-0.375f,0f,0f,0f,1f], start_interpolation: 0, interpolation_duration: 1 }
$data merge entity $(bone_left_lower_leg) { transformation: [1f,0f,0f,0.12500000000000006f,0f,-0.02379769754610736f,0.999716794693129f,0.05832126059441958f,0f,-0.999716794693129f,-0.02379769754610736f,-0.002652043247516944f,0f,0f,0f,1f], start_interpolation: 0, interpolation_duration: 1 }
$data merge entity $(bone_left_leg) { transformation: [1f,0f,0f,0.12500000000000006f,0f,0.11871906265730536f,0.9929278846732882f,0.1028409090909091f,0f,-0.9929278846732882f,0.11871906265730536f,-0.375f,0f,0f,0f,1f], start_interpolation: 0, interpolation_duration: 1 }