# This file was generated by Animated Java via MC-Build. It is not recommended to edit this file directly.
$data merge entity $(bone_right_forearm) { transformation: [0.8254196820291034f,0.5642404324959384f,0.017750573392697797f,-0.2916898653780694f,-0.5630221390039378f,0.8251118524353959f,-0.04686685355407766f,0.9311816778661327f,-0.04109038221291585f,0.028690857558208133f,0.9987434180920398f,0.017573608271582872f,0f,0f,0f,1f], start_interpolation: 0, interpolation_duration: 1 }
$data merge entity $(bone_right_arm) { transformation: [-0.9949949195519919f,0.0983362965031487f,0.017750573392697797f,-0.26710579125228223f,-0.09907169441405357f,-0.993976004440685f,-0.04686685355407766f,0.6826876767559614f,0.013034931210141487f,-0.04839086056452996f,0.9987434180920398f,0.005475893130450382f,0f,0f,0f,1f], start_interpolation: 0, interpolation_duration: 1 }
$data merge entity $(bone_left_forearm) { transformation: [0.4504567148166151f,0.8584907797629955f,-0.2451169703193692f,0.41416782586425327f,-0.8884533277451956f,0.45809243613754463f,-0.028319681708267208f,0.3841610356896083f,0.08797404443988384f,0.23053177875402214f,0.9690798039838597f,0.01324005858501015f,0f,0f,0f,1f], start_interpolation: 0, interpolation_duration: 1 }
$data merge entity $(bone_left_arm) { transformation: [0.9405746414528819f,-0.2350255618379327f,-0.2451169703193692f,0.3554114354047701f,0.23537104025022032f,0.9714929073541769f,-0.028319681708267208f,0.6270342625281525f,0.24478524724196843f,-0.031056661818239073f,0.9690798039838597f,0.005475893130450382f,0f,0f,0f,1f], start_interpolation: 0, interpolation_duration: 1 }
$data merge entity $(bone_head) { transformation: [0.9997442519931516f,0.002302957854719269f,0.022497266317778663f,0.04856810428386833f,0.022613744460357757f,-0.11155707064578618f,-0.9935006988172748f,0.7042485817577778f,0.00022173888993914925f,0.9937553604253165f,-0.11158061864774821f,0.043523482443495465f,0f,0f,0f,1f], start_interpolation: 0, interpolation_duration: 1 }
$data merge entity $(bone_torso) { transformation: [0.9960275626512838f,0.07064451532199023f,-0.05420744315925628f,4.592425496802574e-17f,-0.08904546276449415f,0.7902017938515336f,-0.6063431623716686f,0.16098484848484848f,3.469446951953614e-18f,0.6087614290087207f,0.7933533402912352f,-0.375f,0f,0f,0f,1f], start_interpolation: 0, interpolation_duration: 1 }
$data merge entity $(bone_upper_body) { transformation: [0.9960275626512838f,0.07064451532199023f,-0.05420744315925628f,4.592425496802574e-17f,-0.08904546276449415f,0.7902017938515336f,-0.6063431623716686f,0.16098484848484848f,3.469446951953614e-18f,0.6087614290087207f,0.7933533402912352f,-0.375f,0f,0f,0f,1f], start_interpolation: 0, interpolation_duration: 1 }
$data merge entity $(bone_right_lower_leg) { transformation: [1f,0f,0f,-0.12499999999999996f,0f,1.942890293094024e-16f,1f,0.06711499196854655f,0f,-1f,1.942890293094024e-16f,-0.0018917765638328254f,0f,0f,0f,1f], start_interpolation: 0, interpolation_duration: 1 }
$data merge entity $(bone_right_leg) { transformation: [1f,0f,0f,-0.12499999999999996f,0f,0.10031961737680517f,0.9949552624964458f,0.10473484848484849f,0f,-0.9949552624964458f,0.10031961737680517f,-0.375f,0f,0f,0f,1f], start_interpolation: 0, interpolation_duration: 1 }
$data merge entity $(bone_left_lower_leg) { transformation: [1f,0f,0f,0.12500000000000006f,0f,-0.0251195210294569f,0.9996844550473167f,0.0577545628595227f,0f,-0.9996844550473167f,-0.0251195210294569f,-0.0029545017574291177f,0f,0f,0f,1f], start_interpolation: 0, interpolation_duration: 1 }
$data merge entity $(bone_left_leg) { transformation: [1f,0f,0f,0.12500000000000006f,0f,0.12528076166753543f,0.9921213286468556f,0.10473484848484849f,0f,-0.9921213286468556f,0.12528076166753543f,-0.375f,0f,0f,0f,1f], start_interpolation: 0, interpolation_duration: 1 }