# This file was generated by Animated Java via MC-Build. It is not recommended to edit this file directly.
$data merge entity $(bone_right_forearm) { transformation: [0.995372233972883f,0.009724622756639947f,-0.09560098089493388f,-0.27438543083012984f,-0.003963039911375865f,0.9981740575992645f,0.06027308728181591f,0.3866744427598131f,0.09601255204655958f,-0.05961528703329047f,0.9935932806744645f,0.02253812212044716f,0f,0f,0f,1f], start_interpolation: 0, interpolation_duration: 1 }
$data merge entity $(bone_right_arm) { transformation: [0.9919969135778937f,-0.08247772974481989f,-0.09560098089493388f,-0.2950048632663348f,0.0884739813905281f,0.9942532421704379f,0.06027308728181591f,0.6352377533024226f,0.09008039780574652f,-0.06824891595998711f,0.9935932806744645f,0.005475893130450382f,0f,0f,0f,1f], start_interpolation: 0, interpolation_duration: 1 }
$data merge entity $(bone_left_forearm) { transformation: [0.9978697729822371f,0.06521067389780572f,-0.0018665953425669145f,0.3214976780477899f,-0.06521067019661986f,0.997871517047666f,0.00006290864481250935f,0.3635573650730628f,0.0018667246413235816f,0.000058947298156897436f,0.9999982559306438f,0.005476461359309612f,0f,0f,0f,1f], start_interpolation: 0, interpolation_duration: 1 }
$data merge entity $(bone_left_arm) { transformation: [0.9994710681542704f,0.03246690229124055f,-0.0018665953425669145f,0.3296144036206f,-0.0324668414240978f,0.9994728111611866f,0.00006290864481250935f,0.6134255678633594f,0.0018676537431601364f,-0.0000022729154369183213f,0.9999982559306438f,0.005475893130450382f,0f,0f,0f,1f], start_interpolation: 0, interpolation_duration: 1 }
$data merge entity $(bone_head) { transformation: [0.9999999928510243f,-0.00011721049311706061f,0.000023656956505793345f,0.01903524719484586f,0.00003960624565749367f,0.13800513704399553f,-0.9904315123120897f,0.6738860387623923f,0.000112824184432158f,0.9904315061684823f,0.1380051406996678f,0.043523482443495465f,0f,0f,0f,1f], start_interpolation: 0, interpolation_duration: 1 }
$data merge entity $(bone_torso) { transformation: [0.9993908270190958f,0.027687632283412093f,-0.021245467484299625f,4.592425496802574e-17f,-0.03489949670250097f,0.7928700508720196f,-0.6083905879943519f,0.12878787878787878f,0f,0.6087614290087207f,0.7933533402912352f,-0.375f,0f,0f,0f,1f], start_interpolation: 0, interpolation_duration: 1 }
$data merge entity $(bone_upper_body) { transformation: [0.9993908270190958f,0.027687632283412093f,-0.021245467484299625f,4.592425496802574e-17f,-0.03489949670250097f,0.7928700508720196f,-0.6083905879943519f,0.12878787878787878f,0f,0.6087614290087207f,0.7933533402912352f,-0.375f,0f,0f,0f,1f], start_interpolation: 0, interpolation_duration: 1 }
$data merge entity $(bone_right_lower_leg) { transformation: [1f,0f,0f,-0.12499999999999996f,0f,1.0581813203458523e-16f,1f,0.06857129536736392f,0f,-1f,1.0581813203458523e-16f,-0.0000209789655318815f,0f,0f,0f,1f], start_interpolation: 0, interpolation_duration: 1 }
$data merge entity $(bone_right_leg) { transformation: [1f,0f,0f,-0.12499999999999996f,0f,0.01057755578803965f,0.9999440560919151f,0.07253787878787879f,0f,-0.9999440560919151f,0.01057755578803965f,-0.375f,0f,0f,0f,1f], start_interpolation: 0, interpolation_duration: 1 }
$data merge entity $(bone_left_lower_leg) { transformation: [1f,0f,0f,0.12500000000000006f,0f,-0.0026444351784820058f,0.9999965034751805f,0.067579701522205f,0f,-0.9999965034751805f,-0.0026444351784820058f,-0.00003277946172131063f,0f,0f,0f,1f], start_interpolation: 0, interpolation_duration: 1 }
$data merge entity $(bone_left_leg) { transformation: [1f,0f,0f,0.12500000000000006f,0f,0.01322180604179679f,0.9999125881020765f,0.07253787878787879f,0f,-0.9999125881020765f,0.01322180604179679f,-0.375f,0f,0f,0f,1f], start_interpolation: 0, interpolation_duration: 1 }