# This file was generated by Animated Java via MC-Build. It is not recommended to edit this file directly.
$data merge entity $(bone_right_forearm) { transformation: [0.8367402542355352f,0.5472968128340224f,0.018219374401263533f,-0.3016904516106066f,-0.5460816303531563f,0.8364341457543298f,-0.04661301113492006f,0.929964615183705f,-0.04075045929423789f,0.029053717110660557f,0.9987468556092494f,0.017588475347436405f,0f,0f,0f,1f], start_interpolation: 0, interpolation_duration: 1 }
$data merge entity $(bone_right_arm) { transformation: [-0.9927758322017354f,0.118592585740337f,0.018219374401263533f,-0.27204230517552236f,-0.11932670678824124f,-0.9917602352585075f,-0.04661301113492006f,0.6820245563690781f,0.012541293522826624f,-0.04845032886794409f,0.9987468556092494f,0.005475893130450382f,0f,0f,0f,1f], start_interpolation: 0, interpolation_duration: 1 }
$data merge entity $(bone_left_forearm) { transformation: [0.5667089635434682f,0.7669630030412591f,-0.30101279475368087f,0.44299417478833036f,-0.8204935009728012f,0.5586168162793224f,-0.12139879501605333f,0.3998303032535987f,0.07504242467353979f,0.3157768271040285f,0.9458613164535425f,0.0049262180753899265f,0f,0f,0f,1f], start_interpolation: 0, interpolation_duration: 1 }
$data merge entity $(bone_left_arm) { transformation: [0.8797217036267214f,-0.3680774667956153f,-0.30101279475368087f,0.35097480808942655f,0.34748840040206536f,0.9297925274783961f,-0.12139879501605333f,0.6322784351231977f,0.3245636081789098f,0.0021987002202418227f,0.9458613164535425f,0.005475893130450382f,0f,0f,0f,1f], start_interpolation: 0, interpolation_duration: 1 }
$data merge entity $(bone_head) { transformation: [0.9996844568082839f,0.002886130325886256f,0.024953097356206093f,0.04341287660264729f,0.02511843978932421f,-0.12376847136293817f,-0.9919931599960918f,0.7065787665328729f,0.00022538517341175873f,0.992306926181725f,-0.12380191215526537f,0.043523482443495465f,0f,0f,0f,1f], start_interpolation: 0, interpolation_duration: 1 }
$data merge entity $(bone_torso) { transformation: [0.9968273812239182f,0.06314600233112326f,-0.04845363177165322f,4.592425496802574e-17f,-0.07959379399340873f,0.79083633258776f,-0.6068300610688933f,0.16287878787878787f,0f,0.6087614290087207f,0.7933533402912352f,-0.375f,0f,0f,0f,1f], start_interpolation: 0, interpolation_duration: 1 }
$data merge entity $(bone_upper_body) { transformation: [0.9968273812239182f,0.06314600233112326f,-0.04845363177165322f,4.592425496802574e-17f,-0.07959379399340873f,0.79083633258776f,-0.6068300610688933f,0.16287878787878787f,0f,0.6087614290087207f,0.7933533402912352f,-0.375f,0f,0f,0f,1f], start_interpolation: 0, interpolation_duration: 1 }
$data merge entity $(bone_right_lower_leg) { transformation: [1f,0f,0f,-0.12499999999999996f,0f,8.326672684688674e-17f,1f,0.06703614339350901f,0f,-1f,8.326672684688674e-17f,-0.0020959607316349826f,0f,0f,0f,1f], start_interpolation: 0, interpolation_duration: 1 }
$data merge entity $(bone_right_leg) { transformation: [1f,0f,0f,-0.12499999999999996f,0f,0.10558038529407698f,0.9944107713823067f,0.10662878787878788f,0f,-0.9944107713823067f,0.10558038529407698f,-0.375f,0f,0f,0f,1f], start_interpolation: 0, interpolation_duration: 1 }
$data merge entity $(bone_left_lower_leg) { transformation: [1f,0f,0f,0.12500000000000006f,0f,-0.0264413005972734f,0.9996503676899863f,0.05718991846502777f,0f,-0.9996503676899863f,-0.0264413005972734f,-0.0032732210465740152f,0f,0f,0f,1f], start_interpolation: 0, interpolation_duration: 1 }
$data merge entity $(bone_left_leg) { transformation: [1f,0f,0f,0.12500000000000006f,0f,0.13183698510336028f,0.9912714105424693f,0.10662878787878788f,0f,-0.9912714105424693f,0.13183698510336028f,-0.375f,0f,0f,0f,1f], start_interpolation: 0, interpolation_duration: 1 }