# This file was generated by Animated Java via MC-Build. It is not recommended to edit this file directly.
$data merge entity $(bone_right_forearm) { transformation: [0.8477102969752357f,0.5301300306826797f,0.01869232383999879f,-0.3116529702728841f,-0.5289200488325492f,0.8474078981086807f,-0.04629725873097312f,0.9285985678158217f,-0.04038359004759508f,0.029359918109726827f,0.998752802681153f,0.017588161489360196f,0f,0f,0f,1f], start_interpolation: 0, interpolation_duration: 1 }
$data merge entity $(bone_right_arm) { transformation: [-0.9901447776181895f,0.13879451136441834f,0.01869232383999879f,-0.27695434243177947f,-0.13952703299238084f,-0.98913536530565f,-0.04629725873097312f,0.6813147264894093f,0.012063433166811216f,-0.048449073435639256f,0.998752802681153f,0.005475893130450382f,0f,0f,0f,1f], start_interpolation: 0, interpolation_duration: 1 }
$data merge entity $(bone_left_forearm) { transformation: [0.6559827790674391f,0.6731580080923416f,-0.3413867157756878f,0.4839492454029457f,-0.753984910203802f,0.6051359987681811f,-0.25557225627951224f,0.42877206601260154f,0.03454488025632817f,0.425051431165673f,0.9045097744701763f,-0.0016207251964892866f,0f,0f,0f,1f], start_interpolation: 0, interpolation_duration: 1 }
$data merge entity $(bone_left_arm) { transformation: [0.7623696136376267f,-0.5497705725972476f,-0.3413867157756878f,0.3465066022536338f,0.48758209173528627f,0.834833232232188f,-0.25557225627951224f,0.6374803740706485f,0.42550708104690665f,0.028386473307758675f,0.9045097744701763f,0.005475893130450382f,0f,0f,0f,1f], start_interpolation: 0, interpolation_duration: 1 }
$data merge entity $(bone_head) { transformation: [0.9996184201465227f,0.0035325761345401663f,0.027395894028550475f,0.038253742902019834f,0.027621788255178484f,-0.13593547682204798f,-0.9903325617966666f,0.708860032580759f,0.00022564874467639884f,0.9907113944267605f,-0.13598118265270348f,0.043523482443495465f,0f,0f,0f,1f], start_interpolation: 0, interpolation_duration: 1 }
$data merge entity $(bone_torso) { transformation: [0.9975375114966611f,0.05564180785748332f,-0.04269546082898672f,4.592425496802574e-17f,-0.0701349638700173f,0.7913997168116825f,-0.6072623609885106f,0.1647727272727273f,3.469446951953614e-18f,0.6087614290087207f,0.7933533402912352f,-0.375f,0f,0f,0f,1f], start_interpolation: 0, interpolation_duration: 1 }
$data merge entity $(bone_upper_body) { transformation: [0.9975375114966611f,0.05564180785748332f,-0.04269546082898672f,4.592425496802574e-17f,-0.0701349638700173f,0.7913997168116825f,-0.6072623609885106f,0.1647727272727273f,3.469446951953614e-18f,0.6087614290087207f,0.7933533402912352f,-0.375f,0f,0f,0f,1f], start_interpolation: 0, interpolation_duration: 1 }
$data merge entity $(bone_right_lower_leg) { transformation: [1f,0f,0f,-0.12499999999999996f,0f,-8.326672684688674e-17f,1f,0.06695840230984819f,0f,-1f,-8.326672684688674e-17f,-0.0023105758270296484f,0f,0f,0f,1f], start_interpolation: 0, interpolation_duration: 1 }
$data merge entity $(bone_right_leg) { transformation: [1f,0f,0f,-0.12499999999999996f,0f,0.11083819990101096f,0.9938384644612542f,0.1085227272727273f,0f,-0.9938384644612542f,0.11083819990101096f,-0.375f,0f,0f,0f,1f], start_interpolation: 0, interpolation_duration: 1 }
$data merge entity $(bone_left_lower_leg) { transformation: [1f,0f,0f,0.12500000000000006f,0f,-0.027763033938737025f,0.9996145326807311f,0.05662743486684613f,0f,-0.9996145326807311f,-0.027763033938737025f,-0.0036081871848706593f,0f,0f,0f,1f], start_interpolation: 0, interpolation_duration: 1 }
$data merge entity $(bone_left_leg) { transformation: [1f,0f,0f,0.12500000000000006f,0f,0.13838744641568312f,0.9903781675070116f,0.1085227272727273f,0f,-0.9903781675070116f,0.13838744641568312f,-0.375f,0f,0f,0f,1f], start_interpolation: 0, interpolation_duration: 1 }