# This file was generated by Animated Java via MC-Build. It is not recommended to edit this file directly.
$data merge entity $(bone_right_forearm) { transformation: [0.8583254271778876f,0.5127475981235243f,0.019166681466892998f,-0.32157483641756107f,-0.5115449297723612f,0.8580286724921989f,-0.04591929883464574f,0.9270841312016085f,-0.039990572440100125f,0.029609083063005578f,0.9987612609207874f,0.017572722634208338f,0f,0f,0f,1f], start_interpolation: 0, interpolation_duration: 1 }
$data merge entity $(bone_right_arm) { transformation: [-0.9871032268476785f,0.15893350140372373f,0.019166681466892998f,-0.28184146106663016f,-0.15966404857597022f,-0.9861028392550473f,-0.04591929883464574f,0.6805584213878466f,0.011602204067806085f,-0.048387318015032044f,0.9987612609207874f,0.005475893130450327f,0f,0f,0f,1f], start_interpolation: 0, interpolation_duration: 1 }
$data merge entity $(bone_left_forearm) { transformation: [0.7318987501396371f,0.597744670946154f,-0.32714756288181507f,0.5327570277092254f,-0.6791513183673358f,0.6008124092279828f,-0.42163720860186993f,0.48117929229311124f,-0.05547707908629337f,0.5307784446199196f,0.8456929327024744f,-0.0012338890026121208f,0f,0f,0f,1f], start_interpolation: 0, interpolation_duration: 1 }
$data merge entity $(bone_left_arm) { transformation: [0.557500354570421f,-0.7629992311623541f,-0.32714756288181507f,0.34200721991863686f,0.6364827019622273f,0.6458419577770445f,-0.42163720860186993f,0.6426397817373724f,0.5329944884862481f,0.02683912853224979f,0.8456929327024744f,0.005475893130450327f,0f,0f,0f,1f], start_interpolation: 0, interpolation_duration: 1 }
$data merge entity $(bone_head) { transformation: [0.999546148881376f,0.004241649127591909f,0.029824564860003847f,0.03309116736860368f,0.030123854955185284f,-0.14805609691661442f,-0.9885200784650037f,0.7110923450522038f,0.00022275333698042882f,0.9889698683875542f,-0.1481166763145001f,0.043523482443495354f,0f,0f,0f,1f], start_interpolation: 0, interpolation_duration: 1 }
$data merge entity $(bone_torso) { transformation: [0.9981578895764273f,0.048132607081605286f,-0.03693344841550296f,4.592425496802574e-17f,-0.060669823440758566f,0.7918918958335085f,-0.6076400232348745f,0.16666666666666669f,3.469446951953614e-18f,0.6087614290087205f,0.7933533402912352f,-0.375f,0f,0f,0f,1f], start_interpolation: 0, interpolation_duration: 1 }
$data merge entity $(bone_upper_body) { transformation: [0.9981578895764273f,0.048132607081605286f,-0.03693344841550296f,4.592425496802574e-17f,-0.060669823440758566f,0.7918918958335085f,-0.6076400232348745f,0.16666666666666669f,3.469446951953614e-18f,0.6087614290087205f,0.7933533402912352f,-0.375f,0f,0f,0f,1f], start_interpolation: 0, interpolation_duration: 1 }
$data merge entity $(bone_right_lower_leg) { transformation: [1f,0f,0f,-0.12499999999999996f,0f,1.3877787807814457e-16f,1.0000000000000002f,0.0668818238697053f,0f,-1.0000000000000002f,1.3877787807814457e-16f,-0.0025356158467713663f,0f,0f,0f,1f], start_interpolation: 0, interpolation_duration: 1 }
$data merge entity $(bone_right_leg) { transformation: [1f,0f,0f,-0.12499999999999996f,0f,0.11609291412523037f,0.993238357741943f,0.11041666666666669f,0f,-0.993238357741943f,0.11609291412523037f,-0.375f,0f,0f,0f,1f], start_interpolation: 0, interpolation_duration: 1 }
$data merge entity $(bone_left_lower_leg) { transformation: [1f,0f,0f,0.12500000000000006f,0f,-0.029084718743111193f,0.9995769500822006f,0.056067219426449086f,0f,-0.9995769500822006f,-0.029084718743111193f,-0.003959385532145809f,0f,0f,0f,1f], start_interpolation: 0, interpolation_duration: 1 }
$data merge entity $(bone_left_leg) { transformation: [1f,0f,0f,0.12500000000000006f,0f,0.14493185930724695f,0.9894416385809445f,0.11041666666666669f,0f,-0.9894416385809445f,0.14493185930724695f,-0.375f,0f,0f,0f,1f], start_interpolation: 0, interpolation_duration: 1 }