# This file was generated by Animated Java via MC-Build. It is not recommended to edit this file directly.
$data merge entity $(bone_right_forearm) { transformation: [0.8685814353975129f,0.4951571188708178f,0.019639697409760164f,-0.33145347769154226f,-0.49396389588412903f,0.868292195757042f,-0.04547892204513898f,0.9254219503843486f,-0.039572207997146155f,0.02980084594378791f,0.9987722212472998f,0.017542217486447395f,0f,0f,0f,1f], start_interpolation: 0, interpolation_duration: 1 }
$data merge entity $(bone_right_arm) { transformation: [-0.983652842840817f,0.17900102529547773f,0.019639697409760164f,-0.28670322136767284f,-0.17972916747670759f,-0.9826642834700678f,-0.04547892204513898f,0.6797558795168316f,0.01115845550731795f,-0.04826529742398761f,0.9987722212472998f,0.005475893130450493f,0f,0f,0f,1f], start_interpolation: 0, interpolation_duration: 1 }
$data merge entity $(bone_left_forearm) { transformation: [0.8483056589714714f,0.48398800898506844f,-0.21478621025486536f,0.5742766281595065f,-0.5100159501464903f,0.6377973603251906f,-0.577146651864491f,0.5678189339077552f,-0.14234198099348902f,0.5991411639345845f,0.7878887143029533f,0.011473770952946483f,0f,0f,0f,1f], start_interpolation: 0, interpolation_duration: 1 }
$data merge entity $(bone_left_arm) { transformation: [0.23808057666490146f,-0.9471982489950354f,-0.21478621025486536f,0.3374770659107477f,0.7514398563789695f,0.319749721636723f,-0.577146651864491f,0.647756364316936f,0.615350128999793f,-0.02399151128998396f,0.7878887143029533f,0.005475893130450493f,0f,0f,0f,1f], start_interpolation: 0, interpolation_duration: 1 }
$data merge entity $(bone_head) { transformation: [0.9994676490936801f,0.005012688220128042f,0.03223804230967183f,0.02792561449869117f,0.03262470474260394f,-0.16012837237276922f,-0.9865569081414947f,0.7132756735025115f,0.00021692305160542213f,0.987083470289142f,-0.16020666536175737f,0.04352348244349552f,0f,0f,0f,1f], start_interpolation: 0, interpolation_duration: 1 }
$data merge entity $(bone_torso) { transformation: [0.9986884596454729f,0.040619075634459816f,-0.031168112961079623f,4.592425496802574e-17f,-0.05119922431983307f,0.7923128253700443f,-0.6079630138282962f,0.16856060606060605f,-3.469446951953614e-18f,0.6087614290087208f,0.7933533402912352f,-0.375f,0f,0f,0f,1f], start_interpolation: 0, interpolation_duration: 1 }
$data merge entity $(bone_upper_body) { transformation: [0.9986884596454729f,0.040619075634459816f,-0.031168112961079623f,4.592425496802574e-17f,-0.05119922431983307f,0.7923128253700443f,-0.6079630138282962f,0.16856060606060605f,-3.469446951953614e-18f,0.6087614290087208f,0.7933533402912352f,-0.375f,0f,0f,0f,1f], start_interpolation: 0, interpolation_duration: 1 }
$data merge entity $(bone_right_lower_leg) { transformation: [1f,0f,0f,-0.12499999999999996f,0f,1.3877787807814457e-16f,1f,0.0668064631927003f,0f,-1f,1.3877787807814457e-16f,-0.0027710744960069422f,0f,0f,0f,1f], start_interpolation: 0, interpolation_duration: 1 }
$data merge entity $(bone_right_leg) { transformation: [1f,0f,0f,-0.12499999999999996f,0f,0.12134438098108202f,0.9926104680106481f,0.11231060606060606f,0f,-0.9926104680106481f,0.12134438098108202f,-0.375f,0f,0f,0f,1f], start_interpolation: 0, interpolation_duration: 1 }
$data merge entity $(bone_left_lower_leg) { transformation: [1f,0f,0f,0.12500000000000006f,0f,-0.030406352699742706f,0.9995376199600988f,0.055509379406174494f,0f,-0.9995376199600988f,-0.030406352699742706f,-0.004326800738774894f,0f,0f,0f,1f], start_interpolation: 0, interpolation_duration: 1 }
$data merge entity $(bone_left_leg) { transformation: [1f,0f,0f,0.12500000000000006f,0f,0.15146993774515083f,0.9884618646966002f,0.11231060606060606f,0f,-0.9884618646966002f,0.15146993774515083f,-0.375f,0f,0f,0f,1f], start_interpolation: 0, interpolation_duration: 1 }