# This file was generated by Animated Java via MC-Build. It is not recommended to edit this file directly.
$data merge entity $(bone_right_forearm) { transformation: [0.8784742875622316f,0.477366284634729f,0.020108614722654593f,-0.341286335353197f,-0.4761846531036448f,0.8781943605569836f,-0.04497600732025586f,0.9236127196941539f,-0.03912930156022332f,0.029934852261953308f,0.9987856638836302f,0.01749670749281454f,0f,0f,0f,1f], start_interpolation: 0, interpolation_duration: 1 }
$data merge entity $(bone_right_arm) { transformation: [-0.9797954794552524f,0.19898859779642616f,0.020108614722654593f,-0.2915391859040905f,-0.1997138464540375f,-0.9788215048210074f,-0.04497600732025586f,0.6789073434889021f,0.010733031891555153f,-0.04808325744945663f,0.9987856638836302f,0.005475893130450382f,0f,0f,0f,1f], start_interpolation: 0, interpolation_duration: 1 }
$data merge entity $(bone_left_forearm) { transformation: [0.9850208902201314f,0.17243199903760079f,0.0010254451893418857f,0.5782221431566847f,-0.13301318666109632f,0.7635977599351762f,-0.6318432979752506f,0.6903633573431142f,-0.10973303059790061f,0.6222424501188246f,0.77509547493578f,0.03574798198206421f,0f,0f,0f,1f], start_interpolation: 0, interpolation_duration: 1 }
$data merge entity $(bone_left_arm) { transformation: [-0.19287712888008707f,-0.9812223813270555f,0.0010254451893418857f,0.3329165478249208f,0.7604168582007743f,-0.15013410194829854f,-0.6318432979752506f,0.6528298318560395f,0.6201327397574149f,-0.12108835540645532f,0.77509547493578f,0.005475893130450382f,0f,0f,0f,1f], start_interpolation: 0, interpolation_duration: 1 }
$data merge entity $(bone_head) { transformation: [0.9993829260819419f,0.005845018111297683f,0.0346352828655171f,0.022757549056456675f,0.035124402239747825f,-0.17215037493958457f,-0.9844442720517299f,0.7154099918942634f,0.00020838233173173237f,0.9850533407747211f,-0.1722494482004654f,0.043523482443495465f,0f,0f,0f,1f], start_interpolation: 0, interpolation_duration: 1 }
$data merge entity $(bone_torso) { transformation: [0.9991291739664181f,0.03310188953666419f,-0.0253999731945808f,4.592425496802574e-17f,-0.04172401861258023f,0.7926624675486804f,-0.6082313037080993f,0.17045454545454547f,0f,0.6087614290087207f,0.7933533402912352f,-0.375f,0f,0f,0f,1f], start_interpolation: 0, interpolation_duration: 1 }
$data merge entity $(bone_upper_body) { transformation: [0.9991291739664181f,0.03310188953666419f,-0.0253999731945808f,4.592425496802574e-17f,-0.04172401861258023f,0.7926624675486804f,-0.6082313037080993f,0.17045454545454547f,0f,0.6087614290087207f,0.7933533402912352f,-0.375f,0f,0f,0f,1f], start_interpolation: 0, interpolation_duration: 1 }
$data merge entity $(bone_right_lower_leg) { transformation: [1f,0f,0f,-0.12499999999999996f,0f,0f,1f,0.0667323753643895f,0f,-1f,0f,-0.0030169451884517473f,0f,0f,0f,1f], start_interpolation: 0, interpolation_duration: 1 }
$data merge entity $(bone_right_leg) { transformation: [1f,0f,0f,-0.12499999999999996f,0f,0.12659245357374926f,0.9919548128307953f,0.11420454545454548f,0f,-0.9919548128307953f,0.12659245357374926f,-0.375f,0f,0f,0f,1f], start_interpolation: 0, interpolation_duration: 1 }
$data merge entity $(bone_left_lower_leg) { transformation: [1f,0f,0f,0.12500000000000006f,0f,-0.03172793349806738f,0.9994965423831851f,0.05495402196453916f,0f,-0.9994965423831851f,-0.03172793349806738f,-0.004710416746352142f,0f,0f,0f,1f], start_interpolation: 0, interpolation_duration: 1 }
$data merge entity $(bone_left_leg) { transformation: [1f,0f,0f,0.12500000000000006f,0f,0.15800139597335017f,0.9874388886763943f,0.11420454545454548f,0f,-0.9874388886763943f,0.15800139597335017f,-0.375f,0f,0f,0f,1f], start_interpolation: 0, interpolation_duration: 1 }