# This file was generated by Animated Java via MC-Build. It is not recommended to edit this file directly.
$data merge entity $(bone_right_forearm) { transformation: [0.8880001266219347f,0.45938287144279244f,0.020570671948267238f,-0.3510708652809744f,-0.45821498639874625f,0.8877312272085875f,-0.044410522157840415f,0.9216571824088946f,-0.03866266104428316f,0.030010759132520444f,0.998801558357447f,0.01743625681645665f,0f,0f,0f,1f], start_interpolation: 0, interpolation_duration: 1 }
$data merge entity $(bone_right_arm) { transformation: [-0.9755331803533334f,0.21888778285986707f,0.020570671948267238f,-0.2963489195660077f,-0.2196095894969089f,-0.9745764894161297f,-0.044410522157840415f,0.6780130600548622f,0.010326772521494387f,-0.04784145474402507f,0.998801558357447f,0.005475893130450382f,0f,0f,0f,1f], start_interpolation: 0, interpolation_duration: 1 }
$data merge entity $(bone_left_forearm) { transformation: [0.9418763908399133f,-0.2788718347153834f,0.18734824306850328f,0.5250810737601359f,0.3359494730205158f,0.7861383744846379f,-0.5187720190410133f,0.8047112706704949f,-0.0026107385194546473f,0.5515586604932675f,0.834132020773244f,0.05261552909557577f,0f,0f,0f,1f], start_interpolation: 0, interpolation_duration: 1 }
$data merge entity $(bone_left_arm) { transformation: [-0.5877926245255578f,-0.7870199910882199f,0.18734824306850328f,0.3283260759880809f,0.6211524636475371f,-0.5874054895595596f,-0.5187720190410133f,0.657859898280605f,0.5183333362402536f,-0.18855854386050155f,0.834132020773244f,0.005475893130450382f,0f,0f,0f,1f], start_interpolation: 0, interpolation_duration: 1 }
$data merge entity $(bone_head) { transformation: [0.9992919843718702f,0.0067379499963424565f,0.037015267120159345f,0.017587436032140285f,0.03762301185131756f,-0.18412020755905723f,-0.9821834137001326f,0.7174952785996584f,0.00019735593626925285f,0.9828806383270843f,-0.184243349547217f,0.043523482443495465f,0f,0f,0f,1f], start_interpolation: 0, interpolation_duration: 1 }
$data merge entity $(bone_torso) { transformation: [0.9994799928865418f,0.02558172513765853f,-0.019629548097185177f,4.592425496802574e-17f,-0.03224505883881151f,0.7929407909107979f,-0.6084448687352371f,0.17234848484848486f,0f,0.6087614290087207f,0.7933533402912352f,-0.375f,0f,0f,0f,1f], start_interpolation: 0, interpolation_duration: 1 }
$data merge entity $(bone_upper_body) { transformation: [0.9994799928865418f,0.02558172513765853f,-0.019629548097185177f,4.592425496802574e-17f,-0.03224505883881151f,0.7929407909107979f,-0.6084448687352371f,0.17234848484848486f,0f,0.6087614290087207f,0.7933533402912352f,-0.375f,0f,0f,0f,1f], start_interpolation: 0, interpolation_duration: 1 }
$data merge entity $(bone_right_lower_leg) { transformation: [1f,0f,0f,-0.12499999999999996f,0f,-8.326672684688674e-17f,1.0000000000000002f,0.06665961543472476f,0f,-1.0000000000000002f,-8.326672684688674e-17f,-0.0032732210465740152f,0f,0f,0f,1f], start_interpolation: 0, interpolation_duration: 1 }
$data merge entity $(bone_right_leg) { transformation: [1f,0f,0f,-0.12499999999999996f,0f,0.13183698510336028f,0.9912714105424693f,0.11609848484848487f,0f,-0.9912714105424693f,0.13183698510336028f,-0.375f,0f,0f,0f,1f], start_interpolation: 0, interpolation_duration: 1 }
$data merge entity $(bone_left_lower_leg) { transformation: [1f,0f,0f,0.12500000000000006f,0f,-0.033049458827614786f,0.999453717423274f,0.054401254151555445f,0f,-0.999453717423274f,-0.033049458827614786f,-0.00511021678839263f,0f,0f,0f,1f], start_interpolation: 0, interpolation_duration: 1 }
$data merge entity $(bone_left_leg) { transformation: [1f,0f,0f,0.12500000000000006f,0f,0.16452594852514513f,0.9863727552309529f,0.11609848484848487f,0f,-0.9863727552309529f,0.16452594852514513f,-0.375f,0f,0f,0f,1f], start_interpolation: 0, interpolation_duration: 1 }