# This file was generated by Animated Java via MC-Build. It is not recommended to edit this file directly.
$data merge entity $(bone_right_forearm) { transformation: [0.8971552740931559f,0.44121473592142857f,0.021023105684418102f,-0.3608045389729378f,-0.4400627555444765f,0.8968990254694447f,-0.04378252270670335f,0.9195561303936322f,-0.03817309719470781f,0.030028235341834495f,0.9988198635053362f,0.017360932310550234f,0f,0f,0f,1f], start_interpolation: 0, interpolation_duration: 1 }
$data merge entity $(bone_right_arm) { transformation: [-0.9708681777953586f,0.2386901974771943f,0.021023105684418102f,-0.30113198960363924f,-0.2394079522032198f,-0.9699314012482009f,-0.04378252270670335f,0.677073280081582f,0.009940511364163893f,-0.04754015672039941f,0.9988198635053362f,0.005475893130450382f,0f,0f,0f,1f], start_interpolation: 0, interpolation_duration: 1 }
$data merge entity $(bone_left_forearm) { transformation: [0.7505455384442536f,-0.6155916337184868f,0.2402672162764384f,0.44970218253870564f,0.6593096962908752f,0.673023131179671f,-0.33518739426467775f,0.8741370173254243f,0.04463316141904358f,0.4099839086999816f,0.9110000414428238f,0.04998659845810295f,0f,0f,0f,1f], start_interpolation: 0, interpolation_duration: 1 }
$data merge entity $(bone_left_arm) { transformation: [-0.8296211860024161f,-0.5039844764660065f,0.2402672162764384f,0.32370606342220404f,0.416352025892768f,-0.8451629436156335f,-0.33518739426467775f,0.6628462814215159f,0.37199419117901733f,-0.17804282131061028f,0.9110000414428238f,0.005475893130450382f,0f,0f,0f,1f], start_interpolation: 0, interpolation_duration: 1 }
$data merge entity $(bone_head) { transformation: [0.9991948277250898f,0.00769078227430469f,0.0393769998277796f,0.012415740600210595f,0.04012059777798356f,-0.19603600451601638f,-0.9797755980668907f,0.7195315164024614f,0.00018406891365665978f,0.9805665386914881f,-0.19618672054252134f,0.043523482443495465f,0f,0f,0f,1f], start_interpolation: 0, interpolation_duration: 1 }
$data merge entity $(bone_torso) { transformation: [0.9997408848413492f,0.018059259054851708f,-0.013857356855691127f,4.592425496802574e-17f,-0.022763197856105657f,0.7931477704145994f,-0.6086036896944627f,0.17424242424242425f,8.673617379884035e-19f,0.6087614290087207f,0.7933533402912352f,-0.375f,0f,0f,0f,1f], start_interpolation: 0, interpolation_duration: 1 }
$data merge entity $(bone_upper_body) { transformation: [0.9997408848413492f,0.018059259054851708f,-0.013857356855691127f,4.592425496802574e-17f,-0.022763197856105657f,0.7931477704145994f,-0.6086036896944627f,0.17424242424242425f,8.673617379884035e-19f,0.6087614290087207f,0.7933533402912352f,-0.375f,0f,0f,0f,1f], start_interpolation: 0, interpolation_duration: 1 }
$data merge entity $(bone_right_lower_leg) { transformation: [1f,0f,0f,-0.12499999999999996f,0f,-1.1102230246251565e-16f,1f,0.06658823841651391f,0f,-1f,-1.1102230246251565e-16f,-0.003539894901787244f,0f,0f,0f,1f], start_interpolation: 0, interpolation_duration: 1 }
$data merge entity $(bone_right_leg) { transformation: [1f,0f,0f,-0.12499999999999996f,0f,0.13707782886909425f,0.9905602802619007f,0.11799242424242426f,0f,-0.9905602802619007f,0.13707782886909425f,-0.375f,0f,0f,0f,1f], start_interpolation: 0, interpolation_duration: 1 }
$data merge entity $(bone_left_lower_leg) { transformation: [1f,0f,0f,0.12500000000000006f,0f,-0.034370926378010064f,0.9994091451552349f,0.0538511829040518f,0f,-0.9994091451552349f,-0.034370926378010064f,-0.005526183391065365f,0f,0f,0f,1f], start_interpolation: 0, interpolation_duration: 1 }
$data merge entity $(bone_left_leg) { transformation: [1f,0f,0f,0.12500000000000006f,0f,0.17104331023565988f,0.985263510957159f,0.11799242424242426f,0f,-0.985263510957159f,0.17104331023565988f,-0.375f,0f,0f,0f,1f], start_interpolation: 0, interpolation_duration: 1 }