# This file was generated by Animated Java via MC-Build. It is not recommended to edit this file directly.
$data merge entity $(bone_right_forearm) { transformation: [0.9012890599803539f,0.43268749231367576f,0.021437452158138054f,-0.36785786351808214f,-0.4315331331546782f,0.9010437498132697f,-0.043581141703135096f,0.9179941857075711f,-0.03817309719470781f,0.030028235341834495f,0.9988198635053362f,0.017360932310550234f,0f,0f,0f,1f], start_interpolation: 0, interpolation_duration: 1 }
$data merge entity $(bone_right_arm) { transformation: [-0.9685536349674481f,0.2478795914074232f,0.021437452158138054f,-0.30588796566622634f,-0.24860619949060492f,-0.9676237087125806f,-0.043581141703135096f,0.6760882585294259f,0.009940511364163893f,-0.04754015672039941f,0.9988198635053362f,0.005475893130450382f,0f,0f,0f,1f], start_interpolation: 0, interpolation_duration: 1 }
$data merge entity $(bone_left_forearm) { transformation: [0.5628146395229753f,-0.8029342504967627f,0.19630657380186173f,0.3803145850700384f,0.8260998325587229f,0.5382724167362811f,-0.16679889696078193f,0.9084151950183064f,0.02826213341334506f,0.256045688813707f,0.9662514460816298f,0.034568685018629475f,0f,0f,0f,1f], start_interpolation: 0, interpolation_duration: 1 }
$data merge entity $(bone_left_arm) { transformation: [-0.9494333657441669f,-0.24503063705152853f,0.19630657380186173f,0.3190569258071563f,0.2139167821937463f,-0.9625059679132074f,-0.16679889696078193f,0.6677887030400045f,0.22981708880667903f,-0.11637116755271637f,0.9662514460816298f,0.005475893130450382f,0f,0f,0f,1f], start_interpolation: 0, interpolation_duration: 1 }
$data merge entity $(bone_head) { transformation: [0.9990914591470361f,0.008702801250956883f,0.041719509942384735f,0.007242928077511429f,0.042617224030192385f,-0.20789593156819197f,-0.9772221108086708f,0.7215186924995504f,0.00016874657563209147f,0.978112234300226f,-0.2080779388517996f,0.043523482443495465f,0f,0f,0f,1f], start_interpolation: 0, interpolation_duration: 1 }
$data merge entity $(bone_torso) { transformation: [0.9999118263574123f,0.01053516811274383f,-0.00808391881580371f,4.592425496802574e-17f,-0.013279288783074175f,0.7932833874373625f,-0.608707752296058f,0.17613636363636365f,0f,0.6087614290087207f,0.7933533402912352f,-0.375f,0f,0f,0f,1f], start_interpolation: 0, interpolation_duration: 1 }
$data merge entity $(bone_upper_body) { transformation: [0.9999118263574123f,0.01053516811274383f,-0.00808391881580371f,4.592425496802574e-17f,-0.013279288783074175f,0.7932833874373625f,-0.608707752296058f,0.17613636363636365f,0f,0.6087614290087207f,0.7933533402912352f,-0.375f,0f,0f,0f,1f], start_interpolation: 0, interpolation_duration: 1 }
$data merge entity $(bone_right_lower_leg) { transformation: [1f,0f,0f,-0.12499999999999996f,0f,-1.1102230246251565e-16f,1f,0.06651829928388175f,0f,-1f,-1.1102230246251565e-16f,-0.003816959294650202f,0f,0f,0f,1f], start_interpolation: 0, interpolation_duration: 1 }
$data merge entity $(bone_right_leg) { transformation: [1f,0f,0f,-0.12499999999999996f,0f,0.14231483827328506f,0.9898214418809328f,0.11988636363636365f,0f,-0.9898214418809328f,0.14231483827328506f,-0.375f,0f,0f,0f,1f], start_interpolation: 0, interpolation_duration: 1 }
$data merge entity $(bone_left_lower_leg) { transformation: [1f,0f,0f,0.12500000000000006f,0f,-0.035692333838980156f,0.9993628256569916f,0.05330391504099982f,0f,-0.9993628256569916f,-0.035692333838980156f,-0.005958298373956505f,0f,0f,0f,1f], start_interpolation: 0, interpolation_duration: 1 }
$data merge entity $(bone_left_leg) { transformation: [1f,0f,0f,0.12500000000000006f,0f,0.17755319625430355f,0.984111204336116f,0.11988636363636365f,0f,-0.984111204336116f,0.17755319625430355f,-0.375f,0f,0f,0f,1f], start_interpolation: 0, interpolation_duration: 1 }