# This file was generated by Animated Java via MC-Build. It is not recommended to edit this file directly.
$data merge entity $(bone_right_forearm) { transformation: [0.9053417535089119f,0.42412131818866317f,0.021849869823847422f,-0.37487809051092996f,-0.422964684109645f,0.9051074038699308f,-0.04337583954071811f,0.9163654932895796f,-0.03817309719470781f,0.030028235341834495f,0.9988198635053362f,0.017360932310550234f,0f,0f,0f,1f], start_interpolation: 0, interpolation_duration: 1 }
$data merge entity $(bone_right_arm) { transformation: [-0.9661519477346886f,0.2570466826806926f,0.021849869823847422f,-0.31061641984075683f,-0.25778207874537495f,-0.9652289554410661f,-0.04337583954071811f,0.6750582544293131f,0.009940511364163893f,-0.04754015672039941f,0.9988198635053362f,0.005475893130450382f,0f,0f,0f,1f], start_interpolation: 0, interpolation_duration: 1 }
$data merge entity $(bone_left_forearm) { transformation: [0.4812153477494031f,-0.8694316821601019f,0.11189432133346511f,0.32703345357800223f,0.8764715628408793f,0.4794131027638101f,-0.04427952607744634f,0.9221778509295273f,-0.015145580929360997f,0.11938017823169877f,0.9927330882083463f,0.015177785103082028f,0f,0f,0f,1f], start_interpolation: 0, interpolation_duration: 1 }
$data merge entity $(bone_left_arm) { transformation: [-0.9924301137648659f,-0.05061748853883264f,0.11189432133346511f,0.3143790814432941f,0.045907309242793036f,-0.9979638483073642f,-0.04427952607744634f,0.6726868888526862f,0.11390780592541566f,-0.038807567890526584f,0.9927330882083463f,0.005475893130450382f,0f,0f,0f,1f], start_interpolation: 0, interpolation_duration: 1 }
$data merge entity $(bone_head) { transformation: [0.9989818808940185f,0.009773281836508663f,0.044041850637700844f,0.0020694638813954684f,0.04511295444217295f,-0.21969818605670532f,-0.9745242574635543f,0.7234567985020695f,0.00015161447097758116f,0.9755189336991555f,-0.21991540875417237f,0.043523482443495465f,0f,0f,0f,1f], start_interpolation: 0, interpolation_duration: 1 }
$data merge entity $(bone_torso) { transformation: [0.9999928020544814f,0.0030101292820297054f,-0.0023097534354071243f,4.592425496802574e-17f,-0.003794184922602967f,0.7933476297771147f,-0.6087570471771209f,0.17803030303030304f,0f,0.6087614290087207f,0.7933533402912352f,-0.375f,0f,0f,0f,1f], start_interpolation: 0, interpolation_duration: 1 }
$data merge entity $(bone_upper_body) { transformation: [0.9999928020544814f,0.0030101292820297054f,-0.0023097534354071243f,4.592425496802574e-17f,-0.003794184922602967f,0.7933476297771147f,-0.6087570471771209f,0.17803030303030304f,0f,0.6087614290087207f,0.7933533402912352f,-0.375f,0f,0f,0f,1f], start_interpolation: 0, interpolation_duration: 1 }
$data merge entity $(bone_right_lower_leg) { transformation: [1f,0f,0f,-0.12499999999999996f,0f,1.1102230246251565e-16f,0.9999999999999998f,0.06644985297073229f,0f,-0.9999999999999998f,1.1102230246251565e-16f,-0.004104406475076483f,0f,0f,0f,1f], start_interpolation: 0, interpolation_duration: 1 }
$data merge entity $(bone_right_leg) { transformation: [1f,0f,0f,-0.12499999999999996f,0f,0.147547866825522f,0.9890549160664628f,0.12178030303030304f,0f,-0.9890549160664628f,0.147547866825522f,-0.375f,0f,0f,0f,1f], start_interpolation: 0, interpolation_duration: 1 }
$data merge entity $(bone_left_lower_leg) { transformation: [1f,0f,0f,0.12500000000000006f,0f,-0.037013678900357866f,0.999314759009523f,0.052759557258845347f,0f,-0.999314759009523f,-0.037013678900357866f,-0.0064065428508642275f,0f,0f,0f,1f], start_interpolation: 0, interpolation_duration: 1 }
$data merge entity $(bone_left_leg) { transformation: [1f,0f,0f,0.12500000000000006f,0f,0.18405532205722053f,0.9829158857310287f,0.12178030303030304f,0f,-0.9829158857310287f,0.18405532205722053f,-0.375f,0f,0f,0f,1f], start_interpolation: 0, interpolation_duration: 1 }