# This file was generated by Animated Java via MC-Build. It is not recommended to edit this file directly.
$data merge entity $(bone_right_forearm) { transformation: [0.9093129900427863f,0.4155169842772195f,0.02226032157478131f,-0.38186458831531667f,-0.41435817934488883f,0.9090896220172247f,-0.04316663469125803f,0.9146703700840599f,-0.03817309719470776f,0.030028235341834394f,0.9988198635053362f,0.01736093231055015f,0f,0f,0f,1f], start_interpolation: 0, interpolation_duration: 1 }
$data merge entity $(bone_right_arm) { transformation: [-0.9636633321858924f,0.2661906464994031f,0.02226032157478131f,-0.3153169266904659f,-0.2669347643792427f,-0.9627473568985947f,-0.04316663469125803f,0.6739835308594113f,0.00994051136416392f,-0.047540156720399296f,0.9988198635053362f,0.005475893130450327f,0f,0f,0f,1f], start_interpolation: 0, interpolation_duration: 1 }
$data merge entity $(bone_left_forearm) { transformation: [0.551044361291061f,-0.8340276132786979f,0.027350542553386273f,0.2897518069401949f,0.833383227789512f,0.5517038814279257f,0.03309415139408689f,0.9266264427399629f,-0.04269083658655723f,0.004557137917511046f,0.9990779373830355f,-0.0022296433829088885f,0f,0f,0f,1f], start_interpolation: 0, interpolation_duration: 1 }
$data merge entity $(bone_left_arm) { transformation: [-0.9964448384106874f,0.07968457709452975f,0.027350542553386273f,0.3096729512138274f,-0.07876810050762105f,-0.9963434967348991f,0.03309415139408689f,0.6775405685562381f,0.029887628663377713f,0.03082214605343686f,0.9990779373830355f,0.005475893130450327f,0f,0f,0f,1f], start_interpolation: 0, interpolation_duration: 1 }
$data merge entity $(bone_head) { transformation: [0.9988660944794568f,0.010901488237655074f,0.046343099308971056f,-0.0031041865121511822f,0.04760785268611678f,-0.23144099699724485f,-0.9716833626606655f,0.725345830436183f,0.00013289835924021678f,0.9727878609764441f,-0.23169756121914725f,0.043523482443495354f,0f,0f,0f,1f], start_interpolation: 0, interpolation_duration: 1 }
$data merge entity $(bone_torso) { transformation: [0.9999838046468692f,-0.0045151803813108776f,0.003464619762172969f,4.592425496802574e-17f,0.005691260314922708f,0.7933404916537317f,-0.6087515699024054f,0.17992424242424243f,-2.168404344971009e-19f,0.6087614290087205f,0.7933533402912352f,-0.375f,0f,0f,0f,1f], start_interpolation: 0, interpolation_duration: 1 }
$data merge entity $(bone_upper_body) { transformation: [0.9999838046468692f,-0.0045151803813108776f,0.003464619762172969f,4.592425496802574e-17f,0.005691260314922708f,0.7933404916537317f,-0.6087515699024054f,0.17992424242424243f,-2.168404344971009e-19f,0.6087614290087205f,0.7933533402912352f,-0.375f,0f,0f,0f,1f], start_interpolation: 0, interpolation_duration: 1 }
$data merge entity $(bone_right_lower_leg) { transformation: [1f,0f,0f,-0.12499999999999996f,0f,-2.7755575615628914e-17f,1f,0.06638295436921235f,0f,-1f,-2.7755575615628914e-17f,-0.004402228402550223f,0f,0f,0f,1f], start_interpolation: 0, interpolation_duration: 1 }
$data merge entity $(bone_right_leg) { transformation: [1f,0f,0f,-0.12499999999999996f,0f,0.1527767681467469f,0.9882607242598661f,0.12367424242424244f,0f,-0.9882607242598661f,0.1527767681467469f,-0.375f,0f,0f,0f,1f], start_interpolation: 0, interpolation_duration: 1 }
$data merge entity $(bone_left_lower_leg) { transformation: [1f,0f,0f,0.12500000000000006f,0f,-0.03833495925208397f,0.9992649452968623f,0.05221821612684467f,0f,-0.9992649452968623f,-0.03833495925208397f,-0.006870897230624284f,0f,0f,0f,1f], start_interpolation: 0, interpolation_duration: 1 }
$data merge entity $(bone_left_leg) { transformation: [1f,0f,0f,0.12500000000000006f,0f,0.19054940345972737f,0.981677607385002f,0.12367424242424244f,0f,-0.981677607385002f,0.19054940345972737f,-0.375f,0f,0f,0f,1f], start_interpolation: 0, interpolation_duration: 1 }