# This file was generated by Animated Java via MC-Build. It is not recommended to edit this file directly.
$data merge entity $(bone_right_forearm) { transformation: [0.9900475649643735f,0.13829144128540727f,-0.026101654647160865f,-0.29031059015634353f,-0.13781511816839245f,0.9902708812642894f,0.01925032270585636f,0.39228247644594677f,0.028509863422102218f,-0.015461532500122449f,0.9994739259732596f,0.010180069615261134f,0f,0f,0f,1f], start_interpolation: 0, interpolation_duration: 1 }
$data merge entity $(bone_right_arm) { transformation: [0.9995188256854345f,0.016757706438845648f,-0.026101654647160865f,-0.28612116354663214f,-0.01625774348471713f,0.9996825050247231f,0.01925032270585636f,0.6422031027021275f,0.026415958759721775f,-0.018816705939243006f,0.9994739259732596f,0.005475893130450382f,0f,0f,0f,1f], start_interpolation: 0, interpolation_duration: 1 }
$data merge entity $(bone_left_forearm) { transformation: [0.9926408522129401f,0.12086544384106848f,-0.007462104466534426f,0.3273695075831354f,-0.12086617430308827f,0.992668747432051f,0.0003546561977125773f,0.3597201971227706f,0.007450263572749384f,0.0005498697887798325f,0.9999720952186176f,0.00548498468523069f,0f,0f,0f,1f], start_interpolation: 0, interpolation_duration: 1 }
$data merge entity $(bone_left_arm) { transformation: [0.999063865171219f,0.04261115236736446f,-0.007462104466534426f,0.3380222956749765f,-0.042609691943947064f,0.9990917317100685f,0.0003546561977125773f,0.6094931300502877f,0.007470439182950091f,-0.00003636621912123106f,0.9999720952186176f,0.005475893130450382f,0f,0f,0f,1f], start_interpolation: 0, interpolation_duration: 1 }
$data merge entity $(bone_head) { transformation: [0.9999999855502149f,-0.00016600629918706727f,0.00003662619912888146f,0.02854562267058939f,0.00005633623392848133f,0.12033386179694133f,-0.9927334780953363f,0.6753647461956467f,0.00016039263879357932f,0.9927334658139331f,0.12033386941031277f,0.043523482443495465f,0f,0f,0f,1f], start_interpolation: 0, interpolation_duration: 1 }
$data merge entity $(bone_torso) { transformation: [0.9986295347545738f,0.04152090570267541f,-0.031860111510992356f,4.592425496802574e-17f,-0.05233595624294383f,0.7922660771110233f,-0.6079271426275084f,0.13068181818181818f,3.469446951953614e-18f,0.6087614290087207f,0.7933533402912352f,-0.375f,0f,0f,0f,1f], start_interpolation: 0, interpolation_duration: 1 }
$data merge entity $(bone_upper_body) { transformation: [0.9986295347545738f,0.04152090570267541f,-0.031860111510992356f,4.592425496802574e-17f,-0.05233595624294383f,0.7922660771110233f,-0.6079271426275084f,0.13068181818181818f,3.469446951953614e-18f,0.6087614290087207f,0.7933533402912352f,-0.375f,0f,0f,0f,1f], start_interpolation: 0, interpolation_duration: 1 }
$data merge entity $(bone_right_lower_leg) { transformation: [1f,0f,0f,-0.12499999999999996f,0f,-5.551115123125783e-17f,1f,0.06848208174376523f,0f,-1f,-5.551115123125783e-17f,-0.00004720212229686327f,0f,0f,0f,1f], start_interpolation: 0, interpolation_duration: 1 }
$data merge entity $(bone_right_leg) { transformation: [1f,0f,0f,-0.12499999999999996f,0f,0.015865963834807872f,0.9998741276738751f,0.07443181818181818f,0f,-0.9998741276738751f,0.015865963834807872f,-0.375f,0f,0f,0f,1f], start_interpolation: 0, interpolation_duration: 1 }
$data merge entity $(bone_left_lower_leg) { transformation: [1f,0f,0f,0.12500000000000006f,0f,-0.00396664698876132f,0.9999921328248871f,0.06699482316475443f,0f,-0.9999921328248871f,-0.00396664698876132f,-0.00007375244574281403f,0f,0f,0f,1f], start_interpolation: 0, interpolation_duration: 1 }
$data merge entity $(bone_left_leg) { transformation: [1f,0f,0f,0.12500000000000006f,0f,0.019831986712170013f,0.9998033268113525f,0.07443181818181818f,0f,-0.9998033268113525f,0.019831986712170013f,-0.375f,0f,0f,0f,1f], start_interpolation: 0, interpolation_duration: 1 }
execute on vehicle unless entity @s[tag=aj.transforms_only] at @s run function animated_java:rend_fallen_tether/animations/rise_0/zzz/frames/zzz/0