# This file was generated by Animated Java via MC-Build. It is not recommended to edit this file directly.
$data merge entity $(bone_right_forearm) { transformation: [0.9132024122749244f,0.4068752647435528f,0.02266877048105554f,-0.38881672832981923f,-0.405714393219938f,0.912990045960042f,-0.0429535459777004f,0.9129091390124415f,-0.03817309719470781f,0.030028235341834495f,0.9988198635053362f,0.017360932310550234f,0f,0f,0f,1f], start_interpolation: 0, interpolation_duration: 1 }
$data merge entity $(bone_right_arm) { transformation: [-0.961088012231138f,0.275310660146819f,0.02266877048105554f,-0.3199890632931145f,-0.2760634328907379f,-0.9601791363638992f,-0.0429535459777004f,0.6728643549214668f,0.009940511364163893f,-0.04754015672039941f,0.9988198635053362f,0.005475893130450382f,0f,0f,0f,1f], start_interpolation: 0, interpolation_duration: 1 }
$data merge entity $(bone_left_forearm) { transformation: [0.6527693061545057f,-0.7566387130651163f,-0.03728392191989518f,0.26490644977894473f,0.7568074231707014f,0.6491448748391921f,0.07650788001070197f,0.9282802902535582f,-0.03368615704243341f,-0.07815874462383174f,0.99637164424854f,-0.014906274796127356f,0f,0f,0f,1f], start_interpolation: 0, interpolation_duration: 1 }
$data merge entity $(bone_left_arm) { transformation: [-0.9863915455001129f,0.1601300350720286f,-0.03728392191989518f,0.30493895854695185f,-0.1625887349684244f,-0.9837232576073593f,0.07650788001070197f,0.6823494758517183f,-0.024425851618017462f,0.08152867170631095f,0.99637164424854f,0.005475893130450382f,0f,0f,0f,1f], start_interpolation: 0, interpolation_duration: 1 }
$data merge entity $(bone_head) { transformation: [0.998744100679281f,0.012086674643542872f,0.048622357556943635f,-0.00827755761038949f,0.05010198228650782f,-0.24312262515219946f,-0.9687007693349199f,0.7271857887434336f,0.0001128241844321684f,0.9699202551937784f,-0.2434228539713128f,0.043523482443495465f,0f,0f,0f,1f], start_interpolation: 0, interpolation_duration: 1 }
$data merge entity $(bone_torso) { transformation: [0.9998848349441062f,-0.012040083796930234f,0.009238681234912761f,4.592425496802574e-17f,0.015176193488402524f,0.7932619737094571f,-0.6086913209647229f,0.18181818181818182f,0f,0.6087614290087207f,0.7933533402912352f,-0.375f,0f,0f,0f,1f], start_interpolation: 0, interpolation_duration: 1 }
$data merge entity $(bone_upper_body) { transformation: [0.9998848349441062f,-0.012040083796930234f,0.009238681234912761f,4.592425496802574e-17f,0.015176193488402524f,0.7932619737094571f,-0.6086913209647229f,0.18181818181818182f,0f,0.6087614290087207f,0.7933533402912352f,-0.375f,0f,0f,0f,1f], start_interpolation: 0, interpolation_duration: 1 }
$data merge entity $(bone_right_lower_leg) { transformation: [1f,0f,0f,-0.12499999999999996f,0f,2.220446049250313e-16f,0.9999999999999999f,0.06631765832817552f,0f,-0.9999999999999999f,2.220446049250313e-16f,-0.004710416746352142f,0f,0f,0f,1f], start_interpolation: 0, interpolation_duration: 1 }
$data merge entity $(bone_right_leg) { transformation: [1f,0f,0f,-0.12499999999999996f,0f,0.15800139597335017f,0.9874388886763943f,0.12556818181818183f,0f,-0.9874388886763943f,0.15800139597335017f,-0.375f,0f,0f,0f,1f], start_interpolation: 0, interpolation_duration: 1 }
$data merge entity $(bone_left_lower_leg) { transformation: [1f,0f,0f,0.12500000000000006f,0f,-0.03965617258421225f,0.9992133846060967f,0.051679998082406975f,0f,-0.9992133846060967f,-0.03965617258421225f,-0.007351341217966101f,0f,0f,0f,1f], start_interpolation: 0, interpolation_duration: 1 }
$data merge entity $(bone_left_leg) { transformation: [1f,0f,0f,0.12500000000000006f,0f,0.19703515662873294f,0.9803964234187571f,0.12556818181818183f,0f,-0.9803964234187571f,0.19703515662873294f,-0.375f,0f,0f,0f,1f], start_interpolation: 0, interpolation_duration: 1 }