# This file was generated by Animated Java via MC-Build. It is not recommended to edit this file directly.
$data merge entity $(bone_right_forearm) { transformation: [0.9170096702594139f,0.3981969371155961f,0.023075179792989405f,-0.39573388504431417f,-0.39703410344866386f,0.9168083247626047f,-0.04273659257243634f,0.911082128944126f,-0.03817309719470781f,0.030028235341834495f,0.9988198635053362f,0.017360932310550234f,0f,0f,0f,1f], start_interpolation: 0, interpolation_duration: 1 }
$data merge entity $(bone_right_arm) { transformation: [-0.9584262195816258f,0.28440590306109115f,0.023075179792989405f,-0.3246324092790414f,-0.2851672629393011f,-0.9575245249094175f,-0.04273659257243634f,0.6717009977167716f,0.009940511364163893f,-0.04754015672039941f,0.9988198635053362f,0.005475893130450382f,0f,0f,0f,1f], start_interpolation: 0, interpolation_duration: 1 }
$data merge entity $(bone_left_forearm) { transformation: [0.6877586651582313f,-0.7219577896074156f,-0.0759273898204257f,0.24885004824784282f,0.7257060127966635f,0.6811145791530248f,0.09712730334961078f,0.9302122627442708f,-0.01840656107308713f,-0.12190110783078609f,0.9923715626815843f,-0.02224427207131978f,0f,0f,0f,1f], start_interpolation: 0, interpolation_duration: 1 }
$data merge entity $(bone_left_arm) { transformation: [-0.9757473373618807f,0.2053099245196334f,-0.0759273898204257f,0.30017752937775116f,-0.21216260978623236f,-0.9723956571029757f,0.09712730334961078f,0.6871133484685269f,-0.05389026479704246f,0.11088066080708064f,0.9923715626815843f,0.005475893130450382f,0f,0f,0f,1f], start_interpolation: 0, interpolation_duration: 1 }
$data merge entity $(bone_head) { transformation: [0.9986158995364918f,0.01332808590524116f,0.050878751154345134f,-0.01345018394570965f,0.052595406634576125f,-0.2547413630840376f,-0.9655778379473245f,0.7289766782807021f,0.00009161804871246453f,0.9669173698202908f,-0.255089771543165f,0.043523482443495465f,0f,0f,0f,1f], start_interpolation: 0, interpolation_duration: 1 }
$data merge entity $(bone_torso) { transformation: [0.9996959018508681f,-0.019563903921032286f,0.015011911468835477f,4.592425496802574e-17f,0.024659761202808446f,0.793112083008845f,-0.6085763057848963f,0.18371212121212122f,-8.673617379884035e-19f,0.6087614290087207f,0.7933533402912352f,-0.375f,0f,0f,0f,1f], start_interpolation: 0, interpolation_duration: 1 }
$data merge entity $(bone_upper_body) { transformation: [0.9996959018508681f,-0.019563903921032286f,0.015011911468835477f,4.592425496802574e-17f,0.024659761202808446f,0.793112083008845f,-0.6085763057848963f,0.18371212121212122f,-8.673617379884035e-19f,0.6087614290087207f,0.7933533402912352f,-0.375f,0f,0f,0f,1f], start_interpolation: 0, interpolation_duration: 1 }
$data merge entity $(bone_right_lower_leg) { transformation: [1f,0f,0f,-0.12499999999999996f,0f,-2.7755575615628914e-17f,1f,0.06625401965164898f,0f,-1f,-2.7755575615628914e-17f,-0.005028962885791688f,0f,0f,0f,1f], start_interpolation: 0, interpolation_duration: 1 }
$data merge entity $(bone_right_leg) { transformation: [1f,0f,0f,-0.12499999999999996f,0f,0.1632216041612593f,0.9865894323045555f,0.12746212121212122f,0f,-0.9865894323045555f,0.1632216041612593f,-0.375f,0f,0f,0f,1f], start_interpolation: 0, interpolation_duration: 1 }
$data merge entity $(bone_left_lower_leg) { transformation: [1f,0f,0f,0.12500000000000006f,0f,-0.040977316586914475f,0.999160077027368f,0.05114500942644283f,0f,-0.999160077027368f,-0.040977316586914475f,-0.007847853814399841f,0f,0f,0f,1f], start_interpolation: 0, interpolation_duration: 1 }
$data merge entity $(bone_left_leg) { transformation: [1f,0f,0f,0.12500000000000006f,0f,0.20351229809514237f,0.979072389828267f,0.12746212121212122f,0f,-0.979072389828267f,0.20351229809514237f,-0.375f,0f,0f,0f,1f], start_interpolation: 0, interpolation_duration: 1 }
execute on vehicle unless entity @s[tag=aj.transforms_only] at @s run function animated_java:rend_fallen_tether/animations/rise_0/zzz/frames/zzz/2