# This file was generated by Animated Java via MC-Build. It is not recommended to edit this file directly.
$data merge entity $(bone_right_forearm) { transformation: [0.9207344214429681f,0.3894827822150497f,0.02347951294441212f,-0.40261543609625644f,-0.3883180910293083f,0.9205441148800418f,-0.04251579399557753f,0.909189674666899f,-0.03817309719470782f,0.030028235341834554f,0.9988198635053365f,0.01736093231055036f,0f,0f,0f,1f], start_interpolation: 0, interpolation_duration: 1 }
$data merge entity $(bone_right_arm) { transformation: [-0.9556781937288278f,0.29347555690908655f,0.02347951294441212f,-0.3292465468689848f,-0.2942454354191824f,-0.9547837613805032f,-0.04251579399557753f,0.6704937343217733f,0.009940511364163865f,-0.04754015672039946f,0.9988198635053365f,0.005475893130450493f,0f,0f,0f,1f], start_interpolation: 0, interpolation_duration: 1 }
$data merge entity $(bone_left_forearm) { transformation: [0.68640866054341f,-0.7216216107066935f,-0.09003000439897184f,0.23887558787514301f,0.7270966363787101f,0.6787731087466511f,0.10294439377242853f,0.933474823788916f,-0.013176953280919251f,-0.136122436811439f,0.990604386270699f,-0.024771996791284917f,0f,0f,0f,1f], start_interpolation: 0, interpolation_duration: 1 }
$data merge entity $(bone_left_arm) { transformation: [-0.9699454519372199f,0.2260540169389238f,-0.09003000439897184f,0.29538909210987396f,-0.23482297136466268f,-0.966571582403651f,0.10294439377242853f,0.6918319281880032f,-0.06374945008212209f,0.12099155968694164f,0.990604386270699f,0.005475893130450493f,0f,0f,0f,1f], start_interpolation: 0, interpolation_duration: 1 }
$data merge entity $(bone_head) { transformation: [0.9984814903648822f,0.014624958208313794f,0.05311142999514114f,-0.01862160011751099f,0.05508818900285072f,-0.26629553519022486f,-0.9623159457112502f,0.7307185083197709f,0.00006950618605327218f,0.9637804721694441f,-0.26669682531618794f,0.04352348244349552f,0f,0f,0f,1f], start_interpolation: 0, interpolation_duration: 1 }
$data merge entity $(bone_torso) { transformation: [0.999417022366174f,-0.027085963807288775f,0.020783791024754028f,4.592425496802574e-17f,0.03414111018596794f,0.7928908330381242f,-0.6084065347112727f,0.1856060606060606f,1.734723475976807e-18f,0.6087614290087208f,0.7933533402912352f,-0.375f,0f,0f,0f,1f], start_interpolation: 0, interpolation_duration: 1 }
$data merge entity $(bone_upper_body) { transformation: [0.999417022366174f,-0.027085963807288775f,0.020783791024754028f,4.592425496802574e-17f,0.03414111018596794f,0.7928908330381242f,-0.6084065347112727f,0.1856060606060606f,1.734723475976807e-18f,0.6087614290087208f,0.7933533402912352f,-0.375f,0f,0f,0f,1f], start_interpolation: 0, interpolation_duration: 1 }
$data merge entity $(bone_right_lower_leg) { transformation: [1f,0f,0f,-0.12499999999999996f,0f,5.551115123125783e-17f,0.9999999999999999f,0.0661920930972991f,0f,-0.9999999999999999f,5.551115123125783e-17f,-0.005357857910448627f,0f,0f,0f,1f], start_interpolation: 0, interpolation_duration: 1 }
$data merge entity $(bone_right_leg) { transformation: [1f,0f,0f,-0.12499999999999996f,0f,0.16843724669003068f,0.9857123789054704f,0.1293560606060606f,0f,-0.9857123789054704f,0.16843724669003068f,-0.375f,0f,0f,0f,1f], start_interpolation: 0, interpolation_duration: 1 }
$data merge entity $(bone_left_lower_leg) { transformation: [1f,0f,0f,0.12500000000000006f,0f,-0.04229838895048307f,0.9991050226538718f,0.05061335631871747f,0f,-0.9991050226538718f,-0.04229838895048307f,-0.008360413319134286f,0f,0f,0f,1f], start_interpolation: 0, interpolation_duration: 1 }
$data merge entity $(bone_left_leg) { transformation: [1f,0f,0f,0.12500000000000006f,0f,0.2099805447662484f,0.9777055644823086f,0.1293560606060606f,0f,-0.9777055644823086f,0.2099805447662484f,-0.375f,0f,0f,0f,1f], start_interpolation: 0, interpolation_duration: 1 }