# This file was generated by Animated Java via MC-Build. It is not recommended to edit this file directly.
$data merge entity $(bone_right_forearm) { transformation: [0.9243763306957464f,0.38073358408712843f,0.023881733555952873f,-0.4094607623266762f,-0.379567140174214f,0.9241970801892986f,-0.04229117011320066f,0.9072321168568069f,-0.03817309719470782f,0.030028235341834554f,0.9988198635053365f,0.01736093231055036f,0f,0f,0f,1f], start_interpolation: 0, interpolation_duration: 1 }
$data merge entity $(bone_right_arm) { transformation: [-0.9528441819229417f,0.30251880566001627f,0.023881733555952873f,-0.33383106091167214f,-0.30329713353313964f,-0.9519570923739354f,-0.04229117011320066f,0.6692428437633231f,0.009940511364163865f,-0.04754015672039946f,0.9988198635053365f,0.005475893130450493f,0f,0f,0f,1f], start_interpolation: 0, interpolation_duration: 1 }
$data merge entity $(bone_left_forearm) { transformation: [0.6726838864576805f,-0.7350823607896194f,-0.0845595160591045f,0.23315575847423017f,0.7397461265908555f,0.6655632782833409f,0.09900096360419008f,0.9380852515563567f,-0.01649415332826476f,-0.1291489274314417f,0.9914880218385353f,-0.02354306242784726f,0f,0f,0f,1f], start_interpolation: 0, interpolation_duration: 1 }
$data merge entity $(bone_left_arm) { transformation: [-0.9695874763766651f,0.22967327641103505f,-0.0845595160591045f,0.29057407757698894f,-0.23753361785215354f,-0.9663211627587946f,0.09900096360419008f,0.696504960866658f,-0.058973774201730896f,0.11607582223319102f,0.9914880218385353f,0.005475893130450493f,0f,0f,0f,1f], start_interpolation: 0, interpolation_duration: 1 }
$data merge entity $(bone_head) { transformation: [0.9983408717519161f,0.015976519738102414f,0.05531956802689557f,-0.023791340834075754f,0.05758039255978605f,-0.277783497719973f,-0.9589164858250792f,0.7324112925464896f,0.00004671493589285692f,0.9605108428391196f,-0.27824255355031335f,0.04352348244349552f,0f,0f,0f,1f], start_interpolation: 0, interpolation_duration: 1 }
$data merge entity $(bone_torso) { transformation: [0.9990482215818578f,-0.034605586667746616f,0.02655380058500688f,4.592425496802574e-17f,0.04361938736533599f,0.7925982437039849f,-0.6081820230187928f,0.1875f,-1.734723475976807e-18f,0.6087614290087208f,0.7933533402912352f,-0.375f,0f,0f,0f,1f], start_interpolation: 0, interpolation_duration: 1 }
$data merge entity $(bone_upper_body) { transformation: [0.9990482215818578f,-0.034605586667746616f,0.02655380058500688f,4.592425496802574e-17f,0.04361938736533599f,0.7925982437039849f,-0.6081820230187928f,0.1875f,-1.734723475976807e-18f,0.6087614290087208f,0.7933533402912352f,-0.375f,0f,0f,0f,1f], start_interpolation: 0, interpolation_duration: 1 }
$data merge entity $(bone_right_lower_leg) { transformation: [1f,0f,0f,-0.12499999999999996f,0f,1.942890293094024e-16f,0.9999999999999998f,0.06613193337490106f,0f,-0.9999999999999998f,1.942890293094024e-16f,-0.005697092620422062f,0f,0f,0f,1f], start_interpolation: 0, interpolation_duration: 1 }
$data merge entity $(bone_right_leg) { transformation: [1f,0f,0f,-0.12499999999999996f,0f,0.17364817766693053f,0.9848077530122079f,0.13125f,0f,-0.9848077530122079f,0.17364817766693053f,-0.375f,0f,0f,0f,1f], start_interpolation: 0, interpolation_duration: 1 }
$data merge entity $(bone_left_lower_leg) { transformation: [1f,0f,0f,0.12500000000000006f,0f,-0.04361938736533602f,0.9990482215818579f,0.05008514477321144f,0f,-0.9990482215818579f,-0.04361938736533602f,-0.008888997330024961f,0f,0f,0f,1f], start_interpolation: 0, interpolation_duration: 1 }
$data merge entity $(bone_left_leg) { transformation: [1f,0f,0f,0.12500000000000006f,0f,0.21643961393810285f,0.9762960071199335f,0.13125f,0f,-0.9762960071199335f,0.21643961393810285f,-0.375f,0f,0f,0f,1f], start_interpolation: 0, interpolation_duration: 1 }