# This file was generated by Animated Java via MC-Build. It is not recommended to edit this file directly.
$data merge entity $(bone_right_forearm) { transformation: [0.9245348469550365f,0.38034738770951926f,0.023899402259722834f,-0.40976145682976084f,-0.3791808690010491f,0.9243560838469124f,-0.04228118776488149f,0.9180903781998477f,-0.03817309719470781f,0.030028235341834495f,0.9988198635053362f,0.017360932310550234f,0f,0f,0f,1f], start_interpolation: 0, interpolation_duration: 1 }
$data merge entity $(bone_right_arm) { transformation: [-0.9527173701760818f,0.302916541536442f,0.023899402259722834f,-0.33403232144565037f,-0.3036952399998886f,-0.9518306059181966f,-0.04228118776488149f,0.6801327267202986f,0.009940511364163893f,-0.04754015672039941f,0.9988198635053362f,0.005475893130450382f,0f,0f,0f,1f], start_interpolation: 0, interpolation_duration: 1 }
$data merge entity $(bone_left_forearm) { transformation: [0.6766040234878374f,-0.7334623096530645f,-0.06511555665478436f,0.23717811499563418f,0.7360258170642195f,0.671047459650928f,0.08922613692738657f,0.9506199815132792f,-0.021748379595232348f,-0.10829749403577549f,0.9938806068993162f,-0.019820724793405506f,0f,0f,0f,1f], start_interpolation: 0, interpolation_duration: 1 }
$data merge entity $(bone_left_arm) { transformation: [-0.9749382667828315f,0.2127330257482996f,-0.06511555665478436f,0.29036137143270907f,-0.21802004216862889f,-0.9718569636020546f,0.08922613692738657f,0.7076557406127655f,-0.04430166108938125f,0.10118647169542355f,0.9938806068993162f,0.005475893130450382f,0f,0f,0f,1f], start_interpolation: 0, interpolation_duration: 1 }
$data merge entity $(bone_head) { transformation: [0.9986977100172568f,0.014758915687671372f,0.048837059842002546f,-0.02401902250711771f,0.05101846190755443f,-0.2893493609984282f,-0.9558629942802415f,0.7434307158567146f,0.000023470716778239455f,0.9571097751551415f,-0.28972552140189506f,0.043523482443495465f,0f,0f,0f,1f], start_interpolation: 0, interpolation_duration: 1 }
$data merge entity $(bone_torso) { transformation: [0.9990299086053751f,-0.0349367600103531f,0.026807918828488028f,4.592425496802574e-17f,0.04403682222794703f,0.7925837150429217f,-0.6081708747850598f,0.1985294117647059f,0f,0.6087614290087207f,0.7933533402912352f,-0.375f,0f,0f,0f,1f], start_interpolation: 0, interpolation_duration: 1 }
$data merge entity $(bone_upper_body) { transformation: [0.9990299086053751f,-0.0349367600103531f,0.026807918828488028f,4.592425496802574e-17f,0.04403682222794703f,0.7925837150429217f,-0.6081708747850598f,0.1985294117647059f,0f,0.6087614290087207f,0.7933533402912352f,-0.375f,0f,0f,0f,1f], start_interpolation: 0, interpolation_duration: 1 }
$data merge entity $(bone_right_lower_leg) { transformation: [1f,0f,0f,-0.12499999999999996f,0f,0.0025666578466132794f,0.9999967061283245f,0.06581952469719296f,0f,-0.9999967061283245f,0.0025666578466132794f,-0.007877560383973303f,0f,0f,0f,1f], start_interpolation: 0, interpolation_duration: 1 }
$data merge entity $(bone_right_leg) { transformation: [1f,0f,0f,-0.12499999999999996f,0f,0.20389303218003452f,0.9789931723094045f,0.1422794117647059f,0f,-0.9789931723094045f,0.20389303218003452f,-0.375f,0f,0f,0f,1f], start_interpolation: 0, interpolation_duration: 1 }
$data merge entity $(bone_left_lower_leg) { transformation: [1f,0f,0f,0.12500000000000006f,0f,-0.035925516979278566f,0.9993544702605637f,0.051745494350060636f,0f,-0.9993544702605637f,-0.035925516979278566f,-0.011092580733013613f,0f,0f,0f,1f], start_interpolation: 0, interpolation_duration: 1 }
$data merge entity $(bone_left_leg) { transformation: [1f,0f,0f,0.12500000000000006f,0f,0.24142377977238738f,0.9704197847119637f,0.1422794117647059f,0f,-0.9704197847119637f,0.24142377977238738f,-0.375f,0f,0f,0f,1f], start_interpolation: 0, interpolation_duration: 1 }