# This file was generated by Animated Java via MC-Build. It is not recommended to edit this file directly.
$data merge entity $(bone_right_forearm) { transformation: [0.9248642397150003f,0.3795434076098797f,0.023936161686347185f,-0.4103870447448532f,-0.3783767338869525f,0.9246864910996245f,-0.04226038843771118f,0.928763182127098f,-0.03817309719470776f,0.030028235341834394f,0.9988198635053362f,0.01736093231055015f,0f,0f,0f,1f], start_interpolation: 0, interpolation_duration: 1 }
$data merge entity $(bone_right_arm) { transformation: [-0.9524529112229729f,0.3037441556089744f,0.023936161686347185f,-0.3344510058426096f,-0.30452362492375323f,-0.9515668244702478f,-0.04226038843771118f,0.690871476009536f,0.00994051136416392f,-0.047540156720399296f,0.9988198635053362f,0.005475893130450327f,0f,0f,0f,1f], start_interpolation: 0, interpolation_duration: 1 }
$data merge entity $(bone_left_forearm) { transformation: [0.6950858766191135f,-0.7178373835432449f,-0.03956153324160095f,0.24258524641354326f,0.7184288625469815f,0.6915044901882551f,0.07537578861233174f,0.9635677590967776f,-0.02675058100468607f,-0.08081479343083772f,0.9963700997012319f,-0.014909883412212457f,0f,0f,0f,1f], start_interpolation: 0, interpolation_duration: 1 }
$data merge entity $(bone_left_arm) { transformation: [-0.9811156251212463f,0.1893330801273757f,-0.03956153324160095f,0.2899185164453872f,-0.19187179022864825f,-0.9785211835241596f,0.07537578861233174f,0.7189374632157377f,-0.02444066810459901f,0.08154310617065114f,0.9963700997012319f,0.005475893130450327f,0f,0f,0f,1f], start_interpolation: 0, interpolation_duration: 1 }
$data merge entity $(bone_head) { transformation: [0.9989912356607948f,0.013523060253521953f,0.04282099852056047f,-0.02449286916847234f,0.044905579529922864f,-0.3008405372784302f,-0.9526166385577712f,0.7544390342209594f,0f,0.9535785746184764f,-0.30114432093033894f,0.043523482443495354f,0f,0f,0f,1f], start_interpolation: 0, interpolation_duration: 1 }
$data merge entity $(bone_torso) { transformation: [0.9989912356607948f,-0.03562599151777802f,0.027336784765100593f,4.592425496802574e-17f,0.044905579529922864f,0.7925530337331601f,-0.608147332188053f,0.2095588235294118f,0f,0.6087614290087205f,0.7933533402912352f,-0.375f,0f,0f,0f,1f], start_interpolation: 0, interpolation_duration: 1 }
$data merge entity $(bone_upper_body) { transformation: [0.9989912356607948f,-0.03562599151777802f,0.027336784765100593f,4.592425496802574e-17f,0.044905579529922864f,0.7925530337331601f,-0.608147332188053f,0.2095588235294118f,0f,0.6087614290087205f,0.7933533402912352f,-0.375f,0f,0f,0f,1f], start_interpolation: 0, interpolation_duration: 1 }
$data merge entity $(bone_right_lower_leg) { transformation: [1f,0f,0f,-0.12499999999999996f,0f,0.0051332987847435285f,0.9999868245349969f,0.06557964285379357f,0f,-0.9999868245349969f,0.0051332987847435285f,-0.010406266019306443f,0f,0f,0f,1f], start_interpolation: 0, interpolation_duration: 1 }
$data merge entity $(bone_right_leg) { transformation: [1f,0f,0f,-0.12499999999999996f,0f,0.23394448180164862f,0.9722499572818495f,0.1533088235294118f,0f,-0.9722499572818495f,0.23394448180164862f,-0.375f,0f,0f,0f,1f], start_interpolation: 0, interpolation_duration: 1 }
$data merge entity $(bone_left_lower_leg) { transformation: [1f,0f,0f,0.12500000000000006f,0f,-0.028229516589804993f,0.9996014677825888f,0.05346548210678387f,0f,-0.9996014677825888f,-0.028229516589804993f,-0.013535883975235308f,0f,0f,0f,1f], start_interpolation: 0, interpolation_duration: 1 }
$data merge entity $(bone_left_leg) { transformation: [1f,0f,0f,0.12500000000000006f,0f,0.26624891046034116f,0.9639043093993725f,0.1533088235294118f,0f,-0.9639043093993725f,0.26624891046034116f,-0.375f,0f,0f,0f,1f], start_interpolation: 0, interpolation_duration: 1 }
execute on vehicle unless entity @s[tag=aj.transforms_only] at @s run function animated_java:rend_fallen_tether/animations/rise_0/zzz/frames/zzz/3