# This file was generated by Animated Java via MC-Build. It is not recommended to edit this file directly.
$data merge entity $(bone_right_forearm) { transformation: [0.9251460858841989f,0.37885389124943813f,0.023967662762671132f,-0.41092314194179225f,-0.37768708532819817f,0.9249692071455212f,-0.04224253080576579f,0.9394864251214454f,-0.03817309719470782f,0.030028235341834554f,0.9988198635053365f,0.01736093231055036f,0f,0f,0f,1f], start_interpolation: 0, interpolation_duration: 1 }
$data merge entity $(bone_right_arm) { transformation: [-0.952225605341534f,0.3044535230107287f,0.023967662762671132f,-0.3348097611891101f,-0.30523365274125386f,-0.9513400999775821f,-0.04224253080576579f,0.70165140012705f,0.009940511364163865f,-0.04754015672039946f,0.9988198635053365f,0.005475893130450493f,0f,0f,0f,1f], start_interpolation: 0, interpolation_duration: 1 }
$data merge entity $(bone_left_forearm) { transformation: [0.713583325203531f,-0.7004228689727452f,-0.01437506909409899f,0.24842410157173053f,0.6998300249645326f,0.7117360741741465f,0.060578023055522734f,0.9762894035442828f,-0.03219897746223021f,-0.05328757208920625f,0.9980599483554204f,-0.010053906459300502f,0f,0f,0f,1f], start_interpolation: 0, interpolation_duration: 1 }
$data merge entity $(bone_left_arm) { transformation: [-0.9862792927351719f,0.16445824427601352f,-0.01437506909409899f,0.2895386626407339f,-0.16503215455722192f,-0.9844260719245941f,0.060578023055522734f,0.7301828855631343f,-0.004188637488525368f,0.06211919835900398f,0.9980599483554204f,0.005475893130450493f,0f,0f,0f,1f], start_interpolation: 0, interpolation_duration: 1 }
$data merge entity $(bone_head) { transformation: [0.9989574781277504f,0.014200000255622888f,0.04338567603928051f,-0.024899104201606945f,0.04565037669773481f,-0.310735583600876f,-0.9493995155842339f,0.7654500336001896f,0f,0.9503903182782132f,-0.311059870319263f,0.04352348244349552f,0f,0f,0f,1f], start_interpolation: 0, interpolation_duration: 1 }
$data merge entity $(bone_torso) { transformation: [0.9989574781277504f,-0.036216878838701075f,0.02779018855329944f,4.592425496802574e-17f,0.04565037669773481f,0.7925262520815592f,-0.6081267819039972f,0.22058823529411764f,0f,0.6087614290087208f,0.7933533402912352f,-0.375f,0f,0f,0f,1f], start_interpolation: 0, interpolation_duration: 1 }
$data merge entity $(bone_upper_body) { transformation: [0.9989574781277504f,-0.036216878838701075f,0.02779018855329944f,4.592425496802574e-17f,0.04565037669773481f,0.7925262520815592f,-0.6081267819039972f,0.22058823529411764f,0f,0.6087614290087208f,0.7933533402912352f,-0.375f,0f,0f,0f,1f], start_interpolation: 0, interpolation_duration: 1 }
$data merge entity $(bone_right_lower_leg) { transformation: [1f,0f,0f,-0.12499999999999996f,0f,0.007699905906018711f,0.9999703552851147f,0.06542297745230817f,0f,-0.9999703552851147f,0.007699905906018711f,-0.013280810895954342f,0f,0f,0f,1f], start_interpolation: 0, interpolation_duration: 1 }
$data merge entity $(bone_right_leg) { transformation: [1f,0f,0f,-0.12499999999999996f,0f,0.26377402091149194f,0.9645845042774551f,0.16433823529411765f,0f,-0.9645845042774551f,0.26377402091149194f,-0.375f,0f,0f,0f,1f], start_interpolation: 0, interpolation_duration: 1 }
$data merge entity $(bone_left_lower_leg) { transformation: [1f,0f,0f,0.12500000000000006f,0f,-0.020531842488390406f,0.9997891995035914f,0.055251240519688216f,0f,-0.9997891995035914f,-0.020531842488390406f,-0.016217297558698385f,0f,0f,0f,1f], start_interpolation: 0, interpolation_duration: 1 }
$data merge entity $(bone_left_leg) { transformation: [1f,0f,0f,0.12500000000000006f,0f,0.2908986527318118f,0.9567538731768044f,0.16433823529411765f,0f,-0.9567538731768044f,0.2908986527318118f,-0.375f,0f,0f,0f,1f], start_interpolation: 0, interpolation_duration: 1 }