# This file was generated by Animated Java via MC-Build. It is not recommended to edit this file directly.
$data merge entity $(bone_right_forearm) { transformation: [0.9251633334344409f,0.37881164862298583f,0.023969591903260676f,-0.4109559727290979f,-0.3776448346251232f,0.924986507982571f,-0.042241436187378245f,0.9504970697707302f,-0.03817309719470781f,0.030028235341834495f,0.9988198635053362f,0.017360932310550234f,0f,0f,0f,1f], start_interpolation: 0, interpolation_duration: 1 }
$data merge entity $(bone_right_arm) { transformation: [-0.9522116646946701f,0.3044969692515783f,0.023969591903260676f,-0.33483173041620334f,-0.3052771394212551f,-0.9513261949592282f,-0.042241436187378245f,0.7126655210309232f,0.009940511364163893f,-0.04754015672039941f,0.9988198635053362f,0.005475893130450382f,0f,0f,0f,1f], start_interpolation: 0, interpolation_duration: 1 }
$data merge entity $(bone_left_forearm) { transformation: [0.7280212941143172f,-0.6855389369275837f,0.004621825647243179f,0.2535191992243871f,0.6845725015054995f,0.7273226458047718f,0.048603076878418916f,0.9883361416804911f,-0.036680860112842176f,-0.03222010018210863f,0.9988074787693757f,-0.006382216358846032f,0f,0f,0f,1f], start_interpolation: 0, interpolation_duration: 1 }
$data merge entity $(bone_left_arm) { transformation: [-0.9895691117824684f,0.1439847621581651f,0.004621825647243179f,0.2895153897639284f,-0.14359383281414334f,-0.9884424880061028f,0.048603076878418916f,0.7412255196789654f,0.011566511306385627f,0.04743243795718566f,0.9988074787693757f,0.005475893130450382f,0f,0f,0f,1f], start_interpolation: 0, interpolation_duration: 1 }
$data merge entity $(bone_head) { transformation: [0.9989553922882107f,0.010231660042825773f,0.0445357985341574f,-0.024923987358751214f,0.04569599783686766f,-0.2236732417646065f,-0.9735923976183282f,0.7764783076845564f,0f,0.9746104832451167f,-0.2239071368865227f,0.043523482443495465f,0f,0f,0f,1f], start_interpolation: 0, interpolation_duration: 1 }
$data merge entity $(bone_torso) { transformation: [0.9989553922882107f,-0.036253072521820015f,0.027817960943150966f,4.592425496802574e-17f,0.04569599783686766f,0.7925245972737931f,-0.6081255121253384f,0.2316176470588236f,0f,0.6087614290087207f,0.7933533402912352f,-0.375f,0f,0f,0f,1f], start_interpolation: 0, interpolation_duration: 1 }
$data merge entity $(bone_upper_body) { transformation: [0.9989553922882107f,-0.036253072521820015f,0.027817960943150966f,4.592425496802574e-17f,0.04569599783686766f,0.7925245972737931f,-0.6081255121253384f,0.2316176470588236f,0f,0.6087614290087207f,0.7933533402912352f,-0.375f,0f,0f,0f,1f], start_interpolation: 0, interpolation_duration: 1 }
$data merge entity $(bone_right_lower_leg) { transformation: [1f,0f,0f,-0.12499999999999996f,0f,0.010266462302289947f,0.999947298487173f,0.06536013916450627f,0f,-0.999947298487173f,0.010266462302289947f,-0.016498468333980887f,0f,0f,0f,1f], start_interpolation: 0, interpolation_duration: 1 }
$data merge entity $(bone_right_leg) { transformation: [1f,0f,0f,-0.12499999999999996f,0f,0.2933533543848462f,0.9560040844427177f,0.1753676470588236f,0f,-0.9560040844427177f,0.2933533543848462f,-0.375f,0f,0f,0f,1f], start_interpolation: 0, interpolation_duration: 1 }
$data merge entity $(bone_left_lower_leg) { transformation: [1f,0f,0f,0.12500000000000006f,0f,-0.012832951065742282f,0.9999176542930643f,0.057108858739414806f,0f,-0.9999176542930643f,-0.012832951065742282f,-0.019135055132954604f,0f,0f,0f,1f], start_interpolation: 0, interpolation_duration: 1 }
$data merge entity $(bone_left_leg) { transformation: [1f,0f,0f,0.12500000000000006f,0f,0.3153567688517568f,0.948973186312121f,0.1753676470588236f,0f,-0.948973186312121f,0.3153567688517568f,-0.375f,0f,0f,0f,1f], start_interpolation: 0, interpolation_duration: 1 }