# This file was generated by Animated Java via MC-Build. It is not recommended to edit this file directly.
$data merge entity $(bone_right_forearm) { transformation: [0.924698107316601f,0.3799491519334498f,0.023917614223581428f,-0.4100713962406206f,-0.3787825563244158f,0.9245198467460326f,-0.04227088829245401f,0.9620314386272552f,-0.03817309719470781f,0.030028235341834495f,0.9988198635053362f,0.017360932310550234f,0f,0f,0f,1f], start_interpolation: 0, interpolation_duration: 1 }
$data merge entity $(bone_right_arm) { transformation: [-0.9525864538462485f,0.30332654957731775f,0.023917614223581428f,-0.3342397588462912f,-0.3041056299749283f,-0.9517000251237357f,-0.04227088829245401f,0.7241064323463212f,0.009940511364163893f,-0.04754015672039941f,0.9988198635053362f,0.005475893130450382f,0f,0f,0f,1f], start_interpolation: 0, interpolation_duration: 1 }
$data merge entity $(bone_left_forearm) { transformation: [0.7345949999532443f,-0.6783968091866258f,0.012163688959273259f,0.2565510818293311f,0.677410115321975f,0.7343092452442386f,0.04365166672998422f,0.9994127741222487f,-0.0385450606843688f,-0.023826490178829735f,0.99897276072103f,-0.0049306210406733775f,0f,0f,0f,1f], start_interpolation: 0, interpolation_duration: 1 }
$data merge entity $(bone_left_arm) { transformation: [-0.9908574201813575f,0.13436375084987442f,0.012163688959273259f,0.29014201954179974f,-0.13371940072122043f,-0.9900573992766544f,0.04365166672998422f,0.7518984243030851f,0.017907951929317573f,0.04162605668449504f,0.99897276072103f,0.005475893130450382f,0f,0f,0f,1f], start_interpolation: 0, interpolation_duration: 1 }
$data merge entity $(bone_head) { transformation: [0.9990108454209455f,0.014709241372727073f,0.04196390055233683f,-0.024253756617470302f,0.04446718713082222f,-0.33046146175239544f,-0.9427713888133976f,0.7875379652748206f,0f,0.9437048587957514f,-0.3307886628729756f,0.043523482443495465f,0f,0f,0f,1f], start_interpolation: 0, interpolation_duration: 1 }
$data merge entity $(bone_torso) { transformation: [0.9990108454209455f,-0.03527819144359323f,0.02706990838175753f,4.592425496802574e-17f,0.04446718713082222f,0.792568591201878f,-0.6081592698536649f,0.24264705882352944f,0f,0.6087614290087207f,0.7933533402912352f,-0.375f,0f,0f,0f,1f], start_interpolation: 0, interpolation_duration: 1 }
$data merge entity $(bone_upper_body) { transformation: [0.9990108454209455f,-0.03527819144359323f,0.02706990838175753f,4.592425496802574e-17f,0.04446718713082222f,0.792568591201878f,-0.6081592698536649f,0.24264705882352944f,0f,0.6087614290087207f,0.7933533402912352f,-0.375f,0f,0f,0f,1f], start_interpolation: 0, interpolation_duration: 1 }
$data merge entity $(bone_right_lower_leg) { transformation: [1f,0f,0f,-0.12499999999999996f,0f,0.012832951065742282f,0.9999176542930645f,0.06540164966145642f,0f,-0.9999176542930645f,0.012832951065742282f,-0.020056186190402003f,0f,0f,0f,1f], start_interpolation: 0, interpolation_duration: 1 }
$data merge entity $(bone_right_leg) { transformation: [1f,0f,0f,-0.12499999999999996f,0f,0.3226544244321947f,0.9465168368255946f,0.18639705882352944f,0f,-0.9465168368255946f,0.3226544244321947f,-0.375f,0f,0f,0f,1f], start_interpolation: 0, interpolation_duration: 1 }
$data merge entity $(bone_left_lower_leg) { transformation: [1f,0f,0f,0.12500000000000006f,0f,-0.005133298784743168f,0.9999868245349968f,0.059044378579781315f,0f,-0.9999868245349968f,-0.005133298784743168f,-0.02228723465866217f,0f,0f,0f,1f], start_interpolation: 0, interpolation_duration: 1 }
$data merge entity $(bone_left_leg) { transformation: [1f,0f,0f,0.12500000000000006f,0f,0.33960714731666164f,0.9405673742435675f,0.18639705882352944f,0f,-0.9405673742435675f,0.33960714731666164f,-0.375f,0f,0f,0f,1f], start_interpolation: 0, interpolation_duration: 1 }