# This file was generated by Animated Java via MC-Build. It is not recommended to edit this file directly.
$data merge entity $(bone_right_forearm) { transformation: [0.9235264512988757f,0.3827963702477096f,0.023787237680811694f,-0.407852577083731f,-0.3816303295099441f,0.9233445965658942f,-0.04234439267125906f,0.9743211203890109f,-0.03817309719470781f,0.030028235341834495f,0.9988198635053362f,0.017360932310550234f,0f,0f,0f,1f], start_interpolation: 0, interpolation_duration: 1 }
$data merge entity $(bone_right_arm) { transformation: [-0.9535190699191021f,0.30039232783832404f,0.023787237680811694f,-0.33275449512415f,-0.30116867289681626f,-0.9526302445728212f,-0.04234439267125906f,0.7361635592458056f,0.009940511364163893f,-0.04754015672039941f,0.9988198635053362f,0.005475893130450382f,0f,0f,0f,1f], start_interpolation: 0, interpolation_duration: 1 }
$data merge entity $(bone_left_forearm) { transformation: [0.7366790350953142f,-0.6761307231422033f,0.012298149220035828f,0.25888193093442313f,0.6751431533740645f,0.7363963223624626f,0.043613975548730755f,1.009647998673154f,-0.0385450606843688f,-0.023826490178829735f,0.99897276072103f,-0.0049306210406733775f,0f,0f,0f,1f], start_interpolation: 0, interpolation_duration: 1 }
$data merge entity $(bone_left_arm) { transformation: [-0.9912647882705294f,0.13131212838403222f,0.012298149220035828f,0.2917099630304312f,-0.13066531595140343f,-0.9904667568092104f,0.043613975548730755f,0.7620313094708514f,0.017907951929317573f,0.04162605668449504f,0.99897276072103f,0.005475893130450382f,0f,0f,0f,1f], start_interpolation: 0, interpolation_duration: 1 }
$data merge entity $(bone_head) { transformation: [0.9991431330473298f,0.006011051485489069f,0.04094956586344375f,-0.022574492651545357f,0.04138840036007333f,-0.14511072575576378f,-0.9885493804490851f,0.7986395307353378f,0f,0.9893971621804232f,-0.14523517297585203f,0.043523482443495465f,0f,0f,0f,1f], start_interpolation: 0, interpolation_duration: 1 }
$data merge entity $(bone_torso) { transformation: [0.9991431330473298f,-0.03283562567497513f,0.025195661747583288f,4.592425496802574e-17f,0.04138840036007333f,0.7926735420321491f,-0.6082398014581429f,0.2536764705882353f,0f,0.6087614290087207f,0.7933533402912352f,-0.375f,0f,0f,0f,1f], start_interpolation: 0, interpolation_duration: 1 }
$data merge entity $(bone_upper_body) { transformation: [0.9991431330473298f,-0.03283562567497513f,0.025195661747583288f,4.592425496802574e-17f,0.04138840036007333f,0.7926735420321491f,-0.6082398014581429f,0.2536764705882353f,0f,0.6087614290087207f,0.7933533402912352f,-0.375f,0f,0f,0f,1f], start_interpolation: 0, interpolation_duration: 1 }
$data merge entity $(bone_right_lower_leg) { transformation: [1f,0f,0f,-0.12499999999999996f,0f,0.015399355289006988f,0.9998814228980769f,0.06555793163308396f,0f,-0.9998814228980769f,0.015399355289006988f,-0.023950589754328566f,0f,0f,0f,1f], start_interpolation: 0, interpolation_duration: 1 }
$data merge entity $(bone_right_leg) { transformation: [1f,0f,0f,-0.12499999999999996f,0f,0.35164943721373687f,0.9361317606551238f,0.1974264705882353f,0f,-0.9361317606551238f,0.35164943721373687f,-0.375f,0f,0f,0f,1f], start_interpolation: 0, interpolation_duration: 1 }
$data merge entity $(bone_left_lower_leg) { transformation: [1f,0f,0f,0.12500000000000006f,0f,0.0025666578466134182f,0.9999967061283244f,0.06106379053780639f,0f,-0.9999967061283244f,0.0025666578466134182f,-0.02567175967370694f,0f,0f,0f,1f], start_interpolation: 0, interpolation_duration: 1 }
$data merge entity $(bone_left_leg) { transformation: [1f,0f,0f,0.12500000000000006f,0f,0.36363381346781043f,0.9315419742034481f,0.1974264705882353f,0f,-0.9315419742034481f,0.36363381346781043f,-0.375f,0f,0f,0f,1f], start_interpolation: 0, interpolation_duration: 1 }