# This file was generated by Animated Java via MC-Build. It is not recommended to edit this file directly.
$data merge entity $(bone_right_forearm) { transformation: [0.841651823543425f,0.5112170454001513f,0.17400959863860038f,-0.39146260522007703f,-0.46994115389969304f,0.8521081102038527f,-0.23036293190581603f,0.4290157490651422f,-0.2660404476718762f,0.11211111014149362f,0.9574202730177535f,-0.026681031362498386f,0f,0f,0f,1f], start_interpolation: 0, interpolation_duration: 1 }
$data merge entity $(bone_right_arm) { transformation: [0.8721489785910563f,0.45724918668512704f,0.17400959863860038f,-0.27715030854879524f,-0.41539718705534096f,0.8799875547928313f,-0.23036293190581603f,0.64901263776335f,-0.2584595444727996f,0.12862769797179507f,0.9574202730177535f,0.005475893130450382f,0f,0f,0f,1f], start_interpolation: 0, interpolation_duration: 1 }
$data merge entity $(bone_left_forearm) { transformation: [0.9819484175860873f,0.18678056521663414f,-0.029838325313825086f,0.3386096200855803f,-0.1868194708830453f,0.9823931113880408f,0.001503328408608784f,0.35553403517686255f,0.02959375777352335f,0.004098189195219276f,0.9995536075399669f,0.005621330625490445f,0f,0f,0f,1f], start_interpolation: 0, interpolation_duration: 1 }
$data merge entity $(bone_left_arm) { transformation: [0.9990779209152001f,0.03087041111205841f,-0.029838325313825086f,0.3463272228635949f,-0.030839272348140535f,0.9995232259856364f,0.001503328408608784f,0.6054148416732716f,0.029870507541693517f,-0.000581749980160251f,0.9995536075399669f,0.005475893130450382f,0f,0f,0f,1f], start_interpolation: 0, interpolation_duration: 1 }
$data merge entity $(bone_head) { transformation: [0.9999999781189949f,-0.00020344052313772676f,0.00004872333267402079f,0.03804730287313981f,0.0000693732226489524f,0.10277145637415064f,-0.9947049929210632f,0.6766775379325661f,0.00019735593626925285f,0.9947049745360127f,0.10277146823873257f,0.043523482443495465f,0f,0f,0f,1f], start_interpolation: 0, interpolation_duration: 1 }
$data merge entity $(bone_torso) { transformation: [0.9975640502598242f,0.05534153145183965f,-0.04246505063908302f,4.592425496802574e-17f,-0.0697564737441253f,0.7914207714280852f,-0.6072785167638979f,0.13257575757575757f,0f,0.6087614290087207f,0.7933533402912352f,-0.375f,0f,0f,0f,1f], start_interpolation: 0, interpolation_duration: 1 }
$data merge entity $(bone_upper_body) { transformation: [0.9975640502598242f,0.05534153145183965f,-0.04246505063908302f,4.592425496802574e-17f,-0.0697564737441253f,0.7914207714280852f,-0.6072785167638979f,0.13257575757575757f,0f,0.6087614290087207f,0.7933533402912352f,-0.375f,0f,0f,0f,1f], start_interpolation: 0, interpolation_duration: 1 }
$data merge entity $(bone_right_lower_leg) { transformation: [1f,0f,0f,-0.12499999999999996f,0f,-2.220446049250313e-16f,1.0000000000000002f,0.06839303454708458f,0f,-1.0000000000000002f,-2.220446049250313e-16f,-0.00008391351483683085f,0f,0f,0f,1f], start_interpolation: 0, interpolation_duration: 1 }
$data merge entity $(bone_right_leg) { transformation: [1f,0f,0f,-0.12499999999999996f,0f,0.021153928076461326f,0.9997762306271019f,0.07632575757575757f,0f,-0.9997762306271019f,0.021153928076461326f,-0.375f,0f,0f,0f,1f], start_interpolation: 0, interpolation_duration: 1 }
$data merge entity $(bone_left_lower_leg) { transformation: [1f,0f,0f,0.12500000000000006f,0f,-0.005288851864297613f,0.9999860139251736f,0.06641026985178007f,0f,-0.9999860139251736f,-0.005288851864297613f,-0.00013111211625516095f,0f,0f,0f,1f], start_interpolation: 0, interpolation_duration: 1 }
$data merge entity $(bone_left_leg) { transformation: [1f,0f,0f,0.12500000000000006f,0f,0.026441300597273343f,0.9996503676899863f,0.07632575757575757f,0f,-0.9996503676899863f,0.026441300597273343f,-0.375f,0f,0f,0f,1f], start_interpolation: 0, interpolation_duration: 1 }