# This file was generated by Animated Java via MC-Build. It is not recommended to edit this file directly.
$data merge entity $(bone_right_forearm) { transformation: [0.921410033553877f,0.3878772717436001f,0.023553601231759955f,-0.4038763528276007f,-0.38671225053882996f,0.9212217578558362f,-0.042474794127769944f,0.9875864586219392f,-0.03817309719470781f,0.030028235341834495f,0.9988198635053362f,0.017360932310550234f,0f,0f,0f,1f], start_interpolation: 0, interpolation_duration: 1 }
$data merge entity $(bone_right_arm) { transformation: [-0.9551637403938236f,0.2951397243779562f,0.023553601231759955f,-0.3300914217331116f,-0.2959111611120805f,-0.9542706516461168f,-0.042474794127769944f,0.74901879571041f,0.009940511364163893f,-0.04754015672039941f,0.9988198635053362f,0.005475893130450382f,0f,0f,0f,1f], start_interpolation: 0, interpolation_duration: 1 }
$data merge entity $(bone_left_forearm) { transformation: [0.7403872234580657f,-0.6720636518014976f,0.012538232223554505f,0.26304265366539337f,0.6710745395534649f,0.7401099555424138f,0.04354556315070196f,1.0192397568688905f,-0.0385450606843688f,-0.023826490178829735f,0.99897276072103f,-0.0049306210406733775f,0f,0f,0f,1f], start_interpolation: 0, interpolation_duration: 1 }
$data merge entity $(bone_left_arm) { transformation: [-0.9919695820624986f,0.12585364911459854f,0.012538232223554505f,0.294506065944043f,-0.1252024501375653f,-0.9911751260041988f,0.04354556315070196f,0.7714459753678409f,0.017907951929317573f,0.04162605668449504f,0.99897276072103f,0.005475893130450382f,0f,0f,0f,1f], start_interpolation: 0, interpolation_duration: 1 }
$data merge entity $(bone_head) { transformation: [0.9993559802834474f,0.003786368763080949f,0.03568316246214538f,-0.019571945683987766f,0.0358834874518893f,-0.10545046024349464f,-0.9937769245473177f,0.8097850358577439f,-1.734723475976807e-18f,0.9944173489265083f,-0.10551841618397656f,0.043523482443495465f,0f,0f,0f,1f], start_interpolation: 0, interpolation_duration: 1 }
$data merge entity $(bone_torso) { transformation: [0.9993559802834474f,-0.028468284631255f,0.021844483099028623f,4.592425496802574e-17f,0.0358834874518893f,0.7928424050978947f,-0.6083693746457624f,0.2647058823529412f,-1.734723475976807e-18f,0.6087614290087207f,0.7933533402912352f,-0.375f,0f,0f,0f,1f], start_interpolation: 0, interpolation_duration: 1 }
$data merge entity $(bone_upper_body) { transformation: [0.9993559802834474f,-0.028468284631255f,0.021844483099028623f,4.592425496802574e-17f,0.0358834874518893f,0.7928424050978947f,-0.6083693746457624f,0.2647058823529412f,-1.734723475976807e-18f,0.6087614290087207f,0.7933533402912352f,-0.375f,0f,0f,0f,1f], start_interpolation: 0, interpolation_duration: 1 }
$data merge entity $(bone_right_lower_leg) { transformation: [1f,0f,0f,-0.12499999999999996f,0f,0.017965658065271006f,0.9998386045408939f,0.06583929890161899f,0f,-0.9998386045408939f,0.017965658065271006f,-0.0281779849480831f,0f,0f,0f,1f], start_interpolation: 0, interpolation_duration: 1 }
$data merge entity $(bone_right_leg) { transformation: [1f,0f,0f,-0.12499999999999996f,0f,0.38031088920352585f,0.9248587068051117f,0.20845588235294119f,0f,-0.9248587068051117f,0.38031088920352585f,-0.375f,0f,0f,0f,1f], start_interpolation: 0, interpolation_duration: 1 }
$data merge entity $(bone_left_lower_leg) { transformation: [1f,0f,0f,0.12500000000000006f,0f,0.010266462302289836f,0.9999472984871731f,0.06317302984753786f,0f,-0.9999472984871731f,0.010266462302289836f,-0.029286400661048262f,0f,0f,0f,1f], start_interpolation: 0, interpolation_duration: 1 }
$data merge entity $(bone_left_leg) { transformation: [1f,0f,0f,0.12500000000000006f,0f,0.38742094001440885f,0.9219029315705379f,0.20845588235294119f,0f,-0.9219029315705379f,0.38742094001440885f,-0.375f,0f,0f,0f,1f], start_interpolation: 0, interpolation_duration: 1 }