# This file was generated by Animated Java via MC-Build. It is not recommended to edit this file directly.
$data merge entity $(bone_right_forearm) { transformation: [0.9180848903994726f,0.3957048173674266f,0.02319119514815421f,-0.3977084368724286f,-0.39454144100557f,0.9178867046615651f,-0.04267374760647846f,1.0020275460113408f,-0.03817309719470781f,0.030028235341834495f,0.9988198635053362f,0.017360932310550234f,0f,0f,0f,1f], start_interpolation: 0, interpolation_duration: 1 }
$data merge entity $(bone_right_arm) { transformation: [-0.9576479822990688f,0.2870061157294786f,0.02319119514815421f,-0.32595690794005894f,-0.2877699223899912f,-0.9567483593050357f,-0.04267374760647846f,0.7628404561850819f,0.009940511364163893f,-0.04754015672039941f,0.9988198635053362f,0.005475893130450382f,0f,0f,0f,1f], start_interpolation: 0, interpolation_duration: 1 }
$data merge entity $(bone_left_forearm) { transformation: [0.7460727017694392f,-0.6657393601961686f,0.012908445299321497f,0.2694558460040849f,0.6647479236306708f,0.7458038633926177f,0.04343725794013692f,1.028002768154379f,-0.0385450606843688f,-0.023826490178829735f,0.99897276072103f,-0.0049306210406733775f,0f,0f,0f,1f], start_interpolation: 0, interpolation_duration: 1 }
$data merge entity $(bone_left_arm) { transformation: [-0.9929993886025914f,0.11741203632862489f,0.012908445299321497f,0.2988088550862411f,-0.11675409839734605f,-0.9922105044445284f,0.04343725794013692f,0.7799501420432469f,0.017907951929317573f,0.04162605668449504f,0.99897276072103f,0.005475893130450382f,0f,0f,0f,1f], start_interpolation: 0, interpolation_duration: 1 }
$data merge entity $(bone_head) { transformation: [0.99962522084208f,0.0017967237862536005f,0.027316471954821515f,-0.014931429069599817f,0.02737549737306411f,-0.06560795543364933f,-0.9974698884314221f,0.8209612996138163f,0f,0.997843859512826f,-0.0656325531466499f,0.043523482443495465f,0f,0f,0f,1f], start_interpolation: 0, interpolation_duration: 1 }
$data merge entity $(bone_torso) { transformation: [0.99962522084208f,-0.021718442283054345f,0.016665146900650983f,4.592425496802574e-17f,0.02737549737306411f,0.7930560079944279f,-0.6085332779129826f,0.275735294117647f,0f,0.6087614290087207f,0.7933533402912352f,-0.375f,0f,0f,0f,1f], start_interpolation: 0, interpolation_duration: 1 }
$data merge entity $(bone_upper_body) { transformation: [0.99962522084208f,-0.021718442283054345f,0.016665146900650983f,4.592425496802574e-17f,0.02737549737306411f,0.7930560079944279f,-0.6085332779129826f,0.275735294117647f,0f,0.6087614290087207f,0.7933533402912352f,-0.375f,0f,0f,0f,1f], start_interpolation: 0, interpolation_duration: 1 }
$data merge entity $(bone_right_lower_leg) { transformation: [1f,0f,0f,-0.12499999999999996f,0f,0.020531842488390684f,0.9997891995035912f,0.06625594663831014f,0f,-0.9997891995035912f,0.020531842488390684f,-0.032734361831257386f,0f,0f,0f,1f], start_interpolation: 0, interpolation_duration: 1 }
$data merge entity $(bone_right_leg) { transformation: [1f,0f,0f,-0.12499999999999996f,0f,0.4086115932782317f,0.9127083684499803f,0.21948529411764703f,0f,-0.9127083684499803f,0.4086115932782317f,-0.375f,0f,0f,0f,1f], start_interpolation: 0, interpolation_duration: 1 }
$data merge entity $(bone_left_lower_leg) { transformation: [1f,0f,0f,0.12500000000000006f,0f,0.017965658065270784f,0.9998386045408939f,0.06537797257028585f,0f,-0.9998386045408939f,0.017965658065270784f,-0.033128776517387715f,0f,0f,0f,1f], start_interpolation: 0, interpolation_duration: 1 }
$data merge entity $(bone_left_leg) { transformation: [1f,0f,0f,0.12500000000000006f,0f,0.41095285745962984f,0.9116565959536328f,0.21948529411764703f,0f,-0.9116565959536328f,0.41095285745962984f,-0.375f,0f,0f,0f,1f], start_interpolation: 0, interpolation_duration: 1 }