# This file was generated by Animated Java via MC-Build. It is not recommended to edit this file directly.
$data merge entity $(bone_right_forearm) { transformation: [0.9136390544641864f,0.4058912478160082f,0.022715041363623373f,-0.38960428029264677f,-0.40473014813372965f,0.9134279391548188f,-0.042929094598303186f,1.0174362741659233f,-0.03817309719470781f,0.030028235341834495f,0.9988198635053362f,0.017360932310550234f,0f,0f,0f,1f], start_interpolation: 0, interpolation_duration: 1 }
$data merge entity $(bone_right_arm) { transformation: [-0.9607899856651061f,0.2763451290352236f,0.022715041363623373f,-0.32051799803384085f,-0.27709888068966365f,-0.959881921466128f,-0.042929094598303186f,0.7774657937993912f,0.009940511364163893f,-0.04754015672039941f,0.9988198635053362f,0.005475893130450382f,0f,0f,0f,1f], start_interpolation: 0, interpolation_duration: 1 }
$data merge entity $(bone_left_forearm) { transformation: [0.7534214415421314f,-0.6574015639794801f,0.013390858893676404f,0.2778076780523712f,0.656407198102988f,0.7531636489124338f,0.043290971755011565f,1.0359881034444771f,-0.0385450606843688f,-0.023826490178829735f,0.99897276072103f,-0.0049306210406733775f,0f,0f,0f,1f], start_interpolation: 0, interpolation_duration: 1 }
$data merge entity $(bone_left_arm) { transformation: [-0.9942367603693506f,0.1063670495423674f,0.013390858893676404f,0.3043994404379631f,-0.1057003764797271f,-0.9934552441738638f,0.043290971755011565f,0.7876242924010111f,0.017907951929317573f,0.04162605668449504f,0.99897276072103f,0.005475893130450382f,0f,0f,0f,1f], start_interpolation: 0, interpolation_duration: 1 }
$data merge entity $(bone_head) { transformation: [0.9998679015548864f,0.00601069652709829f,0.015101356478384838f,-0.008865206677732787f,0.016253597762591738f,-0.36975829051614795f,-0.9289858056796927f,0.8321230768219858f,-8.673617379884035e-19f,0.9291085394730989f,-0.3698071414645274f,0.043523482443495465f,0f,0f,0f,1f], start_interpolation: 0, interpolation_duration: 1 }
$data merge entity $(bone_torso) { transformation: [0.9998679015548864f,-0.012894846076702302f,0.00989456340048829f,4.592425496802574e-17f,0.016253597762591738f,0.793248539548557f,-0.6086810125705033f,0.286764705882353f,-8.673617379884035e-19f,0.6087614290087207f,0.7933533402912352f,-0.375f,0f,0f,0f,1f], start_interpolation: 0, interpolation_duration: 1 }
$data merge entity $(bone_upper_body) { transformation: [0.9998679015548864f,-0.012894846076702302f,0.00989456340048829f,4.592425496802574e-17f,0.016253597762591738f,0.793248539548557f,-0.6086810125705033f,0.286764705882353f,-8.673617379884035e-19f,0.6087614290087207f,0.7933533402912352f,-0.375f,0f,0f,0f,1f], start_interpolation: 0, interpolation_duration: 1 }
$data merge entity $(bone_right_lower_leg) { transformation: [1f,0f,0f,-0.12499999999999996f,0f,0.023097891653001135f,0.9997332081116372f,0.06681794169268795f,0f,-0.9997332081116372f,0.023097891653001135f,-0.037615398404382994f,0f,0f,0f,1f], start_interpolation: 0, interpolation_duration: 1 }
$data merge entity $(bone_right_leg) { transformation: [1f,0f,0f,-0.12499999999999996f,0f,0.4365247045057734f,0.8996922709216453f,0.23051470588235298f,0f,-0.8996922709216453f,0.4365247045057734f,-0.375f,0f,0f,0f,1f], start_interpolation: 0, interpolation_duration: 1 }
$data merge entity $(bone_left_lower_leg) { transformation: [1f,0f,0f,0.12500000000000006f,0f,0.025663788654629538f,0.9996706307338885f,0.06768443172383484f,0f,-0.9996706307338885f,0.025663788654629538f,-0.037196356121693364f,0f,0f,0f,1f], start_interpolation: 0, interpolation_duration: 1 }
$data merge entity $(bone_left_leg) { transformation: [1f,0f,0f,0.12500000000000006f,0f,0.43421406442271504f,0.9008097170088177f,0.23051470588235298f,0f,-0.9008097170088177f,0.43421406442271504f,-0.375f,0f,0f,0f,1f], start_interpolation: 0, interpolation_duration: 1 }