# This file was generated by Animated Java via MC-Build. It is not recommended to edit this file directly.
$data merge entity $(bone_right_forearm) { transformation: [0.9101608214016729f,0.4136517984822681f,0.02234879857659463f,-0.38337056313863027f,-0.41249253791553075f,0.9099398302605731f,-0.04312089365219607f,1.0317555929569642f,-0.03817309719470781f,0.030028235341834495f,0.9988198635053362f,0.017360932310550234f,0f,0f,0f,1f], start_interpolation: 0, interpolation_duration: 1 }
$data merge entity $(bone_right_arm) { transformation: [-0.9631138903683113f,0.2681644372056061f,0.02234879857659463f,-0.3163294538372287f,-0.2689104319535328f,-0.9621994430039964f,-0.04312089365219607f,0.7912057322059651f,0.009940511364163893f,-0.04754015672039941f,0.9988198635053362f,0.005475893130450382f,0f,0f,0f,1f], start_interpolation: 0, interpolation_duration: 1 }
$data merge entity $(bone_left_forearm) { transformation: [0.7589815967002786f,-0.6509666882858306f,0.013758873953703343f,0.28417513177261844f,0.6499701640591928f,0.7587322776236272f,0.04317541806317177f,1.044625624696271f,-0.0385450606843688f,-0.023826490178829735f,0.99897276072103f,-0.0049306210406733775f,0f,0f,0f,1f], start_interpolation: 0, interpolation_duration: 1 }
$data merge entity $(bone_left_arm) { transformation: [-0.9951004797649855f,0.09790673398199981f,0.013758873953703343f,0.3086518152681184f,-0.09723343267206616f,-0.9943246667190138f,0.04317541806317177f,0.7960444580165176f,0.017907951929317573f,0.04162605668449504f,0.99897276072103f,0.005475893130450382f,0f,0f,0f,1f], start_interpolation: 0, interpolation_duration: 1 }
$data merge entity $(bone_head) { transformation: [0.9999700305685554f,-0.00011141173983135206f,0.007741159612530649f,-0.004222701213010652f,0.007741961296883878f,0.014390203801418366f,-0.9998664831215371f,0.8432081928576596f,0f,0.9998964494496306f,0.014390635080569925f,0.043523482443495465f,0f,0f,0f,1f], start_interpolation: 0, interpolation_duration: 1 }
$data merge entity $(bone_torso) { transformation: [0.9999700305685554f,-0.006142110855288288f,0.004713007422421238f,4.592425496802574e-17f,0.007741961296883878f,0.7933295639426919f,-0.6087431847748079f,0.2977941176470588f,0f,0.6087614290087207f,0.7933533402912352f,-0.375f,0f,0f,0f,1f], start_interpolation: 0, interpolation_duration: 1 }
$data merge entity $(bone_upper_body) { transformation: [0.9999700305685554f,-0.006142110855288288f,0.004713007422421238f,4.592425496802574e-17f,0.007741961296883878f,0.7933295639426919f,-0.6087431847748079f,0.2977941176470588f,0f,0.6087614290087207f,0.7933533402912352f,-0.375f,0f,0f,0f,1f], start_interpolation: 0, interpolation_duration: 1 }
$data merge entity $(bone_right_lower_leg) { transformation: [1f,0f,0f,-0.12499999999999996f,0f,0.025663788654629427f,0.9996706307338886f,0.06753521304354762f,0f,-0.9996706307338886f,0.025663788654629427f,-0.04281646470861f,0f,0f,0f,1f], start_interpolation: 0, interpolation_duration: 1 }
$data merge entity $(bone_right_leg) { transformation: [1f,0f,0f,-0.12499999999999996f,0f,0.4640237456093632f,0.88582276077704f,0.24154411764705883f,0f,-0.88582276077704f,0.4640237456093632f,-0.375f,0f,0f,0f,1f], start_interpolation: 0, interpolation_duration: 1 }
$data merge entity $(bone_left_lower_leg) { transformation: [1f,0f,0f,0.12500000000000006f,0f,0.033360397652593354f,0.9994433870252286f,0.07009815345318435f,0f,-0.9994433870252286f,0.033360397652593354f,-0.041486460002546965f,0f,0f,0f,1f], start_interpolation: 0, interpolation_duration: 1 }
$data merge entity $(bone_left_leg) { transformation: [1f,0f,0f,0.12500000000000006f,0f,0.45718923785033194f,0.8893694399932082f,0.24154411764705883f,0f,-0.8893694399932082f,0.45718923785033194f,-0.375f,0f,0f,0f,1f], start_interpolation: 0, interpolation_duration: 1 }