# This file was generated by Animated Java via MC-Build. It is not recommended to edit this file directly.
$data merge entity $(bone_right_forearm) { transformation: [0.9078745864050842f,0.41865838482763806f,0.022110906207355185f,-0.3793213479265507f,-0.4175003592936904f,0.9076472122448065f,-0.04324335895684711f,1.0448858575657791f,-0.03817309719470776f,0.030028235341834394f,0.9988198635053362f,0.01736093231055015f,0f,0f,0f,1f], start_interpolation: 0, interpolation_duration: 1 }
$data merge entity $(bone_right_arm) { transformation: [-0.9645807044231401f,0.26285960602810116f,0.022110906207355185f,-0.3136064464195254f,-0.26360055176038216f,-0.9636621612462283f,-0.04324335895684711f,0.803970317254222f,0.00994051136416392f,-0.047540156720399296f,0.9988198635053362f,0.005475893130450327f,0f,0f,0f,1f], start_interpolation: 0, interpolation_duration: 1 }
$data merge entity $(bone_left_forearm) { transformation: [0.7625507684962022f,-0.6467769499046905f,0.013996518775655805f,0.28828511826256775f,0.64577906729987f,0.7623069430601718f,0.04309896517976136f,1.054078181210544f,-0.03854506068436883f,-0.02382649017882977f,0.9989727607210299f,-0.004930621040673447f,0f,0f,0f,1f], start_interpolation: 0, interpolation_duration: 1 }
$data merge entity $(bone_left_arm) { transformation: [-0.9956210389281372f,0.09242750838262241f,0.013996518775655805f,0.3113919953582234f,-0.0917499433316134f,-0.9948489468753937f,0.04309896517976136f,0.8053659444916955f,0.01790795192931758f,0.041626056684495094f,0.9989727607210299f,0.005475893130450327f,0f,0f,0f,1f], start_interpolation: 0, interpolation_duration: 1 }
$data merge entity $(bone_head) { transformation: [0.999997506844398f,-0.00012147475446913636f,0.0022296970359514446f,-0.0012179480837161529f,0.00223300357995772f,0.05439957763792369f,-0.9985167498083481f,0.8542525910190781f,-1.0842021724855044e-19f,0.9985192392721831f,0.054399713264873584f,0.043523482443495354f,0f,0f,0f,1f], start_interpolation: 0, interpolation_duration: 1 }
$data merge entity $(bone_torso) { transformation: [0.999997506844398f,-0.0017715608490417437f,0.0013593664503166506f,4.592425496802574e-17f,0.00223300357995772f,0.7933513623379105f,-0.6087599112717536f,0.3088235294117647f,-1.0842021724855044e-19f,0.6087614290087205f,0.7933533402912352f,-0.375f,0f,0f,0f,1f], start_interpolation: 0, interpolation_duration: 1 }
$data merge entity $(bone_upper_body) { transformation: [0.999997506844398f,-0.0017715608490417437f,0.0013593664503166506f,4.592425496802574e-17f,0.00223300357995772f,0.7933513623379105f,-0.6087599112717536f,0.3088235294117647f,-1.0842021724855044e-19f,0.6087614290087205f,0.7933533402912352f,-0.375f,0f,0f,0f,1f], start_interpolation: 0, interpolation_duration: 1 }
$data merge entity $(bone_right_lower_leg) { transformation: [1f,0f,0f,-0.12499999999999996f,0f,0.028229516589805215f,0.9996014677825888f,0.06841754238071152f,0f,-0.9996014677825888f,0.028229516589805215f,-0.04833262721750342f,0f,0f,0f,1f], start_interpolation: 0, interpolation_duration: 1 }
$data merge entity $(bone_right_leg) { transformation: [1f,0f,0f,-0.12499999999999996f,0f,0.49108263208280845f,0.8711129940866575f,0.2525735294117647f,0f,-0.8711129940866575f,0.49108263208280845f,-0.375f,0f,0f,0f,1f], start_interpolation: 0, interpolation_duration: 1 }
$data merge entity $(bone_left_lower_leg) { transformation: [1f,0f,0f,0.12500000000000006f,0f,0.04105502873160349f,0.9991568868880638f,0.07262481324534242f,0f,-0.9991568868880638f,0.04105502873160349f,-0.045996262103215f,0f,0f,0f,1f], start_interpolation: 0, interpolation_duration: 1 }
$data merge entity $(bone_left_leg) { transformation: [1f,0f,0f,0.12500000000000006f,0f,0.47986324311045936f,0.8773433010580933f,0.2525735294117647f,0f,-0.8773433010580933f,0.47986324311045936f,-0.375f,0f,0f,0f,1f], start_interpolation: 0, interpolation_duration: 1 }