# This file was generated by Animated Java via MC-Build. It is not recommended to edit this file directly.
$data merge entity $(bone_right_forearm) { transformation: [0.9065836965646312f,0.42145342422956594f,0.021977541454445117f,-0.3770512796143432f,-0.4202961048758027f,0.9063527548848896f,-0.04331129112367055f,1.0570807000553055f,-0.03817309719470781f,0.030028235341834495f,0.9988198635053362f,0.017360932310550234f,0f,0f,0f,1f], start_interpolation: 0, interpolation_duration: 1 }
$data merge entity $(bone_right_arm) { transformation: [-0.9653884421303274f,0.2598887136310423f,0.021977541454445117f,-0.3120791012065826f,-0.2606268252406086f,-0.9644676199988272f,-0.04331129112367055f,0.8159637950555987f,0.009940511364163893f,-0.04754015672039941f,0.9988198635053362f,0.005475893130450382f,0f,0f,0f,1f], start_interpolation: 0, interpolation_duration: 1 }
$data merge entity $(bone_left_forearm) { transformation: [0.7645371959068415f,-0.6444247356252578f,0.014129267115480284f,0.29058034392003496f,0.6434261063803226f,0.7642964467273643f,0.04305562853080841f,1.0642156680554409f,-0.0385450606843688f,-0.023826490178829735f,0.99897276072103f,-0.0049306210406733775f,0f,0f,0f,1f], start_interpolation: 0, interpolation_duration: 1 }
$data merge entity $(bone_left_arm) { transformation: [-0.9958990503184632f,0.08936131929175481f,0.014129267115480284f,0.31292067374297367f,-0.08868137816069839f,-0.9951290499323877f,0.04305562853080841f,0.8154334055723439f,0.017907951929317573f,0.04162605668449504f,0.99897276072103f,0.005475893130450382f,0f,0f,0f,1f], start_interpolation: 0, interpolation_duration: 1 }
$data merge entity $(bone_head) { transformation: [0.9999996399192901f,0.00008004350331412515f,-0.0008448398236838157f,0.0004628648950150818f,-0.0008486231732075781f,0.09432157525166313f,-0.9955414206755813f,0.8652831662277214f,0f,0.995541779150972f,0.09432160921505506f,0.043523482443495465f,0f,0f,0f,1f], start_interpolation: 0, interpolation_duration: 1 }
$data merge entity $(bone_torso) { transformation: [0.9999996399192901f,0.0006732580291127795f,-0.0005166090556117603f,4.592425496802574e-17f,-0.0008486231732075781f,0.7933530546200012f,-0.6087612098054731f,0.31985294117647056f,0f,0.6087614290087207f,0.7933533402912352f,-0.375f,0f,0f,0f,1f], start_interpolation: 0, interpolation_duration: 1 }
$data merge entity $(bone_upper_body) { transformation: [0.9999996399192901f,0.0006732580291127795f,-0.0005166090556117603f,4.592425496802574e-17f,-0.0008486231732075781f,0.7933530546200012f,-0.6087612098054731f,0.31985294117647056f,0f,0.6087614290087207f,0.7933533402912352f,-0.375f,0f,0f,0f,1f], start_interpolation: 0, interpolation_duration: 1 }
$data merge entity $(bone_right_lower_leg) { transformation: [1f,0f,0f,-0.12499999999999996f,0f,0.030795058556170485f,0.999525719713366f,0.06947455482650458f,0f,-0.999525719713366f,0.030795058556170485f,-0.05415865351679133f,0f,0f,0f,1f], start_interpolation: 0, interpolation_duration: 1 }
$data merge entity $(bone_right_leg) { transformation: [1f,0f,0f,-0.12499999999999996f,0f,0.5176756969332426f,0.8555769239552231f,0.26360294117647054f,0f,-0.8555769239552231f,0.5176756969332426f,-0.375f,0f,0f,0f,1f], start_interpolation: 0, interpolation_duration: 1 }
$data merge entity $(bone_left_lower_leg) { transformation: [1f,0f,0f,0.12500000000000006f,0f,0.04874722568137063f,0.9988111473088241f,0.07527001219066354f,0f,-0.9988111473088241f,0.04874722568137063f,-0.05072279164328097f,0f,0f,0f,1f], start_interpolation: 0, interpolation_duration: 1 }
$data merge entity $(bone_left_leg) { transformation: [1f,0f,0f,0.12500000000000006f,0f,0.502221143962152f,0.8647392222845841f,0.26360294117647054f,0f,-0.8647392222845841f,0.502221143962152f,-0.375f,0f,0f,0f,1f], start_interpolation: 0, interpolation_duration: 1 }