# This file was generated by Animated Java via MC-Build. It is not recommended to edit this file directly.
$data merge entity $(bone_right_forearm) { transformation: [0.9060660208357592f,0.42256797462622364f,0.021924249294898005f,-0.3761441592016618f,-0.4214109402203708f,0.9058336557572515f,-0.04333829207567336f,1.0685733501878543f,-0.03817309719470781f,0.030028235341834495f,0.9988198635053362f,0.017360932310550234f,0f,0f,0f,1f], start_interpolation: 0, interpolation_duration: 1 }
$data merge entity $(bone_right_arm) { transformation: [-0.96570829870023f,0.25870216294875226f,0.021924249294898005f,-0.3114686184644737f,-0.2594391413324647f,-0.9647865693430011f,-0.04333829207567336f,0.827376707852104f,0.009940511364163893f,-0.04754015672039941f,0.9988198635053362f,0.005475893130450382f,0f,0f,0f,1f], start_interpolation: 0, interpolation_duration: 1 }
$data merge entity $(bone_left_forearm) { transformation: [0.7653280709180725f,-0.6434841167987044f,0.01418221747870777f,0.2914957356987872f,0.6424851921730652f,0.765088550295683f,0.04303821609674585f,1.0748870851229047f,-0.0385450606843688f,-0.023826490178829735f,0.99897276072103f,-0.0049306210406733775f,0f,0f,0f,1f], start_interpolation: 0, interpolation_duration: 1 }
$data merge entity $(bone_left_arm) { transformation: [-0.996007380406191f,0.088137182186546f,0.01418221747870777f,0.31353003124542367f,-0.08745629442238574f,-0.9952382169717537f,0.04303821609674585f,0.8260775308799663f,0.017907951929317573f,0.04162605668449504f,0.99897276072103f,0.005475893130450382f,0f,0f,0f,1f], start_interpolation: 0, interpolation_duration: 1 }
$data merge entity $(bone_head) { transformation: [0.9999978395358359f,0.00027873549504049916f,-0.0020599102369843877f,0.0011337770295224816f,-0.0020786831554204088f,0.13409205347896186f,-0.9909666998795341f,0.876311596008521f,0f,0.9909688408322025f,0.13409234318066404f,0.043523482443495465f,0f,0f,0f,1f], start_interpolation: 0, interpolation_duration: 1 }
$data merge entity $(bone_torso) { transformation: [0.9999978395358359f,0.0016491302247599062f,-0.0012654221281500847f,4.592425496802574e-17f,-0.0020786831554204088f,0.793351626279774f,-0.6087601138014689f,0.3308823529411764f,0f,0.6087614290087207f,0.7933533402912352f,-0.375f,0f,0f,0f,1f], start_interpolation: 0, interpolation_duration: 1 }
$data merge entity $(bone_upper_body) { transformation: [0.9999978395358359f,0.0016491302247599062f,-0.0012654221281500847f,4.592425496802574e-17f,-0.0020786831554204088f,0.793351626279774f,-0.6087601138014689f,0.3308823529411764f,0f,0.6087614290087207f,0.7933533402912352f,-0.375f,0f,0f,0f,1f], start_interpolation: 0, interpolation_duration: 1 }
$data merge entity $(bone_right_lower_leg) { transformation: [1f,0f,0f,-0.12499999999999996f,0f,0.03336039765259369f,0.9994433870252286f,0.07071570980574138f,0f,-0.9994433870252286f,0.03336039765259369f,-0.06028901726762753f,0f,0f,0f,1f], start_interpolation: 0, interpolation_duration: 1 }
$data merge entity $(bone_right_leg) { transformation: [1f,0f,0f,-0.12499999999999996f,0f,0.5437777150278267f,0.8392292872863266f,0.2746323529411764f,0f,-0.8392292872863266f,0.5437777150278267f,-0.375f,0f,0f,0f,1f], start_interpolation: 0, interpolation_duration: 1 }
$data merge entity $(bone_left_lower_leg) { transformation: [1f,0f,0f,0.12500000000000006f,0f,0.056436532435924114f,0.9984061887862118f,0.07803927329319399f,0f,-0.9984061887862118f,0.056436532435924114f,-0.05566293507561321f,0f,0f,0f,1f], start_interpolation: 0, interpolation_duration: 1 }
$data merge entity $(bone_left_leg) { transformation: [1f,0f,0f,0.12500000000000006f,0f,0.5242482123946197f,0.8515655064650315f,0.2746323529411764f,0f,-0.8515655064650315f,0.5242482123946197f,-0.375f,0f,0f,0f,1f], start_interpolation: 0, interpolation_duration: 1 }
execute on vehicle unless entity @s[tag=aj.transforms_only] at @s run function animated_java:rend_fallen_tether/animations/rise_0/zzz/frames/zzz/4