# This file was generated by Animated Java via MC-Build. It is not recommended to edit this file directly.
$data merge entity $(bone_right_forearm) { transformation: [0.9060852652217715f,0.4225266058518058f,0.021926228479717962f,-0.3761778482701513f,-0.42136956083532595f,0.9058529529838759f,-0.04333729077637882f,1.07958558313186f,-0.03817309719470781f,0.030028235341834495f,0.9988198635053362f,0.017360932310550234f,0f,0f,0f,1f], start_interpolation: 0, interpolation_duration: 1 }
$data merge entity $(bone_right_arm) { transformation: [-0.9656964494195722f,0.2587462233213984f,0.021926228479717962f,-0.3114912924398017f,-0.2594832437986135f,-0.964774753720221f,-0.04333729077637882f,0.8383918947018048f,0.009940511364163893f,-0.04754015672039941f,0.9988198635053362f,0.005475893130450382f,0f,0f,0f,1f], start_interpolation: 0, interpolation_duration: 1 }
$data merge entity $(bone_left_forearm) { transformation: [0.7652987285938622f,-0.6435190568017076f,0.014180251960344394f,0.29146175759338777f,0.6425201431157289f,0.7650591623520362f,0.0430388637366822f,1.0859298083714615f,-0.0385450606843688f,-0.023826490178829735f,0.99897276072103f,-0.0049306210406733775f,0f,0f,0f,1f], start_interpolation: 0, interpolation_duration: 1 }
$data merge entity $(bone_left_arm) { transformation: [-0.9960033853437386f,0.08818263342718838f,0.014180251960344394f,0.3135074159501849f,-0.08750178079050724f,-0.9952341908147782f,0.0430388637366822f,0.8371212606677669f,0.017907951929317573f,0.04162605668449504f,0.99897276072103f,0.005475893130450382f,0f,0f,0f,1f], start_interpolation: 0, interpolation_duration: 1 }
$data merge entity $(bone_head) { transformation: [0.9999979334239786f,0.00035302925518756263f,-0.0020021283967384023f,0.001108867930710733f,-0.0020330144544603145f,0.17364781880977032f,-0.9848057178321201f,0.8873410589826762f,1.0842021724855044e-19f,0.9848077530122081f,0.17364817766693053f,0.043523482443495465f,0f,0f,0f,1f], start_interpolation: 0, interpolation_duration: 1 }
$data merge entity $(bone_torso) { transformation: [0.9999979334239786f,0.0016128988083064539f,-0.0012376207844926458f,4.592425496802574e-17f,-0.0020330144544603145f,0.7933517007662456f,-0.6087601709569488f,0.34191176470588236f,1.0842021724855044e-19f,0.6087614290087207f,0.7933533402912352f,-0.375f,0f,0f,0f,1f], start_interpolation: 0, interpolation_duration: 1 }
$data merge entity $(bone_upper_body) { transformation: [0.9999979334239786f,0.0016128988083064539f,-0.0012376207844926458f,4.592425496802574e-17f,-0.0020330144544603145f,0.7933517007662456f,-0.6087601709569488f,0.34191176470588236f,1.0842021724855044e-19f,0.6087614290087207f,0.7933533402912352f,-0.375f,0f,0f,0f,1f], start_interpolation: 0, interpolation_duration: 1 }
$data merge entity $(bone_right_lower_leg) { transformation: [1f,0f,0f,-0.12499999999999996f,0f,0.03592551697927854f,0.9993544702605635f,0.07215029207288975f,0f,-0.9993544702605635f,0.03592551697927854f,-0.06671790344865813f,0f,0f,0f,1f], start_interpolation: 0, interpolation_duration: 1 }
$data merge entity $(bone_right_leg) { transformation: [1f,0f,0f,-0.12499999999999996f,0f,0.5693639270213136f,0.8220855908035782f,0.28566176470588234f,0f,-0.8220855908035782f,0.5693639270213136f,-0.375f,0f,0f,0f,1f], start_interpolation: 0, interpolation_duration: 1 }
$data merge entity $(bone_left_lower_leg) { transformation: [1f,0f,0f,0.12500000000000006f,0f,0.06412249310065171f,0.9979420353299869f,0.0809380378324569f,0f,-0.9979420353299869f,0.06412249310065171f,-0.06081343813737816f,0f,0f,0f,1f], start_interpolation: 0, interpolation_duration: 1 }
$data merge entity $(bone_left_leg) { transformation: [1f,0f,0f,0.12500000000000006f,0f,0.5459299383291345f,0.8378308316336582f,0.28566176470588234f,0f,-0.8378308316336582f,0.5459299383291345f,-0.375f,0f,0f,0f,1f], start_interpolation: 0, interpolation_duration: 1 }