# This file was generated by Animated Java via MC-Build. It is not recommended to edit this file directly.
$data merge entity $(bone_right_forearm) { transformation: [0.9063991704172967f,0.42185111911052675f,0.0219585330118514f,-0.37672772509758423f,-0.4206939012125084f,0.906167720892469f,-0.043320931374436655f,1.0903343260611726f,-0.03817309719470782f,0.030028235341834554f,0.9988198635053365f,0.01736093231055036f,0f,0f,0f,1f], start_interpolation: 0, interpolation_duration: 1 }
$data merge entity $(bone_right_arm) { transformation: [-0.9655027202424689f,0.2594654505562556f,0.0219585330118514f,-0.3118613624585203f,-0.2602031580096833f,-0.9645815742935584f,-0.043320931374436655f,0.849188932487783f,0.009940511364163865f,-0.04754015672039946f,0.9988198635053365f,0.005475893130450493f,0f,0f,0f,1f], start_interpolation: 0, interpolation_duration: 1 }
$data merge entity $(bone_left_forearm) { transformation: [0.764819477454646f,-0.644089276791472f,0.014148159888878003f,0.2909069651964431f,0.6430905419945476f,0.7645791665275723f,0.0430494240282292f,1.0971763160868104f,-0.03854506068436873f,-0.023826490178829644f,0.9989727607210301f,-0.004930621040673239f,0f,0f,0f,1f], start_interpolation: 0, interpolation_duration: 1 }
$data merge entity $(bone_left_arm) { transformation: [-0.9959378705429869f,0.0889246174580471f,0.014148159888878003f,0.3131381195609549f,-0.0882443384926111f,-0.9951681686101299f,0.0430494240282292f,0.848384273934278f,0.017907951929317566f,0.04162605668449493f,0.9989727607210301f,0.005475893130450493f,0f,0f,0f,1f], start_interpolation: 0, interpolation_duration: 1 }
$data merge entity $(bone_head) { transformation: [0.9999991712311603f,0.00022130755611859444f,-0.001268290171132412f,0.0007022164063389986f,-0.0012874536856082508f,0.17189540499954542f,-0.985114365037405f,0.8983711458850747f,0f,0.985115181470171f,0.171895547461219f,0.04352348244349552f,0f,0f,0f,1f], start_interpolation: 0, interpolation_duration: 1 }
$data merge entity $(bone_torso) { transformation: [0.9999991712311603f,0.0010214056819475674f,-0.0007837521454334229f,4.592425496802574e-17f,-0.0012874536856082508f,0.7933526827847077f,-0.6087609244862177f,0.3529411764705882f,0f,0.6087614290087208f,0.7933533402912352f,-0.375f,0f,0f,0f,1f], start_interpolation: 0, interpolation_duration: 1 }
$data merge entity $(bone_upper_body) { transformation: [0.9999991712311603f,0.0010214056819475674f,-0.0007837521454334229f,4.592425496802574e-17f,-0.0012874536856082508f,0.7933526827847077f,-0.6087609244862177f,0.3529411764705882f,0f,0.6087614290087208f,0.7933533402912352f,-0.375f,0f,0f,0f,1f], start_interpolation: 0, interpolation_duration: 1 }
$data merge entity $(bone_right_lower_leg) { transformation: [1f,0f,0f,-0.12499999999999996f,0f,0.03849039963787809f,0.9992589700051314f,0.07378740290491814f,0f,-0.9992589700051314f,0.03849039963787809f,-0.07343921387192187f,0f,0f,0f,1f], start_interpolation: 0, interpolation_duration: 1 }
$data merge entity $(bone_right_leg) { transformation: [1f,0f,0f,-0.12499999999999996f,0f,0.5944100628417868f,0.8041620963415417f,0.2966911764705882f,0f,-0.8041620963415417f,0.5944100628417868f,-0.375f,0f,0f,0f,1f], start_interpolation: 0, interpolation_duration: 1 }
$data merge entity $(bone_left_lower_leg) { transformation: [1f,0f,0f,0.12500000000000006f,0f,0.07180465197932773f,0.9974187144595432f,0.08397166177907162f,0f,-0.9974187144595432f,0.07180465197932773f,-0.06617090799374858f,0f,0f,0f,1f], start_interpolation: 0, interpolation_duration: 1 }
$data merge entity $(bone_left_leg) { transformation: [1f,0f,0f,0.12500000000000006f,0f,0.5672520391773775f,0.8235442453500037f,0.2966911764705882f,0f,-0.8235442453500037f,0.5672520391773775f,-0.375f,0f,0f,0f,1f], start_interpolation: 0, interpolation_duration: 1 }