# This file was generated by Animated Java via MC-Build. It is not recommended to edit this file directly.
$data merge entity $(bone_right_forearm) { transformation: [0.9067646704965215f,0.42106294023744484f,0.021996197351654635f,-0.3773688326829393f,-0.4199055215044193f,0.9065342273962156f,-0.04330181946810385f,1.1010358499590027f,-0.03817309719470776f,0.030028235341834394f,0.9988198635053362f,0.01736093231055015f,0f,0f,0f,1f], start_interpolation: 0, interpolation_duration: 1 }
$data merge entity $(bone_right_arm) { transformation: [-0.9652760779332848f,0.2603041695244289f,0.021996197351654635f,-0.3122927903018321f,-0.26104267774361056f,-0.9643555738560324f,-0.04330181946810385f,0.8599469564949946f,0.00994051136416392f,-0.047540156720399296f,0.9988198635053362f,0.005475893130450327f,0f,0f,0f,1f], start_interpolation: 0, interpolation_duration: 1 }
$data merge entity $(bone_left_forearm) { transformation: [0.7642599454340723f,-0.644753924720524f,0.014110718004061449f,0.2902596552520968f,0.643755399279841f,0.7640187660805456f,0.04306171123879565f,1.1084584242489637f,-0.03854506068436883f,-0.02382649017882977f,0.9989727607210299f,-0.004930621040673447f,0f,0f,0f,1f], start_interpolation: 0, interpolation_duration: 1 }
$data merge entity $(bone_left_arm) { transformation: [-0.9958607551350626f,0.08978999955024737f,0.014110718004061449f,0.31270715513965863f,-0.08911039018835468f,-0.9950904619107082f,0.04306171123879565f,0.8596858087712866f,0.01790795192931758f,0.041626056684495094f,0.9989727607210299f,0.005475893130450327f,0f,0f,0f,1f], start_interpolation: 0, interpolation_duration: 1 }
$data merge entity $(bone_head) { transformation: [0.9999999127063852f,-0.00018238767674941134f,-0.0003759281279453809f,0.00022790066080457248f,-0.0004178363579328233f,-0.4365050033713312f,-0.8997017324894802f,0.9094009620729252f,0f,0.8997018110277034f,-0.4365050414754341f,0.043523482443495354f,0f,0f,0f,1f], start_interpolation: 0, interpolation_duration: 1 }
$data merge entity $(bone_torso) { transformation: [0.9999999127063852f,0.00033149187026112955f,-0.0002543626583469848f,4.592425496802574e-17f,-0.0004178363579328233f,0.7933532710365543f,-0.6087613758677349f,0.36397058823529416f,0f,0.6087614290087205f,0.7933533402912352f,-0.375f,0f,0f,0f,1f], start_interpolation: 0, interpolation_duration: 1 }
$data merge entity $(bone_upper_body) { transformation: [0.9999999127063852f,0.00033149187026112955f,-0.0002543626583469848f,4.592425496802574e-17f,-0.0004178363579328233f,0.7933532710365543f,-0.6087613758677349f,0.36397058823529416f,0f,0.6087614290087205f,0.7933533402912352f,-0.375f,0f,0f,0f,1f], start_interpolation: 0, interpolation_duration: 1 }
$data merge entity $(bone_right_lower_leg) { transformation: [1f,0f,0f,-0.12499999999999996f,0f,0.041055028731603216f,0.9991568868880638f,0.07563595146818367f,0f,-0.9991568868880638f,0.041055028731603216f,-0.08044657296735047f,0f,0f,0f,1f], start_interpolation: 0, interpolation_duration: 1 }
$data merge entity $(bone_right_leg) { transformation: [1f,0f,0f,-0.12499999999999996f,0f,0.6188923647122946f,0.7854758054203987f,0.30772058823529413f,0f,-0.7854758054203987f,0.6188923647122946f,-0.375f,0f,0f,0f,1f], start_interpolation: 0, interpolation_duration: 1 }
$data merge entity $(bone_left_lower_leg) { transformation: [1f,0f,0f,0.12500000000000006f,0f,0.07948255360113288f,0.9968362572022764f,0.08714541226656944f,0f,-0.9968362572022764f,0.07948255360113288f,-0.07173181547289509f,0f,0f,0f,1f], start_interpolation: 0, interpolation_duration: 1 }
$data merge entity $(bone_left_leg) { transformation: [1f,0f,0f,0.12500000000000006f,0f,0.5882004692499325f,0.8087151587389464f,0.30772058823529413f,0f,-0.8087151587389464f,0.5882004692499325f,-0.375f,0f,0f,0f,1f], start_interpolation: 0, interpolation_duration: 1 }