# This file was generated by Animated Java via MC-Build. It is not recommended to edit this file directly.
$data merge entity $(bone_right_forearm) { transformation: [0.10121953126752523f,0.9944552824266975f,-0.028518375543154187f,-0.5177857900412615f,-0.8119514961555413f,0.06601126441066421f,-0.5799804142052416f,0.6680951851664696f,-0.5748820525818849f,0.08186088336038932f,0.8141310836681621f,0.005584683514875977f,0f,0f,0f,1f], start_interpolation: 0, interpolation_duration: 1 }
$data merge entity $(bone_right_arm) { transformation: [-0.04073203782279465f,0.9987630366364099f,-0.028518375543154187f,-0.268095030882159f,-0.8131116232443505f,-0.04972129607375552f,-0.5799804142052416f,0.6556648611480307f,-0.5806809702751937f,-0.00043516153770193494f,0.8141310836681621f,0.005475893130450493f,0f,0f,0f,1f], start_interpolation: 0, interpolation_duration: 1 }
$data merge entity $(bone_left_forearm) { transformation: [0.9411970681016589f,0.3161620220901607f,-0.11912033741012418f,0.3715478812718372f,-0.3183032855745247f,0.9479882882391579f,0.0011062340862994513f,0.3517834293254162f,0.11327443396152402f,0.03687521049772947f,0.9928792078905897f,0.007795892368378271f,0f,0f,0f,1f], start_interpolation: 0, interpolation_duration: 1 }
$data merge entity $(bone_left_arm) { transformation: [0.9905426750757045f,-0.06808490338662118f,-0.11912033741012418f,0.3545266554251819f,0.0687055213118685f,0.9976363704213127f,0.0011062340862994513f,0.6011925219307444f,0.11876346321630975f,-0.009279996951711111f,0.9928792078905897f,0.005475893130450493f,0f,0f,0f,1f], start_interpolation: 0, interpolation_duration: 1 }
$data merge entity $(bone_head) { transformation: [0.9999999727565722f,-0.0002259987458456611f,0.000058407380845795775f,0.047537393498662574f,0.00007747750513760476f,0.08532400907971771f,-0.9963532543590152f,0.6778245909963565f,0.00022019103401078183f,0.9963532317401953f,0.08532402426501823f,0.04352348244349552f,0f,0f,0f,1f], start_interpolation: 0, interpolation_duration: 1 }
$data merge entity $(bone_torso) { transformation: [0.9961946980917455f,0.06914529963441822f,-0.05305705450138083f,4.592425496802574e-17f,-0.08715574274765818f,0.7903343913115048f,-0.6064449079812421f,0.13446969696969696f,0f,0.6087614290087208f,0.7933533402912352f,-0.375f,0f,0f,0f,1f], start_interpolation: 0, interpolation_duration: 1 }
$data merge entity $(bone_upper_body) { transformation: [0.9961946980917455f,0.06914529963441822f,-0.05305705450138083f,4.592425496802574e-17f,-0.08715574274765818f,0.7903343913115048f,-0.6064449079812421f,0.13446969696969696f,0f,0.6087614290087208f,0.7933533402912352f,-0.375f,0f,0f,0f,1f], start_interpolation: 0, interpolation_duration: 1 }
$data merge entity $(bone_right_lower_leg) { transformation: [1f,0f,0f,-0.12499999999999996f,0f,8.326672684688674e-17f,1f,0.06830420924571946f,0f,-1f,8.326672684688674e-17f,-0.00013111211625516095f,0f,0f,0f,1f], start_interpolation: 0, interpolation_duration: 1 }
$data merge entity $(bone_right_leg) { transformation: [1f,0f,0f,-0.12499999999999996f,0f,0.026441300597273343f,0.9996503676899863f,0.07821969696969697f,0f,-0.9996503676899863f,0.026441300597273343f,-0.375f,0f,0f,0f,1f], start_interpolation: 0, interpolation_duration: 1 }
$data merge entity $(bone_left_lower_leg) { transformation: [1f,0f,0f,0.12500000000000006f,0f,-0.006611047493528949f,0.9999781467867377f,0.06582614990934138f,0f,-0.9999781467867377f,-0.006611047493528949f,-0.00020485596627223268f,0f,0f,0f,1f], start_interpolation: 0, interpolation_duration: 1 }
$data merge entity $(bone_left_leg) { transformation: [1f,0f,0f,0.12500000000000006f,0f,0.0330494588276149f,0.999453717423274f,0.07821969696969697f,0f,-0.999453717423274f,0.0330494588276149f,-0.375f,0f,0f,0f,1f], start_interpolation: 0, interpolation_duration: 1 }