# This file was generated by Animated Java via MC-Build. It is not recommended to edit this file directly.
$data merge entity $(bone_right_forearm) { transformation: [0.9069400431355368f,0.4206841205214219f,0.022014288506065474f,-0.37767677240556724f,-0.42023898968634915f,0.9071419416313314f,-0.022196605162381033f,1.135651529454857f,-0.02930784374032207f,0.01087972768297961f,0.9995112214581872f,0.006924756014494757f,0f,0f,0f,1f], start_interpolation: 0, interpolation_duration: 1 }
$data merge entity $(bone_right_arm) { transformation: [-0.9651669205491131f,0.26070708962226924f,0.022014288506065474f,-0.31249999999999994f,-0.26117785747644884f,-0.9650354591844165f,-0.022196605162381033f,0.894392664658753f,0.015457756685690105f,-0.027173073757102484f,0.9995112214581872f,0.0001314875752191358f,0f,0f,0f,1f], start_interpolation: 0, interpolation_duration: 1 }
$data merge entity $(bone_left_forearm) { transformation: [0.7639908943076243f,-0.6450731032562346f,0.014092724023695491f,0.289948555828357f,0.6431173992520203f,0.7630760746275116f,0.0641476040892131f,1.1428807427831211f,-0.05213371456509126f,-0.039944909393313646f,0.9978409091730032f,-0.015524418525395642f,0f,0f,0f,1f], start_interpolation: 0, interpolation_duration: 1 }
$data merge entity $(bone_left_arm) { transformation: [-0.995823434641887f,0.09020577668657219f,0.014092724023695491f,0.31250000000000006f,-0.08912847676551867f,-0.9939523124974723f,0.0641476040892131f,0.894392664658753f,0.019793980082191f,0.06262362440245911f,0.9978409091730032f,0.0001314875752191358f,0f,0f,0f,1f], start_interpolation: 0, interpolation_duration: 1 }
$data merge entity $(bone_head) { transformation: [1f,0f,0f,4.5286418093469836e-17f,0f,-0.43625156400596554f,-0.8998247456601476f,0.9447694311246284f,0f,0.8998247456601476f,-0.43625156400596554f,0.03712380299940776f,0f,0f,0f,1f], start_interpolation: 0, interpolation_duration: 1 }
$data merge entity $(bone_torso) { transformation: [1f,0f,0f,4.5286418093469836e-17f,0f,0.806028263454005f,-0.5918770467870174f,0.39062499999999994f,0f,0.5918770467870174f,0.806028263454005f,-0.3697916666666667f,0f,0f,0f,1f], start_interpolation: 0, interpolation_duration: 1 }
$data merge entity $(bone_upper_body) { transformation: [1f,0f,0f,4.5286418093469836e-17f,0f,0.806028263454005f,-0.5918770467870174f,0.39062499999999994f,0f,0.5918770467870174f,0.806028263454005f,-0.3697916666666667f,0f,0f,0f,1f], start_interpolation: 0, interpolation_duration: 1 }
$data merge entity $(bone_right_lower_leg) { transformation: [1f,0f,0f,-0.12499999999999996f,0f,0.061774387436928035f,0.9980901387433864f,0.08102867214412746f,0f,-0.9980901387433864f,0.061774387436928035f,-0.09331266536287014f,0f,0f,0f,1f], start_interpolation: 0, interpolation_duration: 1 }
$data merge entity $(bone_right_leg) { transformation: [1f,0f,0f,-0.12499999999999996f,0f,0.6755902076156601f,0.7372773368101241f,0.334375f,0f,-0.7372773368101241f,0.6755902076156601f,-0.3697916666666667f,0f,0f,0f,1f], start_interpolation: 0, interpolation_duration: 1 }
$data merge entity $(bone_left_lower_leg) { transformation: [1f,0f,0f,0.12500000000000006f,0f,0.10163507818280182f,0.9948217482960332f,0.092286711052812f,0f,-0.9948217482960332f,0.10163507818280182f,-0.08340336321377978f,0f,0f,0f,1f], start_interpolation: 0, interpolation_duration: 1 }
$data merge entity $(bone_left_leg) { transformation: [1f,0f,0f,0.12500000000000006f,0f,0.6455687705258346f,0.7637021425410317f,0.334375f,0f,-0.7637021425410317f,0.6455687705258346f,-0.3697916666666667f,0f,0f,0f,1f], start_interpolation: 0, interpolation_duration: 1 }