# This file was generated by Animated Java via MC-Build. It is not recommended to edit this file directly.
$data merge entity $(bone_right_forearm) { transformation: [0.9069400431355368f,0.4206841205214219f,0.022014288506065474f,-0.37767677240556724f,-0.4207640581075758f,0.907169453738734f,-0.0010906916207293893f,1.1590634547706664f,-0.02042952672372096f,-0.008273629462611107f,0.9997570612370588f,-0.0036793363680814595f,0f,0f,0f,1f], start_interpolation: 0, interpolation_duration: 1 }
$data merge entity $(bone_right_arm) { transformation: [-0.9651669205491131f,0.26070708962226924f,0.022014288506065474f,-0.31249999999999994f,-0.2607933161718657f,-0.9653940421568129f,-0.0010906916207293893f,0.9177149442314633f,0.020968111927961025f,-0.006793878775509188f,0.9997570612370588f,-0.0053778060619587564f,0f,0f,0f,1f], start_interpolation: 0, interpolation_duration: 1 }
$data merge entity $(bone_left_forearm) { transformation: [0.7639908943076243f,-0.6450731032562346f,0.014092724023695491f,0.289948555828357f,0.6418734592249009f,0.7620627209922368f,0.08519901182859019f,1.1658171260084031f,-0.06569913057032314f,-0.056045523722058926f,0.9962642839693812f,-0.026276125690473703f,0f,0f,0f,1f], start_interpolation: 0, interpolation_duration: 1 }
$data merge entity $(bone_left_arm) { transformation: [-0.995823434641887f,0.09020577668657219f,0.014092724023695491f,0.31250000000000006f,-0.08869073651621519f,-0.9924087271077596f,0.08519901182859019f,0.9177149442314633f,0.02167118534476299f,0.08359327851405979f,0.9962642839693812f,-0.0053778060619587564f,0f,0f,0f,1f], start_interpolation: 0, interpolation_duration: 1 }
$data merge entity $(bone_head) { transformation: [1f,0f,0f,4.464858121891392e-17f,0f,-0.4266011057086222f,-0.9044398800407802f,0.9688614386546096f,0f,0.9044398800407802f,-0.4266011057086222f,0.0305427466651787f,0f,0f,0f,1f], start_interpolation: 0, interpolation_duration: 1 }
$data merge entity $(bone_torso) { transformation: [1f,0f,0f,4.464858121891392e-17f,0f,0.8183439107703412f,-0.5747288436341993f,0.40625f,0f,0.5747288436341993f,0.8183439107703412f,-0.3645833333333333f,0f,0f,0f,1f], start_interpolation: 0, interpolation_duration: 1 }
$data merge entity $(bone_upper_body) { transformation: [1f,0f,0f,4.464858121891392e-17f,0f,0.8183439107703412f,-0.5747288436341993f,0.40625f,0f,0.5747288436341993f,0.8183439107703412f,-0.3645833333333333f,0f,0f,0f,1f], start_interpolation: 0, interpolation_duration: 1 }
$data merge entity $(bone_right_lower_leg) { transformation: [1f,0f,0f,-0.12499999999999996f,0f,0.07990896971750372f,0.9968021652056576f,0.08483495705504468f,0f,-0.9968021652056576f,0.07990896971750372f,-0.09941829038837796f,0f,0f,0f,1f], start_interpolation: 0, interpolation_duration: 1 }
$data merge entity $(bone_right_leg) { transformation: [1f,0f,0f,-0.12499999999999996f,0f,0.7071067811865475f,0.7071067811865476f,0.35f,0f,-0.7071067811865476f,0.7071067811865475f,-0.3645833333333333f,0f,0f,0f,1f], start_interpolation: 0, interpolation_duration: 1 }
$data merge entity $(bone_left_lower_leg) { transformation: [1f,0f,0f,0.12500000000000006f,0f,0.11609291412523032f,0.993238357741943f,0.09464977690715354f,0f,-0.993238357741943f,0.11609291412523032f,-0.0899540130369863f,0f,0f,0f,1f], start_interpolation: 0, interpolation_duration: 1 }
$data merge entity $(bone_left_leg) { transformation: [1f,0f,0f,0.12500000000000006f,0f,0.6809339282475905f,0.7323448541235921f,0.35f,0f,-0.7323448541235921f,0.6809339282475905f,-0.3645833333333333f,0f,0f,0f,1f], start_interpolation: 0, interpolation_duration: 1 }