# This file was generated by Animated Java via MC-Build. It is not recommended to edit this file directly.
$data merge entity $(bone_right_forearm) { transformation: [0.9069400431355368f,0.4206841205214219f,0.022014288506065474f,-0.37767677240556724f,-0.42110157682368676f,0.9067926077260452f,0.020015708081486172f,1.1821398239981438f,-0.01154210353077512f,-0.027423298753367034f,0.999557273262302f,-0.014444296669153964f,0f,0f,0f,1f], start_interpolation: 0, interpolation_duration: 1 }
$data merge entity $(bone_right_arm) { transformation: [-0.9651669205491131f,0.26070708962226924f,0.022014288506065474f,-0.31249999999999994f,-0.26029252988722396f,-0.9653223142116345f,0.020015708081486172f,0.940809245445235f,0.02646912092705088f,0.013588344482706904f,0.999557273262302f,-0.011047210548477238f,0f,0f,0f,1f], start_interpolation: 0, interpolation_duration: 1 }
$data merge entity $(bone_left_forearm) { transformation: [0.7639908943076243f,-0.6450731032562346f,0.014092724023695491f,0.289948555828357f,0.6403434130637631f,0.7607096885373301f,0.10621244329780638f,1.188414942790679f,-0.07923526210525057f,-0.07212115654098983f,0.9942435878688392f,-0.03717862857065447f,0f,0f,0f,1f], start_interpolation: 0, interpolation_duration: 1 }
$data merge entity $(bone_left_arm) { transformation: [-0.995823434641887f,0.09020577668657219f,0.014092724023695491f,0.31250000000000006f,-0.08821346360921536f,-0.9904227893817754f,0.10621244329780638f,0.940809245445235f,0.023538730978993158f,0.10452567208870894f,0.9942435878688392f,-0.011047210548477238f,0f,0f,0f,1f], start_interpolation: 0, interpolation_duration: 1 }
$data merge entity $(bone_head) { transformation: [1f,0f,0f,4.4010744344358005e-17f,0f,-0.41690183110090717f,-0.9089515186327104f,0.9927026699897585f,0f,0.9089515186327104f,-0.41690183110090717f,0.02378556839667506f,0f,0f,0f,1f], start_interpolation: 0, interpolation_duration: 1 }
$data merge entity $(bone_torso) { transformation: [1f,0f,0f,4.4010744344358005e-17f,0f,0.8302947927123763f,-0.5573244631224364f,0.42187499999999994f,0f,0.5573244631224364f,0.8302947927123763f,-0.359375f,0f,0f,0f,1f], start_interpolation: 0, interpolation_duration: 1 }
$data merge entity $(bone_upper_body) { transformation: [1f,0f,0f,4.4010744344358005e-17f,0f,0.8302947927123763f,-0.5573244631224364f,0.42187499999999994f,0f,0.5573244631224364f,0.8302947927123763f,-0.359375f,0f,0f,0f,1f], start_interpolation: 0, interpolation_duration: 1 }
$data merge entity $(bone_right_lower_leg) { transformation: [1f,0f,0f,-0.12499999999999996f,0f,0.09801714032956055f,0.9951847266721968f,0.08914599869620349f,0f,-0.9951847266721968f,0.09801714032956055f,-0.10602867214412742f,0f,0f,0f,1f], start_interpolation: 0, interpolation_duration: 1 }
$data merge entity $(bone_right_leg) { transformation: [1f,0f,0f,-0.12499999999999996f,0f,0.737277336810124f,0.6755902076156602f,0.365625f,0f,-0.6755902076156602f,0.737277336810124f,-0.359375f,0f,0f,0f,1f], start_interpolation: 0, interpolation_duration: 1 }
$data merge entity $(bone_left_lower_leg) { transformation: [1f,0f,0f,0.12500000000000006f,0f,0.13052619222005152f,0.9914448613738105f,0.09758328849973263f,0f,-0.9914448613738105f,0.13052619222005152f,-0.09711817759873731f,0f,0f,0f,1f], start_interpolation: 0, interpolation_duration: 1 }
$data merge entity $(bone_left_leg) { transformation: [1f,0f,0f,0.12500000000000006f,0f,0.7147778973340463f,0.6993515264033672f,0.365625f,0f,-0.6993515264033672f,0.7147778973340463f,-0.359375f,0f,0f,0f,1f], start_interpolation: 0, interpolation_duration: 1 }