# This file was generated by Animated Java via MC-Build. It is not recommended to edit this file directly.
$data merge entity $(bone_right_forearm) { transformation: [0.9069400431355368f,0.4206841205214219f,0.022014288506065474f,-0.37767677240556724f,-0.42125139539042655f,0.9060115715671143f,0.04111318606124009f,1.204877315793476f,-0.002649535606305875f,-0.0465607444915279f,0.9989119465866175f,-0.02536300501606939f,0f,0f,0f,1f], start_interpolation: 0, interpolation_duration: 1 }
$data merge entity $(bone_right_arm) { transformation: [-0.9651669205491131f,0.26070708962226924f,0.022014288506065474f,-0.31249999999999994f,-0.259675721841019f,-0.9648203073206119f,0.04111318606124009f,0.9636722389633231f,0.03195833168499143f,0.03396451092606079f,0.9989119465866175f,-0.016871877284554193f,0f,0f,0f,1f], start_interpolation: 0, interpolation_duration: 1 }
$data merge entity $(bone_left_forearm) { transformation: [0.7639908943076243f,-0.6450731032562346f,0.014092724023695491f,0.289948555828357f,0.638527942765324f,0.75901758035812f,0.12717853205312823f,1.2106710850942075f,-0.09273607562820388f,-0.08816464236119037f,0.9917797215684556f,-0.048224745985600004f,0f,0f,0f,1f], start_interpolation: 0, interpolation_duration: 1 }
$data merge entity $(bone_left_arm) { transformation: [-0.995823434641887f,0.09020577668657219f,0.014092724023695491f,0.31250000000000006f,-0.08769687078225485f,-0.9879953845235374f,0.12717853205312823f,0.9636722389633231f,0.025395784552485652f,0.12541147480418324f,0.9917797215684556f,-0.016871877284554193f,0f,0f,0f,1f], start_interpolation: 0, interpolation_duration: 1 }
$data merge entity $(bone_head) { transformation: [1f,0f,0f,4.337290746980209e-17f,0f,0.20578975220415063f,-0.9785962282206866f,1.0162894628596555f,0f,0.9785962282206866f,0.20578975220415063f,0.016857601653657073f,0f,0f,0f,1f], start_interpolation: 0, interpolation_duration: 1 }
$data merge entity $(bone_torso) { transformation: [1f,0f,0f,4.337290746980209e-17f,0f,0.841875582341317f,-0.5396716630113799f,0.4375f,0f,0.5396716630113799f,0.841875582341317f,-0.35416666666666663f,0f,0f,0f,1f], start_interpolation: 0, interpolation_duration: 1 }
$data merge entity $(bone_upper_body) { transformation: [1f,0f,0f,4.337290746980209e-17f,0f,0.841875582341317f,-0.5396716630113799f,0.4375f,0f,0.5396716630113799f,0.841875582341317f,-0.35416666666666663f,0f,0f,0f,1f], start_interpolation: 0, interpolation_duration: 1 }
$data merge entity $(bone_right_lower_leg) { transformation: [1f,0f,0f,-0.12499999999999996f,0f,0.11609291412523032f,0.993238357741943f,0.09398333383038315f,0f,-0.993238357741943f,0.11609291412523032f,-0.11312131303421441f,0f,0f,0f,1f], start_interpolation: 0, interpolation_duration: 1 }
$data merge entity $(bone_right_leg) { transformation: [1f,0f,0f,-0.12499999999999996f,0f,0.7660444431189781f,0.6427876096865393f,0.38125f,0f,-0.6427876096865393f,0.7660444431189781f,-0.35416666666666663f,0f,0f,0f,1f], start_interpolation: 0, interpolation_duration: 1 }
$data merge entity $(bone_left_lower_leg) { transformation: [1f,0f,0f,0.12500000000000006f,0f,0.14493185930724678f,0.9894416385809445f,0.10111559828462646f,0f,-0.9894416385809445f,0.14493185930724678f,-0.10486821706143995f,0f,0f,0f,1f], start_interpolation: 0, interpolation_duration: 1 }
$data merge entity $(bone_left_leg) { transformation: [1f,0f,0f,0.12500000000000006f,0f,0.747025071240996f,0.6647958656139378f,0.38125f,0f,-0.6647958656139378f,0.747025071240996f,-0.35416666666666663f,0f,0f,0f,1f], start_interpolation: 0, interpolation_duration: 1 }