# This file was generated by Animated Java via MC-Build. It is not recommended to edit this file directly.
$data merge entity $(bone_right_forearm) { transformation: [0.9069400431355368f,0.4206841205214219f,0.022014288506065474f,-0.37767677240556724f,-0.42121344702826f,0.9048266933979062f,0.06219233841223937f,1.2272727598627342f,0.006244213311672797f,-0.06567743642781067f,0.9978213688553623f,-0.03642827300512917f,0f,0f,0f,1f], start_interpolation: 0, interpolation_duration: 1 }
$data merge entity $(bone_right_arm) { transformation: [-0.9651669205491131f,0.26070708962226924f,0.022014288506065474f,-0.31249999999999994f,-0.258943166966827f,-0.9638882452463085f,0.06219233841223937f,0.9863006985511572f,0.03743329746271559f,0.05432553816280733f,0.9978213688553623f,-0.02284688846442734f,0f,0f,0f,1f], start_interpolation: 0, interpolation_duration: 1 }
$data merge entity $(bone_left_forearm) { transformation: [0.7639908943076243f,-0.6450731032562346f,0.014092724023695491f,0.289948555828357f,0.6364278575501255f,0.756987150688206f,0.14808793275317544f,1.232582597179876f,-0.10619555334002378f,-0.10416883002281992f,0.9888737833022386f,-0.059407232740798274f,0f,0f,0f,1f], start_interpolation: 0, interpolation_duration: 1 }
$data merge entity $(bone_left_arm) { transformation: [-0.995823434641887f,0.09020577668657219f,0.014092724023695491f,0.31250000000000006f,-0.08714118829937476f,-0.9851275945148753f,0.14808793275317544f,0.9863006985511572f,0.027241518309534182f,0.14624137710548374f,0.9888737833022386f,-0.02284688846442734f,0f,0f,0f,1f], start_interpolation: 0, interpolation_duration: 1 }
$data merge entity $(bone_head) { transformation: [1f,0f,0f,4.2735070595246175e-17f,0f,0.21849852639724243f,-0.9758372784241405f,1.039618268406273f,0f,0.9758372784241405f,0.21849852639724243f,0.00976425602246328f,0f,0f,0f,1f], start_interpolation: 0, interpolation_duration: 1 }
$data merge entity $(bone_torso) { transformation: [1f,0f,0f,4.2735070595246175e-17f,0f,0.8530811176818516f,-0.5217783117902496f,0.453125f,0f,0.5217783117902496f,0.8530811176818516f,-0.3489583333333333f,0f,0f,0f,1f], start_interpolation: 0, interpolation_duration: 1 }
$data merge entity $(bone_upper_body) { transformation: [1f,0f,0f,4.2735070595246175e-17f,0f,0.8530811176818516f,-0.5217783117902496f,0.453125f,0f,0.5217783117902496f,0.8530811176818516f,-0.3489583333333333f,0f,0f,0f,1f], start_interpolation: 0, interpolation_duration: 1 }
$data merge entity $(bone_right_lower_leg) { transformation: [1f,0f,0f,-0.12499999999999996f,0f,0.1341303166645046f,0.9909637017325507f,0.09936749739078676f,0f,-0.9909637017325507f,0.1341303166645046f,-0.1206727974550631f,0f,0f,0f,1f], start_interpolation: 0, interpolation_duration: 1 }
$data merge entity $(bone_right_leg) { transformation: [1f,0f,0f,-0.12499999999999996f,0f,0.7933533402912352f,0.6087614290087205f,0.396875f,0f,-0.6087614290087205f,0.7933533402912352f,-0.3489583333333333f,0f,0f,0f,1f], start_interpolation: 0, interpolation_duration: 1 }
$data merge entity $(bone_left_lower_leg) { transformation: [1f,0f,0f,0.12500000000000006f,0f,0.1593068680675227f,0.987229113117374f,0.10527372101636917f,0f,-0.987229113117374f,0.1593068680675227f,-0.11317518275825361f,0f,0f,0f,1f], start_interpolation: 0, interpolation_duration: 1 }
$data merge entity $(bone_left_leg) { transformation: [1f,0f,0f,0.12500000000000006f,0f,0.7776034106230155f,0.6287550682002125f,0.396875f,0f,-0.6287550682002125f,0.7776034106230155f,-0.3489583333333333f,0f,0f,0f,1f], start_interpolation: 0, interpolation_duration: 1 }