# This file was generated by Animated Java via MC-Build. It is not recommended to edit this file directly.
$data merge entity $(bone_right_forearm) { transformation: [0.9069400431355368f,0.4206841205214219f,0.022014288506065474f,-0.37767677240556724f,-0.4209877486521403f,0.903238501361324f,0.0832437693965844f,1.249323138374989f,0.015135178958735729f,-0.08476485356365004f,0.996286026178336f,-0.04763284690572005f,0f,0f,0f,1f], start_interpolation: 0, interpolation_duration: 1 }
$data merge entity $(bone_right_arm) { transformation: [-0.9651669205491131f,0.26070708962226924f,0.022014288506065474f,-0.31249999999999994f,-0.2580951917907568f,-0.9625265434423828f,0.0832437693965844f,1.0086915025143932f,0.042891577870657394f,0.07466235054929177f,0.996286026178336f,-0.028967259268397105f,0f,0f,0f,1f], start_interpolation: 0, interpolation_duration: 1 }
$data merge entity $(bone_left_forearm) { transformation: [0.7639908943076243f,-0.6450731032562346f,0.014092724023695491f,0.289948555828357f,0.6340440935018357f,0.7546193045632688f,0.1689313253244769f,1.254146676922681f,-0.11960769586641185f,-0.12012658588264358f,0.9855270683516042f,-0.07071878285700733f,0f,0f,0f,1f], start_interpolation: 0, interpolation_duration: 1 }
$data merge entity $(bone_left_arm) { transformation: [-0.995823434641887f,0.09020577668657219f,0.014092724023695491f,0.31250000000000006f,-0.0865466638482846f,-0.9818206976331515f,0.1689313253244769f,1.0086915025143932f,0.029075109540082612f,0.16700609435444091f,0.9855270683516042f,-0.028967259268397105f,0f,0f,0f,1f], start_interpolation: 0, interpolation_duration: 1 }
$data merge entity $(bone_head) { transformation: [1f,0f,0f,4.209723372069027e-17f,0f,-0.3875222355418847f,-0.9218603565403061f,1.0626856527658326f,0f,0.9218603565403061f,-0.3875222355418847f,0.0025110148047631786f,0f,0f,0f,1f], start_interpolation: 0, interpolation_duration: 1 }
$data merge entity $(bone_torso) { transformation: [1f,0f,0f,4.209723372069027e-17f,0f,0.8639064040230291f,-0.5036523851705647f,0.46875f,0f,0.5036523851705647f,0.8639064040230291f,-0.34375f,0f,0f,0f,1f], start_interpolation: 0, interpolation_duration: 1 }
$data merge entity $(bone_upper_body) { transformation: [1f,0f,0f,4.209723372069027e-17f,0f,0.8639064040230291f,-0.5036523851705647f,0.46875f,0f,0.5036523851705647f,0.8639064040230291f,-0.34375f,0f,0f,0f,1f], start_interpolation: 0, interpolation_duration: 1 }
$data merge entity $(bone_right_lower_leg) { transformation: [1f,0f,0f,-0.12499999999999996f,0f,0.1521233861899166f,0.9883615104677608f,0.10531798339162812f,0f,-0.9883615104677608f,0.1521233861899166f,-0.12865883636835765f,0f,0f,0f,1f], start_interpolation: 0, interpolation_duration: 1 }
$data merge entity $(bone_right_leg) { transformation: [1f,0f,0f,-0.12499999999999996f,0f,0.8191520442889917f,0.5735764363510463f,0.4125f,0f,-0.5735764363510463f,0.8191520442889917f,-0.34375f,0f,0f,0f,1f], start_interpolation: 0, interpolation_duration: 1 }
$data merge entity $(bone_left_lower_leg) { transformation: [1f,0f,0f,0.12500000000000006f,0f,0.1736481776669303f,0.9848077530122081f,0.11008327339969404f,0f,-0.9848077530122081f,0.1736481776669303f,-0.12200888186365655f,0f,0f,0f,1f], start_interpolation: 0, interpolation_duration: 1 }
$data merge entity $(bone_left_leg) { transformation: [1f,0f,0f,0.12500000000000006f,0f,0.8064446042674824f,0.5913096483635826f,0.4125f,0f,-0.5913096483635826f,0.8064446042674824f,-0.34375f,0f,0f,0f,1f], start_interpolation: 0, interpolation_duration: 1 }