# This file was generated by Animated Java via MC-Build. It is not recommended to edit this file directly.
$data merge entity $(bone_right_forearm) { transformation: [0.9069400431355368f,0.4206841205214219f,0.022014288506065474f,-0.37767677240556724f,-0.4205744008639674f,0.9012477033717974f,0.10425809563278843f,1.2710255873074652f,0.024019398311062215f,-0.10381448794931497f,0.9943066029131034f,-0.05896941089356397f,0f,0f,0f,1f], start_interpolation: 0, interpolation_duration: 1 }
$data merge entity $(bone_right_arm) { transformation: [-0.9651669205491131f,0.26070708962226924f,0.022014288506065474f,-0.31249999999999994f,-0.2571321742859055f,-0.9607358088684046f,0.10425809563278843f,1.030841635090364f,0.04833073995652168f,0.09496588323529143f,0.9943066029131034f,-0.035227940084741116f,0f,0f,0f,1f], start_interpolation: 0, interpolation_duration: 1 }
$data merge entity $(bone_left_forearm) { transformation: [0.7639908943076243f,-0.6450731032562346f,0.014092724023695491f,0.289948555828357f,0.6313777131500022f,0.7519150974176643f,0.18969941911576466f,1.275360677060736f,-0.1329665249320684f,-0.13603079699375462f,0.9817410684680219f,-0.08215203282679444f,0f,0f,0f,1f], start_interpolation: 0, interpolation_duration: 1 }
$data merge entity $(bone_left_arm) { transformation: [-0.995823434641887f,0.09020577668657219f,0.014092724023695491f,0.31250000000000006f,-0.08591356242995897f,-0.9780761678814875f,0.18969941911576466f,1.030841635090364f,0.03089574094643657f,0.1876963709682133f,0.9817410684680219f,-0.035227940084741116f,0f,0f,0f,1f], start_interpolation: 0, interpolation_duration: 1 }
$data merge entity $(bone_head) { transformation: [1f,0f,0f,4.1459396846134357e-17f,0f,-0.3776388486033198f,-0.9259529685818598f,1.0854882985994f,0f,0.9259529685818598f,-0.3776388486033198f,-0.0048965674265485926f,0f,0f,0f,1f], start_interpolation: 0, interpolation_duration: 1 }
$data merge entity $(bone_torso) { transformation: [1f,0f,0f,4.1459396846134357e-17f,0f,0.8743466161445822f,-0.4853019625310809f,0.484375f,0f,0.4853019625310809f,0.8743466161445822f,-0.3385416666666667f,0f,0f,0f,1f], start_interpolation: 0, interpolation_duration: 1 }
$data merge entity $(bone_upper_body) { transformation: [1f,0f,0f,4.1459396846134357e-17f,0f,0.8743466161445822f,-0.4853019625310809f,0.484375f,0f,0.4853019625310809f,0.8743466161445822f,-0.3385416666666667f,0f,0f,0f,1f], start_interpolation: 0, interpolation_duration: 1 }
$data merge entity $(bone_right_lower_leg) { transformation: [1f,0f,0f,-0.12499999999999996f,0f,0.17006617559703563f,0.985432644028905f,0.11185320782016783f,0f,-0.985432644028905f,0.17006617559703563f,-0.13705431353660774f,0f,0f,0f,1f], start_interpolation: 0, interpolation_duration: 1 }
$data merge entity $(bone_right_leg) { transformation: [1f,0f,0f,-0.12499999999999996f,0f,0.8433914458128857f,0.5372996083468239f,0.428125f,0f,-0.5372996083468239f,0.8433914458128857f,-0.3385416666666667f,0f,0f,0f,1f], start_interpolation: 0, interpolation_duration: 1 }
$data merge entity $(bone_left_lower_leg) { transformation: [1f,0f,0f,0.12500000000000003f,0f,0.1879527544001119f,0.9821780704706307f,0.11556841686248354f,0f,-0.9821780704706307f,0.1879527544001119f,-0.1313379448434311f,0f,0f,0f,1f], start_interpolation: 0, interpolation_duration: 1 }
$data merge entity $(bone_left_leg) { transformation: [1f,0f,0f,0.12500000000000003f,0f,0.8334842217000438f,0.5525432581952949f,0.428125f,0f,-0.5525432581952949f,0.8334842217000438f,-0.3385416666666667f,0f,0f,0f,1f], start_interpolation: 0, interpolation_duration: 1 }