# This file was generated by Animated Java via MC-Build. It is not recommended to edit this file directly.
$data merge entity $(bone_right_forearm) { transformation: [0.9069400431355368f,0.4206841205214219f,0.022014288506065474f,-0.37767677240556724f,-0.41997358790774797f,0.898855186799739f,0.12522595027828687f,1.292377397722141f,0.03289291135189757f,-0.12281784847620661f,0.9918839813599529f,-0.07043059031164313f,0f,0f,0f,1f], start_interpolation: 0, interpolation_duration: 1 }
$data merge entity $(bone_right_arm) { transformation: [-0.9651669205491131f,0.26070708962226924f,0.022014288506065474f,-0.31249999999999994f,-0.2560545437038824f,-0.958516839719312f,0.12522595027828687f,1.052748187792313f,0.05374835928973819f,0.1152270862045442f,0.9918839813599529f,-0.04162381876050708f,0f,0f,0f,1f], start_interpolation: 0, interpolation_duration: 1 }
$data merge entity $(bone_left_forearm) { transformation: [0.7639908943076243f,-0.6450731032562346f,0.014092724023695491f,0.289948555828357f,0.6284299049964444f,0.7488757346139773f,0.21038295703914872f,1.2962221063752497f,-0.1462660860254236f,-0.15187437427606948f,0.9775174712080882f,-0.09369956489671503f,0f,0f,0f,1f], start_interpolation: 0, interpolation_duration: 1 }
$data merge entity $(bone_left_arm) { transformation: [-0.995823434641887f,0.09020577668657219f,0.014092724023695491f,0.31250000000000006f,-0.08524216624051714f,-0.9738956743317471f,0.21038295703914872f,1.052748187792313f,0.032702601007562275f,0.20830298454483182f,0.9775174712080882f,-0.04162381876050708f,0f,0f,0f,1f], start_interpolation: 0, interpolation_duration: 1 }
$data merge entity $(bone_head) { transformation: [1f,0f,0f,4.0821559971578444e-17f,0f,-0.3677122481451579f,-0.9299396230745488f,1.1080230065715442f,0f,0.9299396230745488f,-0.3677122481451579f,-0.01245286730322448f,0f,0f,0f,1f], start_interpolation: 0, interpolation_duration: 1 }
$data merge entity $(bone_torso) { transformation: [1f,0f,0f,4.0821559971578444e-17f,0f,0.8843971004677007f,-0.46673522331652206f,0.5f,0f,0.46673522331652206f,0.8843971004677007f,-0.33333333333333337f,0f,0f,0f,1f], start_interpolation: 0, interpolation_duration: 1 }
$data merge entity $(bone_upper_body) { transformation: [1f,0f,0f,4.0821559971578444e-17f,0f,0.8843971004677007f,-0.46673522331652206f,0.5f,0f,0.46673522331652206f,0.8843971004677007f,-0.33333333333333337f,0f,0f,0f,1f], start_interpolation: 0, interpolation_duration: 1 }
$data merge entity $(bone_right_lower_leg) { transformation: [1f,0f,0f,-0.12499999999999996f,0f,0.18795275440011178f,0.9821780704706307f,0.11899047358083548f,0f,-0.9821780704706307f,0.18795275440011178f,-0.14583333333333331f,0f,0f,0f,1f], start_interpolation: 0, interpolation_duration: 1 }
$data merge entity $(bone_right_leg) { transformation: [1f,0f,0f,-0.12499999999999996f,0f,0.8660254037844386f,0.5000000000000001f,0.44375f,0f,-0.5000000000000001f,0.8660254037844386f,-0.33333333333333337f,0f,0f,0f,1f], start_interpolation: 0, interpolation_duration: 1 }
$data merge entity $(bone_left_lower_leg) { transformation: [1f,0f,0f,0.12500000000000003f,0f,0.20221757233203802f,0.9793406217655515f,0.12175180357977011f,0f,-0.9793406217655515f,0.20221757233203802f,-0.1411298955333839f,0f,0f,0f,1f], start_interpolation: 0, interpolation_duration: 1 }
$data merge entity $(bone_left_leg) { transformation: [1f,0f,0f,0.12500000000000003f,0f,0.858661857120613f,0.5125425007998653f,0.44375f,0f,-0.5125425007998653f,0.858661857120613f,-0.33333333333333337f,0f,0f,0f,1f], start_interpolation: 0, interpolation_duration: 1 }