# This file was generated by Animated Java via MC-Build. It is not recommended to edit this file directly.
$data merge entity $(bone_right_forearm) { transformation: [0.9069400431355368f,0.4206841205214219f,0.022014288506065474f,-0.37767677240556724f,-0.41918557758746955f,0.896062018076011f,0.14613798720457938f,1.3133760169732194f,0.0417517628366767f,-0.1417664646616539f,0.9890192413686225f,-0.08200895495735218f,0f,0f,0f,1f], start_interpolation: 0, interpolation_duration: 1 }
$data merge entity $(bone_right_arm) { transformation: [-0.9651669205491131f,0.26070708962226924f,0.022014288506065474f,-0.31249999999999994f,-0.2548627803834759f,-0.9558706250696266f,0.14613798720457938f,1.0744083607058128f,0.05914202104211817f,0.13543692830866966f,0.9890192413686225f,-0.048149722880184764f,0f,0f,0f,1f], start_interpolation: 0, interpolation_duration: 1 }
$data merge entity $(bone_left_forearm) { transformation: [0.7639908943076243f,-0.6450731032562346f,0.014092724023695491f,0.289948555828357f,0.6252019829854961f,0.7455025709057483f,0.23097271969633887f,1.3167286308009556f,-0.15950045105277974f,-0.16765025567618816f,0.9728581591813208f,-0.10535391037367466f,0f,0f,0f,1f], start_interpolation: 0, interpolation_duration: 1 }
$data merge entity $(bone_left_arm) { transformation: [-0.995823434641887f,0.09020577668657219f,0.014092724023695491f,0.31250000000000006f,-0.08453277454543799f,-0.9692810803805711f,0.23097271969633887f,1.0744083607058128f,0.03449488434081095f,0.22881674997395957f,0.9728581591813208f,-0.048149722880184764f,0f,0f,0f,1f], start_interpolation: 0, interpolation_duration: 1 }
$data merge entity $(bone_head) { transformation: [1f,0f,0f,4.0183723097022526e-17f,0f,-0.35774357007633606f,-0.933819863822267f,1.1302866967763943f,0f,0.933819863822267f,-0.35774357007633606f,-0.020152195168203213f,0f,0f,0f,1f], start_interpolation: 0, interpolation_duration: 1 }
$data merge entity $(bone_torso) { transformation: [1f,0f,0f,4.0183723097022526e-17f,0f,0.8940533771293007f,-0.4479604433917044f,0.515625f,0f,0.4479604433917044f,0.8940533771293007f,-0.328125f,0f,0f,0f,1f], start_interpolation: 0, interpolation_duration: 1 }
$data merge entity $(bone_upper_body) { transformation: [1f,0f,0f,4.0183723097022526e-17f,0f,0.8940533771293007f,-0.4479604433917044f,0.515625f,0f,0.4479604433917044f,0.8940533771293007f,-0.328125f,0f,0f,0f,1f], start_interpolation: 0, interpolation_duration: 1 }
$data merge entity $(bone_right_lower_leg) { transformation: [1f,0f,0f,-0.12499999999999996f,0f,0.20577721069223492f,0.9785988655009383f,0.12674593755816682f,0f,-0.9785988655009383f,0.20577721069223492f,-0.1549692700368623f,0f,0f,0f,1f], start_interpolation: 0, interpolation_duration: 1 }
$data merge entity $(bone_right_leg) { transformation: [1f,0f,0f,-0.12499999999999996f,0f,0.8870108331782217f,0.46174861323503386f,0.459375f,0f,-0.46174861323503386f,0.8870108331782217f,-0.328125f,0f,0f,0f,1f], start_interpolation: 0, interpolation_duration: 1 }
$data merge entity $(bone_left_lower_leg) { transformation: [1f,0f,0f,0.12500000000000003f,0f,0.21643961393810313f,0.9762960071199331f,0.12865452586936676f,0f,-0.9762960071199331f,0.21643961393810313f,-0.15135122369025095f,0f,0f,0f,1f], start_interpolation: 0, interpolation_duration: 1 }
$data merge entity $(bone_left_leg) { transformation: [1f,0f,0f,0.12500000000000003f,0f,0.8819212643483552f,0.4713967368259975f,0.459375f,0f,-0.4713967368259975f,0.8819212643483552f,-0.328125f,0f,0f,0f,1f], start_interpolation: 0, interpolation_duration: 1 }