# This file was generated by Animated Java via MC-Build. It is not recommended to edit this file directly.
$data merge entity $(bone_right_forearm) { transformation: [-0.5775667629866863f,0.7962651385028796f,-0.179940166438934f,-0.3529274212048222f,-0.7615497251527252f,-0.604941719245303f,-0.232567264326573f,0.8907013181793146f,-0.2940385185870893f,0.002710262261737789f,0.9557897279556746f,0.043395072117312916f,0f,0f,0f,1f], start_interpolation: 0, interpolation_duration: 1 }
$data merge entity $(bone_right_arm) { transformation: [-0.9090312259745377f,0.3758773293312037f,-0.179940166438934f,-0.25895808887202126f,-0.3319669568336817f,-0.9141719789701711f,-0.232567264326573f,0.6621583234367718f,-0.25191302025463863f,-0.15167671594745014f,0.9557897279556746f,0.005475893130450382f,0f,0f,0f,1f], start_interpolation: 0, interpolation_duration: 1 }
$data merge entity $(bone_left_forearm) { transformation: [0.8772129433984038f,0.43322559047151477f,-0.20691312112796548f,0.40389958727316877f,-0.4440571968682831f,0.8959738360051946f,-0.006640113223379263f,0.35036095106023174f,0.18251207588483445f,0.09770605382853119f,0.9783367872064632f,0.012533905272899201f,0f,0f,0f,1f], start_interpolation: 0, interpolation_duration: 1 }
$data merge entity $(bone_left_arm) { transformation: [0.9643237918898325f,-0.1651259661600769f,-0.20691312112796548f,0.36261809573314957f,0.1673903885028255f,0.9858683313370269f,-0.006640113223379263f,0.5968280338944885f,0.20508554856958627f,-0.028232048569795276f,0.9783367872064632f,0.005475893130450382f,0f,0f,0f,1f], start_interpolation: 0, interpolation_duration: 1 }
$data merge entity $(bone_head) { transformation: [0.9999999714484258f,-0.00023026263731186492f,0.00006389260699665028f,0.05701300377362055f,0.00007940195826804108f,0.067997258778694f,-0.9976855048029476f,0.6788061328958295f,0.00022538517341174485f,0.9976854813906542f,0.06799727512056941f,0.043523482443495465f,0f,0f,0f,1f], start_interpolation: 0, interpolation_duration: 1 }
$data merge entity $(bone_torso) { transformation: [0.9945218953682733f,0.08292800548890254f,-0.06363289667090229f,4.592425496802574e-17f,-0.10452846326765346f,0.78900726768319f,-0.6054265702048514f,0.13636363636363635f,0f,0.6087614290087207f,0.7933533402912352f,-0.375f,0f,0f,0f,1f], start_interpolation: 0, interpolation_duration: 1 }
$data merge entity $(bone_upper_body) { transformation: [0.9945218953682733f,0.08292800548890254f,-0.06363289667090229f,4.592425496802574e-17f,-0.10452846326765346f,0.78900726768319f,-0.6054265702048514f,0.13636363636363635f,0f,0.6087614290087207f,0.7933533402912352f,-0.375f,0f,0f,0f,1f], start_interpolation: 0, interpolation_duration: 1 }
$data merge entity $(bone_right_lower_leg) { transformation: [1f,0f,0f,-0.12499999999999996f,0f,2.498001805406602e-16f,0.9999999999999999f,0.0682156613018609f,0f,-0.9999999999999999f,2.498001805406602e-16f,-0.0001887966063056079f,0f,0f,0f,1f], start_interpolation: 0, interpolation_duration: 1 }
$data merge entity $(bone_right_leg) { transformation: [1f,0f,0f,-0.12499999999999996f,0f,0.031727933498067906f,0.9994965423831851f,0.08011363636363636f,0f,-0.9994965423831851f,0.031727933498067906f,-0.375f,0f,0f,0f,1f], start_interpolation: 0, interpolation_duration: 1 }
$data merge entity $(bone_left_lower_leg) { transformation: [1f,0f,0f,0.12500000000000006f,0f,-0.007933231564909549f,0.9999685314233331f,0.06524257164455671f,0f,-0.9999685314233331f,-0.007933231564909549f,-0.0002949807727137266f,0f,0f,0f,1f], start_interpolation: 0, interpolation_duration: 1 }
$data merge entity $(bone_left_leg) { transformation: [1f,0f,0f,0.12500000000000006f,0f,0.03965617258421239f,0.9992133846060967f,0.08011363636363636f,0f,-0.9992133846060967f,0.03965617258421239f,-0.375f,0f,0f,0f,1f], start_interpolation: 0, interpolation_duration: 1 }