# This file was generated by Animated Java via MC-Build. It is not recommended to edit this file directly.
$data merge entity $(bone_right_forearm) { transformation: [0.9069400431355368f,0.4206841205214219f,0.022014288506065474f,-0.37767677240556724f,-0.4182107211477324f,0.892869442216581f,0.1669848851631337f,1.3340190498449345f,0.05059200405601793f,-0.16065189042451095f,0.9857136598569722f,-0.09369702239440579f,0f,0f,0f,1f], start_interpolation: 0, interpolation_duration: 1 }
$data merge entity $(bone_right_arm) { transformation: [-0.9651669205491131f,0.26070708962226924f,0.022014288506065474f,-0.31249999999999994f,-0.25355741553654926f,-0.9527983444325883f,0.1669848851631337f,1.0958194637367873f,0.06450932106422995f,0.15558640129267504f,0.9857136598569722f,-0.05480042207123703f,0f,0f,0f,1f], start_interpolation: 0, interpolation_duration: 1 }
$data merge entity $(bone_left_forearm) { transformation: [0.7639908943076243f,-0.6450731032562346f,0.014092724023695491f,0.289948555828357f,0.6216953859183325f,0.741797109833612f,0.25145952948805916f,1.3368780744664859f,-0.17266372098067487f,-0.18335140931520466f,0.9677652092110129f,-0.11710755295399315f,0f,0f,0f,1f], start_interpolation: 0, interpolation_duration: 1 }
$data merge entity $(bone_left_arm) { transformation: [-0.995823434641887f,0.09020577668657219f,0.014092724023695491f,0.31250000000000006f,-0.08378570354616664f,-0.9642344429187947f,0.25145952948805916f,1.0958194637367873f,0.03627179206090671f,0.24922852353102448f,0.9677652092110129f,-0.05480042207123703f,0f,0f,0f,1f], start_interpolation: 0, interpolation_duration: 1 }
$data merge entity $(bone_head) { transformation: [1f,0f,0f,3.9545886222466614e-17f,0f,0.3237207894948588f,-0.9461526570531973f,1.152276410110466f,0f,0.9461526570531973f,0.3237207894948588f,-0.027988797611694094f,0f,0f,0f,1f], start_interpolation: 0, interpolation_duration: 1 }
$data merge entity $(bone_torso) { transformation: [1f,0f,0f,3.9545886222466614e-17f,0f,0.9033111419788599f,-0.42898599135268745f,0.53125f,0f,0.42898599135268745f,0.9033111419788599f,-0.3229166666666667f,0f,0f,0f,1f], start_interpolation: 0, interpolation_duration: 1 }
$data merge entity $(bone_upper_body) { transformation: [1f,0f,0f,3.9545886222466614e-17f,0f,0.9033111419788599f,-0.42898599135268745f,0.53125f,0f,0.42898599135268745f,0.9033111419788599f,-0.3229166666666667f,0f,0f,0f,1f], start_interpolation: 0, interpolation_duration: 1 }
$data merge entity $(bone_right_lower_leg) { transformation: [1f,0f,0f,-0.12499999999999996f,0f,0.22353365309934758f,0.974696212125635f,0.1351345798612562f,0f,-0.974696212125635f,0.22353365309934758f,-0.1644348185139044f,0f,0f,0f,1f], start_interpolation: 0, interpolation_duration: 1 }
$data merge entity $(bone_right_leg) { transformation: [1f,0f,0f,-0.12499999999999996f,0f,0.90630778703665f,0.4226182617406994f,0.475f,0f,-0.4226182617406994f,0.90630778703665f,-0.3229166666666667f,0f,0f,0f,1f], start_interpolation: 0, interpolation_duration: 1 }
$data merge entity $(bone_left_lower_leg) { transformation: [1f,0f,0f,0.12500000000000003f,0f,0.23061587074244022f,0.9730448705798238f,0.1362960690721809f,0f,-0.9730448705798238f,0.23061587074244022f,-0.16196745985270583f,0f,0f,0f,1f], start_interpolation: 0, interpolation_duration: 1 }
$data merge entity $(bone_left_leg) { transformation: [1f,0f,0f,0.12500000000000003f,0f,0.9032104824741842f,0.4291978848372289f,0.475f,0f,-0.4291978848372289f,0.9032104824741842f,-0.3229166666666667f,0f,0f,0f,1f], start_interpolation: 0, interpolation_duration: 1 }