# This file was generated by Animated Java via MC-Build. It is not recommended to edit this file directly.
$data merge entity $(bone_right_forearm) { transformation: [0.9069400431355368f,0.4206841205214219f,0.022014288506065474f,-0.37767677240556724f,-0.4170494531171857f,0.8892788822675701f,0.18775735194020376f,1.3543042596191837f,0.05940969459580601f,-0.17946570784988108f,0.9819687102418152f,-0.10548726128803132f,0f,0f,0f,1f], start_interpolation: 0, interpolation_duration: 1 }
$data merge entity $(bone_right_arm) { transformation: [-0.9651669205491131f,0.26070708962226924f,0.022014288506065474f,-0.31249999999999994f,-0.25213903101126034f,-0.9493013672344023f,0.18775735194020376f,1.1169789178105831f,0.06984786695701516f,0.17566652381026082f,0.9819687102418152f,-0.061570630335466114f,0f,0f,0f,1f], start_interpolation: 0, interpolation_duration: 1 }
$data merge entity $(bone_left_forearm) { transformation: [0.7639908943076243f,-0.6450731032562346f,0.014092724023695491f,0.289948555828357f,0.6179116768116448f,0.7377610030551136f,0.27183425470483746f,1.3566684206642372f,-0.18575002846529554f,-0.1989708366230697f,0.962240891408517f,-0.12895293207369316f,0f,0f,0f,1f], start_interpolation: 0, interpolation_duration: 1 }
$data merge entity $(bone_left_arm) { transformation: [-0.995823434641887f,0.09020577668657219f,0.014092724023695491f,0.31250000000000006f,-0.08300128623917201f,-0.9587580114146161f,0.27183425470483746f,1.1169789178105831f,0.03803253213603861f,0.26952920695290816f,0.962240891408517f,-0.061570630335466114f,0f,0f,0f,1f], start_interpolation: 0, interpolation_duration: 1 }
$data merge entity $(bone_head) { transformation: [1f,0f,0f,3.890804934791071e-17f,0f,0.3573939986467471f,-0.933953708559096f,1.1739893095916414f,0f,0.933953708559096f,0.3573939986467471f,-0.03595686003567938f,0f,0f,0f,1f], start_interpolation: 0, interpolation_duration: 1 }
$data merge entity $(bone_torso) { transformation: [1f,0f,0f,3.890804934791071e-17f,0f,0.9121662684969333f,-0.4098203247965876f,0.5468749999999999f,0f,0.4098203247965876f,0.9121662684969333f,-0.31770833333333337f,0f,0f,0f,1f], start_interpolation: 0, interpolation_duration: 1 }
$data merge entity $(bone_upper_body) { transformation: [1f,0f,0f,3.890804934791071e-17f,0f,0.9121662684969333f,-0.4098203247965876f,0.5468749999999999f,0f,0.4098203247965876f,0.9121662684969333f,-0.31770833333333337f,0f,0f,0f,1f], start_interpolation: 0, interpolation_duration: 1 }
$data merge entity $(bone_right_lower_leg) { transformation: [1f,0f,0f,-0.12499999999999996f,0f,0.2412162127274744f,0.9704714002573255f,0.14417017530826737f,0f,-0.9704714002573255f,0.2412162127274744f,-0.17420204619642465f,0f,0f,0f,1f], start_interpolation: 0, interpolation_duration: 1 }
$data merge entity $(bone_right_leg) { transformation: [1f,0f,0f,-0.12499999999999996f,0f,0.9238795325112867f,0.38268343236508995f,0.49062499999999987f,0f,-0.38268343236508995f,0.9238795325112867f,-0.31770833333333337f,0f,0f,0f,1f], start_interpolation: 0, interpolation_duration: 1 }
$data merge entity $(bone_left_lower_leg) { transformation: [1f,0f,0f,0.12500000000000003f,0f,0.24474334395432396f,0.9695878998781161f,0.14469426802246904f,0f,-0.9695878998781161f,0.24474334395432396f,-0.17294325234523822f,0f,0f,0f,1f], start_interpolation: 0, interpolation_duration: 1 }
$data merge entity $(bone_left_leg) { transformation: [1f,0f,0f,0.12500000000000003f,0f,0.9224819519400822f,0.3860402159682538f,0.49062499999999987f,0f,-0.3860402159682538f,0.9224819519400822f,-0.31770833333333337f,0f,0f,0f,1f], start_interpolation: 0, interpolation_duration: 1 }