# This file was generated by Animated Java via MC-Build. It is not recommended to edit this file directly.
$data merge entity $(bone_right_forearm) { transformation: [0.9069400431355368f,0.4206841205214219f,0.022014288506065474f,-0.37767677240556724f,-0.41570229111484275f,0.885291938670952f,0.20844612849870348f,1.3742295690725166f,0.06820090409357604f,-0.19819953094128429f,0.9777860617821639f,-0.11737209476195541f,0f,0f,0f,1f], start_interpolation: 0, interpolation_duration: 1 }
$data merge entity $(bone_right_arm) { transformation: [-0.9651669205491131f,0.26070708962226924f,0.022014288506065474f,-0.31249999999999994f,-0.250608259032711f,-0.9453812522038376f,0.20844612849870348f,1.1378842560215572f,0.07515527913816722f,0.19566834542712946f,0.9777860617821639f,-0.06845500840517305f,0f,0f,0f,1f], start_interpolation: 0, interpolation_duration: 1 }
$data merge entity $(bone_left_forearm) { transformation: [0.7639908943076243f,-0.6450731032562346f,0.014092724023695491f,0.289948555828357f,0.6138525422009475f,0.7333960496085064f,0.29208781359733554f,1.3760978127492893f,-0.19875354046776283f,-0.21450157545810503f,0.956287668161375f,-0.14088244627851532f,0f,0f,0f,1f], start_interpolation: 0, interpolation_duration: 1 }
$data merge entity $(bone_left_arm) { transformation: [-0.995823434641887f,0.09020577668657219f,0.014092724023695491f,0.31250000000000006f,-0.0821798722675184f,-0.9528542269109286f,0.29208781359733554f,1.1378842560215572f,0.03977631974089779f,0.289709751493369f,0.956287668161375f,-0.06845500840517305f,0f,0f,0f,1f], start_interpolation: 0, interpolation_duration: 1 }
$data merge entity $(bone_head) { transformation: [1f,0f,0f,3.827021247335479e-17f,0f,0.39643354490977467f,-0.918063420723356f,1.1954226816237128f,0f,0.918063420723356f,0.39643354490977467f,-0.04405050924569037f,0f,0f,0f,1f], start_interpolation: 0, interpolation_duration: 1 }
$data merge entity $(bone_torso) { transformation: [1f,0f,0f,3.827021247335479e-17f,0f,0.9206148096344915f,-0.3904719865517231f,0.5625f,0f,0.3904719865517231f,0.9206148096344915f,-0.3125f,0f,0f,0f,1f], start_interpolation: 0, interpolation_duration: 1 }
$data merge entity $(bone_upper_body) { transformation: [1f,0f,0f,3.827021247335479e-17f,0f,0.9206148096344915f,-0.3904719865517231f,0.5625f,0f,0.3904719865517231f,0.9206148096344915f,-0.3125f,0f,0f,0f,1f], start_interpolation: 0, interpolation_duration: 1 }
$data merge entity $(bone_right_lower_leg) { transformation: [1f,0f,0f,-0.12499999999999996f,0f,0.25881904510252096f,0.9659258262890682f,0.15386526720528432f,0f,-0.9659258262890682f,0.25881904510252096f,-0.18424244625287423f,0f,0f,0f,1f], start_interpolation: 0, interpolation_duration: 1 }
$data merge entity $(bone_right_leg) { transformation: [1f,0f,0f,-0.12499999999999996f,0f,0.9396926207859084f,0.3420201433256687f,0.50625f,0f,-0.3420201433256687f,0.9396926207859084f,-0.3125f,0f,0f,0f,1f], start_interpolation: 0, interpolation_duration: 1 }
$data merge entity $(bone_left_lower_leg) { transformation: [1f,0f,0f,0.12500000000000003f,0f,0.25881904510252096f,0.9659258262890682f,0.15386526720528432f,0f,-0.9659258262890682f,0.25881904510252096f,-0.18424244625287423f,0f,0f,0f,1f], start_interpolation: 0, interpolation_duration: 1 }
$data merge entity $(bone_left_leg) { transformation: [1f,0f,0f,0.12500000000000003f,0f,0.9396926207859084f,0.3420201433256687f,0.50625f,0f,-0.3420201433256687f,0.9396926207859084f,-0.3125f,0f,0f,0f,1f], start_interpolation: 0, interpolation_duration: 1 }