# This file was generated by Animated Java via MC-Build. It is not recommended to edit this file directly.
$data merge entity $(bone_right_forearm) { transformation: [0.9069400431355368f,0.4206841205214219f,0.022014288506065474f,-0.37767677240556724f,-0.41416983561935994f,0.8809103885511779f,0.22904199310529288f,1.3880364824546567f,0.0769617139904179f,-0.2168450093585979f,0.9731675788351801f,-0.12468381605639269f,0f,0f,0f,1f], start_interpolation: 0, interpolation_duration: 1 }
$data merge entity $(bone_right_arm) { transformation: [-0.9651669205491131f,0.26070708962226924f,0.022014288506065474f,-0.31249999999999994f,-0.24896578192114133f,-0.941039746677445f,0.22904199310529288f,1.1527765457852954f,0.08042919190279675f,0.21558295061051652f,0.9731675788351801f,-0.07078807840376355f,0f,0f,0f,1f], start_interpolation: 0, interpolation_duration: 1 }
$data merge entity $(bone_left_forearm) { transformation: [0.7639908943076243f,-0.6450731032562346f,0.014092724023695491f,0.289948555828357f,0.6095197913888286f,0.7287041951108549f,0.31221117842441254f,1.38940797601961f,-0.21166846085412802f,-0.22993670321028079f,0.9499081930357436f,-0.14822836889286214f,0f,0f,0f,1f], start_interpolation: 0, interpolation_duration: 1 }
$data merge entity $(bone_left_arm) { transformation: [-0.995823434641887f,0.09020577668657219f,0.014092724023695491f,0.31250000000000006f,-0.0813218277650169f,-0.9465257209372586f,0.31221117842441254f,1.1527765457852954f,0.041502377606502286f,0.30976116195639436f,0.9499081930357436f,-0.07078807840376355f,0f,0f,0f,1f], start_interpolation: 0, interpolation_duration: 1 }
$data merge entity $(bone_head) { transformation: [1f,0f,0f,3.7061679447880435e-17f,0f,0.44111573676658566f,-0.8974502252364039f,1.2108173582585617f,0f,0.8974502252364039f,0.44111573676658566f,-0.047603728349403074f,0f,0f,0f,1f], start_interpolation: 0, interpolation_duration: 1 }
$data merge entity $(bone_torso) { transformation: [1f,0f,0f,3.7061679447880435e-17f,0f,0.9286529995722621f,-0.37094960086976786f,0.5723684210526315f,0f,0.37094960086976786f,0.9286529995722621f,-0.3026315789473685f,0f,0f,0f,1f], start_interpolation: 0, interpolation_duration: 1 }
$data merge entity $(bone_upper_body) { transformation: [1f,0f,0f,3.7061679447880435e-17f,0f,0.9286529995722621f,-0.37094960086976786f,0.5723684210526315f,0f,0.37094960086976786f,0.9286529995722621f,-0.3026315789473685f,0f,0f,0f,1f], start_interpolation: 0, interpolation_duration: 1 }
$data merge entity $(bone_right_lower_leg) { transformation: [1f,0f,0f,-0.12499999999999996f,0f,0.30353884058926023f,0.9528190658533904f,0.1614369554148935f,0f,-0.9528190658533904f,0.30353884058926023f,-0.18086927799561214f,0f,0f,0f,1f], start_interpolation: 0, interpolation_duration: 1 }
$data merge entity $(bone_right_leg) { transformation: [1f,0f,0f,-0.12499999999999996f,0f,0.9458172417006346f,0.3246994692046835f,0.5161184210526315f,0f,-0.3246994692046835f,0.9458172417006346f,-0.3026315789473685f,0f,0f,0f,1f], start_interpolation: 0, interpolation_duration: 1 }
$data merge entity $(bone_left_lower_leg) { transformation: [1f,0f,0f,0.12500000000000003f,0f,0.30353884058926023f,0.9528190658533904f,0.1614369554148935f,0f,-0.9528190658533904f,0.30353884058926023f,-0.18086927799561214f,0f,0f,0f,1f], start_interpolation: 0, interpolation_duration: 1 }
$data merge entity $(bone_left_leg) { transformation: [1f,0f,0f,0.12500000000000003f,0f,0.9458172417006346f,0.3246994692046835f,0.5161184210526315f,0f,-0.3246994692046835f,0.9458172417006346f,-0.3026315789473685f,0f,0f,0f,1f], start_interpolation: 0, interpolation_duration: 1 }