# This file was generated by Animated Java via MC-Build. It is not recommended to edit this file directly.
$data merge entity $(bone_right_forearm) { transformation: [0.9069400431355368f,0.4206841205214219f,0.022014288506065474f,-0.37767677240556724f,-0.4124527697013819f,0.8761361849230483f,0.24953576544083844f,1.4014798231849976f,0.08568821927761938f,-0.23539383214010512f,0.9681153200251644f,-0.13207485508202188f,0f,0f,0f,1f], start_interpolation: 0, interpolation_duration: 1 }
$data merge entity $(bone_right_arm) { transformation: [-0.9651669205491131f,0.26070708962226924f,0.022014288506065474f,-0.31249999999999994f,-0.24721233178779511f,-0.9362787858207066f,0.24953576544083844f,1.167410126729821f,0.08566725447791192f,0.23540146270316603f,0.9681153200251644f,-0.07322448940623039f,0f,0f,0f,1f], start_interpolation: 0, interpolation_duration: 1 }
$data merge entity $(bone_left_forearm) { transformation: [0.7639908943076243f,-0.6450731032562346f,0.014092724023695491f,0.289948555828357f,0.6049153556384782f,0.7236875308908045f,0.33219537947711575f,1.4023539553140207f,-0.22448903297891903f,-0.24526933988687336f,0.9431053095936036f,-0.15564311458265156f,0f,0f,0f,1f], start_interpolation: 0, interpolation_duration: 1 }
$data merge entity $(bone_left_arm) { transformation: [-0.995823434641887f,0.09020577668657219f,0.014092724023695491f,0.31250000000000006f,-0.08042753519302633f,-0.9397753143367995f,0.33219537947711575f,1.167410126729821f,0.04320993636665399f,0.32967450070568477f,0.9431053095936036f,-0.07322448940623039f,0f,0f,0f,1f], start_interpolation: 0, interpolation_duration: 1 }
$data merge entity $(bone_head) { transformation: [1f,0f,0f,3.585314642240606e-17f,0f,-0.30730910210862694f,-0.9516097497194895f,1.2259274551922767f,0f,0.9516097497194895f,-0.30730910210862694f,-0.05127062255737974f,0f,0f,0f,1f], start_interpolation: 0, interpolation_duration: 1 }
$data merge entity $(bone_torso) { transformation: [1f,0f,0f,3.585314642240606e-17f,0f,0.9362772553992924f,-0.3512618695816103f,0.5822368421052632f,0f,0.3512618695816103f,0.9362772553992924f,-0.29276315789473684f,0f,0f,0f,1f], start_interpolation: 0, interpolation_duration: 1 }
$data merge entity $(bone_upper_body) { transformation: [1f,0f,0f,3.585314642240606e-17f,0f,0.9362772553992924f,-0.3512618695816103f,0.5822368421052632f,0f,0.3512618695816103f,0.9362772553992924f,-0.29276315789473684f,0f,0f,0f,1f], start_interpolation: 0, interpolation_duration: 1 }
$data merge entity $(bone_right_lower_leg) { transformation: [1f,0f,0f,-0.12499999999999996f,0f,0.347599456779221f,0.9376431184874074f,0.1691283545541662f,0f,-0.9376431184874074f,0.347599456779221f,-0.17753720655241303f,0f,0f,0f,1f], start_interpolation: 0, interpolation_duration: 1 }
$data merge entity $(bone_right_leg) { transformation: [1f,0f,0f,-0.12499999999999996f,0f,0.9516226334695919f,0.30726920357953014f,0.5259868421052631f,0f,-0.30726920357953014f,0.9516226334695919f,-0.29276315789473684f,0f,0f,0f,1f], start_interpolation: 0, interpolation_duration: 1 }
$data merge entity $(bone_left_lower_leg) { transformation: [1f,0f,0f,0.12500000000000003f,0f,0.347599456779221f,0.9376431184874074f,0.1691283545541662f,0f,-0.9376431184874074f,0.347599456779221f,-0.17753720655241303f,0f,0f,0f,1f], start_interpolation: 0, interpolation_duration: 1 }
$data merge entity $(bone_left_leg) { transformation: [1f,0f,0f,0.12500000000000003f,0f,0.9516226334695919f,0.30726920357953014f,0.5259868421052631f,0f,-0.30726920357953014f,0.9516226334695919f,-0.29276315789473684f,0f,0f,0f,1f], start_interpolation: 0, interpolation_duration: 1 }