# This file was generated by Animated Java via MC-Build. It is not recommended to edit this file directly.
$data merge entity $(bone_right_forearm) { transformation: [0.9069400431355368f,0.4206841205214219f,0.022014288506065474f,-0.37767677240556724f,-0.4105518587190714f,0.8709714558211831f,0.2699183106924101f,1.4145579977929978f,0.0943765302372691f,-0.25383773140698873f,0.9626315373259529f,-0.13953751867545167f,0f,0f,0f,1f], start_interpolation: 0, interpolation_duration: 1 }
$data merge entity $(bone_right_arm) { transformation: [-0.9651669205491131f,0.26070708962226924f,0.022014288506065474f,-0.31249999999999994f,-0.24534869020859154f,-0.9311004917654616f,0.2699183106924101f,1.1817828748516324f,0.09086713207024197f,0.255115047879975f,0.9626315373259529f,-0.0757587567054579f,0f,0f,0f,1f], start_interpolation: 0, interpolation_duration: 1 }
$data merge entity $(bone_left_forearm) { transformation: [0.7639908943076243f,-0.6450731032562346f,0.014092724023695491f,0.289948555828357f,0.6000412873128549f,0.7183482930563995f,0.3520315090768008f,1.414934378853897f,-0.23720954225108365f,-0.2604926511791244f,0.9358820501252827f,-0.16311897961757754f,0f,0f,0f,1f], start_interpolation: 0, interpolation_duration: 1 }
$data merge entity $(bone_left_arm) { transformation: [-0.995823434641887f,0.09020577668657219f,0.014092724023695491f,0.31250000000000006f,-0.07949739316997655f,-0.932606016009059f,0.3520315090768008f,1.1817828748516324f,0.044898234900872705f,0.3494408916484785f,0.9358820501252827f,-0.0757587567054579f,0f,0f,0f,1f], start_interpolation: 0, interpolation_duration: 1 }
$data merge entity $(bone_head) { transformation: [1f,0f,0f,3.46446133969317e-17f,0f,0.5474742571290077f,-0.8368225246616161f,1.240750636021006f,0f,0.8368225246616161f,0.5474742571290077f,-0.05504515869179316f,0f,0f,0f,1f], start_interpolation: 0, interpolation_duration: 1 }
$data merge entity $(bone_torso) { transformation: [1f,0f,0f,3.46446133969317e-17f,0f,0.9434841787099802f,-0.33141756821863577f,0.5921052631578947f,0f,0.33141756821863577f,0.9434841787099802f,-0.28289473684210525f,0f,0f,0f,1f], start_interpolation: 0, interpolation_duration: 1 }
$data merge entity $(bone_upper_body) { transformation: [1f,0f,0f,3.46446133969317e-17f,0f,0.9434841787099802f,-0.33141756821863577f,0.5921052631578947f,0f,0.33141756821863577f,0.9434841787099802f,-0.28289473684210525f,0f,0f,0f,1f], start_interpolation: 0, interpolation_duration: 1 }
$data merge entity $(bone_right_lower_leg) { transformation: [1f,0f,0f,-0.12499999999999997f,0f,0.390905209555208f,0.9204309409959006f,0.17694019940442685f,0f,-0.9204309409959006f,0.390905209555208f,-0.17424402579590859f,0f,0f,0f,1f], start_interpolation: 0, interpolation_duration: 1 }
$data merge entity $(bone_right_leg) { transformation: [1f,0f,0f,-0.12499999999999997f,0f,0.9571068366759142f,0.28973522945652447f,0.5358552631578947f,0f,-0.28973522945652447f,0.9571068366759142f,-0.28289473684210525f,0f,0f,0f,1f], start_interpolation: 0, interpolation_duration: 1 }
$data merge entity $(bone_left_lower_leg) { transformation: [1f,0f,0f,0.12500000000000003f,0f,0.390905209555208f,0.9204309409959006f,0.17694019940442685f,0f,-0.9204309409959006f,0.390905209555208f,-0.17424402579590859f,0f,0f,0f,1f], start_interpolation: 0, interpolation_duration: 1 }
$data merge entity $(bone_left_leg) { transformation: [1f,0f,0f,0.12500000000000003f,0f,0.9571068366759142f,0.28973522945652447f,0.5358552631578947f,0f,-0.28973522945652447f,0.9571068366759142f,-0.28289473684210525f,0f,0f,0f,1f], start_interpolation: 0, interpolation_duration: 1 }