# This file was generated by Animated Java via MC-Build. It is not recommended to edit this file directly.
$data merge entity $(bone_right_forearm) { transformation: [0.9069400431355368f,0.4206841205214219f,0.022014288506065474f,-0.37767677240556724f,-0.4084679499769627f,0.8654185033514812f,0.2901805436249989f,1.4272695755758178f,0.10302277417604386f,-0.272168486048624f,0.9567186750571308f,-0.14706408174763985f,0f,0f,0f,1f], start_interpolation: 0, interpolation_duration: 1 }
$data merge entity $(bone_right_arm) { transformation: [-0.9651669205491131f,0.26070708962226924f,0.022014288506065474f,-0.31249999999999994f,-0.24337568787574837f,-0.9255071726639976f,0.2901805436249989f,1.1958927824098184f,0.09602650690693958f,0.27471491908554885f,0.9567186750571308f,-0.07838535197625263f,0f,0f,0f,1f], start_interpolation: 0, interpolation_duration: 1 }
$data merge entity $(bone_left_forearm) { transformation: [0.7639908943076243f,-0.6450731032562346f,0.014092724023695491f,0.289948555828357f,0.594899758959874f,0.7126888614983697f,0.3717107255456077f,1.4271480378019896f,-0.24982431868118976f,-0.27559985150854005f,0.9282416342978533f,-0.17064823302423965f,0f,0f,0f,1f], start_interpolation: 0, interpolation_duration: 1 }
$data merge entity $(bone_left_arm) { transformation: [-0.995823434641887f,0.09020577668657219f,0.014092724023695491f,0.31250000000000006f,-0.07853181629368967f,-0.9250210215686846f,0.3717107255456077f,1.1958927824098184f,0.04656652067365514f,0.3690515241919481f,0.9282416342978533f,-0.07838535197625263f,0f,0f,0f,1f], start_interpolation: 0, interpolation_duration: 1 }
$data merge entity $(bone_head) { transformation: [1f,0f,0f,3.343608037145735e-17f,0f,-0.28688104498634703f,-0.9579662134060581f,1.2552846922297476f,0f,0.9579662134060581f,-0.28688104498634703f,-0.05892125559493053f,0f,0f,0f,1f], start_interpolation: 0, interpolation_duration: 1 }
$data merge entity $(bone_torso) { transformation: [1f,0f,0f,3.343608037145735e-17f,0f,0.9502705571188673f,-0.31142554210115375f,0.6019736842105263f,0f,0.31142554210115375f,0.9502705571188673f,-0.27302631578947373f,0f,0f,0f,1f], start_interpolation: 0, interpolation_duration: 1 }
$data merge entity $(bone_upper_body) { transformation: [1f,0f,0f,3.343608037145735e-17f,0f,0.9502705571188673f,-0.31142554210115375f,0.6019736842105263f,0f,0.31142554210115375f,0.9502705571188673f,-0.27302631578947373f,0f,0f,0f,1f], start_interpolation: 0, interpolation_duration: 1 }
$data merge entity $(bone_right_lower_leg) { transformation: [1f,0f,0f,-0.12499999999999997f,0f,0.4333620540971062f,0.9012199121572586f,0.18487318409455739f,0f,-0.9012199121572586f,0.4333620540971062f,-0.1709875164724731f,0f,0f,0f,1f], start_interpolation: 0, interpolation_duration: 1 }
$data merge entity $(bone_right_leg) { transformation: [1f,0f,0f,-0.12499999999999997f,0f,0.9622680003092504f,0.27210346484533504f,0.5457236842105263f,0f,-0.27210346484533504f,0.9622680003092504f,-0.27302631578947373f,0f,0f,0f,1f], start_interpolation: 0, interpolation_duration: 1 }
$data merge entity $(bone_left_lower_leg) { transformation: [1f,0f,0f,0.12500000000000003f,0f,0.4333620540971062f,0.9012199121572586f,0.18487318409455739f,0f,-0.9012199121572586f,0.4333620540971062f,-0.1709875164724731f,0f,0f,0f,1f], start_interpolation: 0, interpolation_duration: 1 }
$data merge entity $(bone_left_leg) { transformation: [1f,0f,0f,0.12500000000000003f,0f,0.9622680003092504f,0.27210346484533504f,0.5457236842105263f,0f,-0.27210346484533504f,0.9622680003092504f,-0.27302631578947373f,0f,0f,0f,1f], start_interpolation: 0, interpolation_duration: 1 }