# This file was generated by Animated Java via MC-Build. It is not recommended to edit this file directly.
$data merge entity $(bone_right_forearm) { transformation: [0.9069400431355368f,0.4206841205214219f,0.022014288506065474f,-0.37767677240556724f,-0.40620197234828626f,0.8594798026649877f,0.3103134326311319f,1.4396132892360352f,0.11162309715140796f,-0.29037792538702323f,0.9503793687945123f,-0.15464679072724336f,0f,0f,0f,1f], start_interpolation: 0, interpolation_duration: 1 }
$data merge entity $(bone_right_arm) { transformation: [-0.9651669205491131f,0.26070708962226924f,0.022014288506065474f,-0.31249999999999994f,-0.2412942042275128f,-0.9195013216602224f,0.3103134326311319f,1.2097379588209796f,0.10114307926869515f,0.29419233995090827f,0.9503793687945123f,-0.08109870573951627f,0f,0f,0f,1f], start_interpolation: 0, interpolation_duration: 1 }
$data merge entity $(bone_left_forearm) { transformation: [0.7639908943076243f,-0.6450731032562346f,0.014092724023695491f,0.289948555828357f,0.5894930623440237f,0.7067117588293276f,0.3912242571475135f,1.4389938868012453f,-0.2623277394087437f,-0.2905842070514672f,0.9201874677200119f,-0.17822312003211582f,0f,0f,0f,1f], start_interpolation: 0, interpolation_duration: 1 }
$data merge entity $(bone_left_arm) { transformation: [-0.995823434641887f,0.09020577668657219f,0.014092724023695491f,0.31250000000000006f,-0.07753123495657907f,-0.9170237119210629f,0.3912242571475135f,1.2097379588209796f,0.04821405006990706f,0.3884976571703982f,0.9201874677200119f,-0.08109870573951627f,0f,0f,0f,1f], start_interpolation: 0, interpolation_duration: 1 }
$data merge entity $(bone_head) { transformation: [1f,0f,0f,3.2227547345982975e-17f,0f,-0.27661718900696747f,-0.9609801926917555f,1.2695275441767615f,0f,0.9609801926917555f,-0.27661718900696747f,-0.0628927868397837f,0f,0f,0f,1f], start_interpolation: 0, interpolation_duration: 1 }
$data merge entity $(bone_torso) { transformation: [1f,0f,0f,3.2227547345982975e-17f,0f,0.9566333656925144f,-0.2912947023957213f,0.611842105263158f,0f,0.2912947023957213f,0.9566333656925144f,-0.2631578947368421f,0f,0f,0f,1f], start_interpolation: 0, interpolation_duration: 1 }
$data merge entity $(bone_upper_body) { transformation: [1f,0f,0f,3.2227547345982975e-17f,0f,0.9566333656925144f,-0.2912947023957213f,0.611842105263158f,0f,0.2912947023957213f,0.9566333656925144f,-0.2631578947368421f,0f,0f,0f,1f], start_interpolation: 0, interpolation_duration: 1 }
$data merge entity $(bone_right_lower_leg) { transformation: [1f,0f,0f,-0.12499999999999997f,0f,0.474877789114056f,0.8800517515499565f,0.1929279618667164f,0f,-0.8800517515499565f,0.474877789114056f,-0.16776544695125853f,0f,0f,0f,1f], start_interpolation: 0, interpolation_duration: 1 }
$data merge entity $(bone_right_leg) { transformation: [1f,0f,0f,-0.12499999999999997f,0f,0.9671043823905108f,0.25437986076155616f,0.5555921052631579f,0f,-0.25437986076155616f,0.9671043823905108f,-0.2631578947368421f,0f,0f,0f,1f], start_interpolation: 0, interpolation_duration: 1 }
$data merge entity $(bone_left_lower_leg) { transformation: [1f,0f,0f,0.12500000000000003f,0f,0.474877789114056f,0.8800517515499565f,0.1929279618667164f,0f,-0.8800517515499565f,0.474877789114056f,-0.16776544695125853f,0f,0f,0f,1f], start_interpolation: 0, interpolation_duration: 1 }
$data merge entity $(bone_left_leg) { transformation: [1f,0f,0f,0.12500000000000003f,0f,0.9671043823905108f,0.25437986076155616f,0.5555921052631579f,0f,-0.25437986076155616f,0.9671043823905108f,-0.2631578947368421f,0f,0f,0f,1f], start_interpolation: 0, interpolation_duration: 1 }