# This file was generated by Animated Java via MC-Build. It is not recommended to edit this file directly.
$data merge entity $(bone_right_forearm) { transformation: [0.9069400431355368f,0.4206841205214219f,0.022014288506065474f,-0.37767677240556724f,-0.4037549358609377f,0.8531580008546302f,0.3303080037565861f,1.4515880354465243f,0.12017366568945405f,-0.3084579328188018f,0.9436164441953684f,-0.1622778670166649f,0f,0f,0f,1f], start_interpolation: 0, interpolation_duration: 1 }
$data merge entity $(bone_right_arm) { transformation: [-0.9651669205491131f,0.26070708962226924f,0.022014288506065474f,-0.31249999999999994f,-0.23910516705616391f,-0.91308561577838f,0.3303080037565861f,1.2233166315019293f,0.10621456851480479f,0.3135386286876036f,0.9436164441953684f,-0.083893209844764f,0f,0f,0f,1f], start_interpolation: 0, interpolation_duration: 1 }
$data merge entity $(bone_left_forearm) { transformation: [0.7639908943076243f,-0.6450731032562346f,0.014092724023695491f,0.289948555828357f,0.5838236074248444f,0.7004196492593487f,0.41056340599821195f,1.4504710444407614f,-0.27471423120850147f,-0.3054390387406014f,0.911723140424076f,-0.18583586553014347f,0f,0f,0f,1f], start_interpolation: 0, interpolation_duration: 1 }
$data merge entity $(bone_left_arm) { transformation: [-0.995823434641887f,0.09020577668657219f,0.014092724023695491f,0.31250000000000006f,-0.07649609515380784f,-0.9086176517553286f,0.41056340599821195f,1.2233166315019293f,0.049840088726399265f,0.4077706227415179f,0.911723140424076f,-0.083893209844764f,0f,0f,0f,1f], start_interpolation: 0, interpolation_duration: 1 }
$data merge entity $(bone_head) { transformation: [1f,0f,0f,3.1019014320508615e-17f,0f,-0.2663216794983962f,-0.9638842062349364f,1.2834772420205431f,0f,0.9638842062349364f,-0.2663216794983962f,-0.06695358346081937f,0f,0f,0f,1f], start_interpolation: 0, interpolation_duration: 1 }
$data merge entity $(bone_torso) { transformation: [1f,0f,0f,3.1019014320508615e-17f,0f,0.9625697682978236f,-0.2710340221431144f,0.6217105263157895f,0f,0.2710340221431144f,0.9625697682978236f,-0.2532894736842105f,0f,0f,0f,1f], start_interpolation: 0, interpolation_duration: 1 }
$data merge entity $(bone_upper_body) { transformation: [1f,0f,0f,3.1019014320508615e-17f,0f,0.9625697682978236f,-0.2710340221431144f,0.6217105263157895f,0f,0.2710340221431144f,0.9625697682978236f,-0.2532894736842105f,0f,0f,0f,1f], start_interpolation: 0, interpolation_duration: 1 }
$data merge entity $(bone_right_lower_leg) { transformation: [1f,0f,0f,-0.12499999999999997f,0f,0.5153622570731327f,0.8569724289523475f,0.20110514485585934f,0f,-0.8569724289523475f,0.5153622570731327f,-0.16457557397740705f,0f,0f,0f,1f], start_interpolation: 0, interpolation_duration: 1 }
$data merge entity $(bone_right_leg) { transformation: [1f,0f,0f,-0.12499999999999997f,0f,0.9716143505598137f,0.23657039921814257f,0.5654605263157895f,0f,-0.23657039921814257f,0.9716143505598137f,-0.2532894736842105f,0f,0f,0f,1f], start_interpolation: 0, interpolation_duration: 1 }
$data merge entity $(bone_left_lower_leg) { transformation: [1f,0f,0f,0.12500000000000003f,0f,0.5153622570731327f,0.8569724289523475f,0.20110514485585934f,0f,-0.8569724289523475f,0.5153622570731327f,-0.16457557397740705f,0f,0f,0f,1f], start_interpolation: 0, interpolation_duration: 1 }
$data merge entity $(bone_left_leg) { transformation: [1f,0f,0f,0.12500000000000003f,0f,0.9716143505598137f,0.23657039921814257f,0.5654605263157895f,0f,-0.23657039921814257f,0.9716143505598137f,-0.2532894736842105f,0f,0f,0f,1f], start_interpolation: 0, interpolation_duration: 1 }