# This file was generated by Animated Java via MC-Build. It is not recommended to edit this file directly.
$data merge entity $(bone_right_forearm) { transformation: [0.9069400431355368f,0.4206841205214219f,0.022014288506065474f,-0.37767677240556724f,-0.4011279312472711f,0.8464559157753149f,0.35015534470040244f,1.4631928753422503f,0.12867066849362047f,-0.3264004494330402f,0.9364329157389301f,-0.16994951045925383f,0f,0f,0f,1f], start_interpolation: 0, interpolation_duration: 1 }
$data merge entity $(bone_right_arm) { transformation: [-0.9651669205491131f,0.26070708962226924f,0.022014288506065474f,-0.31249999999999994f,-0.23680955209446225f,-0.9062629147298056f,0.35015534470040244f,1.236627146659799f,0.1112387140997341f,0.33274516195750087f,0.9364329157389301f,-0.08676321996987862f,0f,0f,0f,1f], start_interpolation: 0, interpolation_duration: 1 }
$data merge entity $(bone_left_forearm) { transformation: [0.7639908943076243f,-0.6450731032562346f,0.014092724023695491f,0.289948555828357f,0.5778939212827217f,0.6938153374084373f,0.42971955194207345f,1.4615787936486622f,-0.2869782729746561f,-0.3201577252420875f,0.902852425265777f,-0.19347867753236622f,0f,0f,0f,1f], start_interpolation: 0, interpolation_duration: 1 }
$data merge entity $(bone_left_arm) { transformation: [-0.995823434641887f,0.09020577668657219f,0.014092724023695491f,0.31250000000000006f,-0.07542685828449269f,-0.8998065879554535f,0.42971955194207345f,1.236627146659799f,0.051443911859099814f,0.4268618302499504f,0.902852425265777f,-0.08676321996987862f,0f,0f,0f,1f], start_interpolation: 0, interpolation_duration: 1 }
$data merge entity $(bone_head) { transformation: [1f,0f,0f,2.9810481295034255e-17f,0f,-0.2559956945841329f,-0.966677921726977f,1.2971319665889367f,0f,0.966677921726977f,-0.2559956945841329f,-0.0710974367037086f,0f,0f,0f,1f], start_interpolation: 0, interpolation_duration: 1 }
$data merge entity $(bone_torso) { transformation: [1f,0f,0f,2.9810481295034255e-17f,0f,0.9680771188662043f,-0.2506525322587205f,0.6315789473684211f,0f,0.2506525322587205f,0.9680771188662043f,-0.24342105263157893f,0f,0f,0f,1f], start_interpolation: 0, interpolation_duration: 1 }
$data merge entity $(bone_upper_body) { transformation: [1f,0f,0f,2.9810481295034255e-17f,0f,0.9680771188662043f,-0.2506525322587205f,0.6315789473684211f,0f,0.2506525322587205f,0.9680771188662043f,-0.24342105263157893f,0f,0f,0f,1f], start_interpolation: 0, interpolation_duration: 1 }
$data merge entity $(bone_right_lower_leg) { transformation: [1f,0f,0f,-0.12499999999999997f,0f,0.5547275399897147f,0.8320320645125159f,0.20940530388313272f,0f,-0.8320320645125159f,0.5547275399897147f,-0.16141564342918815f,0f,0f,0f,1f], start_interpolation: 0, interpolation_duration: 1 }
$data merge entity $(bone_right_leg) { transformation: [1f,0f,0f,-0.12499999999999997f,0f,0.9757963826274357f,0.21868109120637538f,0.5753289473684211f,0f,-0.21868109120637538f,0.9757963826274357f,-0.24342105263157893f,0f,0f,0f,1f], start_interpolation: 0, interpolation_duration: 1 }
$data merge entity $(bone_left_lower_leg) { transformation: [1f,0f,0f,0.12500000000000003f,0f,0.5547275399897147f,0.8320320645125159f,0.20940530388313272f,0f,-0.8320320645125159f,0.5547275399897147f,-0.16141564342918815f,0f,0f,0f,1f], start_interpolation: 0, interpolation_duration: 1 }
$data merge entity $(bone_left_leg) { transformation: [1f,0f,0f,0.12500000000000003f,0f,0.9757963826274357f,0.21868109120637538f,0.5753289473684211f,0f,-0.21868109120637538f,0.9757963826274357f,-0.24342105263157893f,0f,0f,0f,1f], start_interpolation: 0, interpolation_duration: 1 }