# This file was generated by Animated Java via MC-Build. It is not recommended to edit this file directly.
$data merge entity $(bone_right_forearm) { transformation: [-0.4048408707222415f,0.9133312146295675f,0.04393133023408232f,-0.2327301892497245f,-0.9143173763108077f,-0.40374896248857783f,-0.03178853040827706f,0.9178085159687258f,-0.011296228086326927f,-0.053036474926937194f,0.998528681389947f,0.012664524363309185f,0f,0f,0f,1f], start_interpolation: 0, interpolation_duration: 1 }
$data merge entity $(bone_right_arm) { transformation: [-0.9967143353493447f,-0.06804830587882091f,0.04393133023408232f,-0.24974226571942973f,0.06668496060951176f,-0.9972675695935319f,-0.03178853040827706f,0.6684916235703429f,0.045974446572214764f,-0.02875452493143521f,0.998528681389947f,0.005475893130450382f,0f,0f,0f,1f], start_interpolation: 0, interpolation_duration: 1 }
$data merge entity $(bone_left_forearm) { transformation: [0.8423839842315485f,0.48800254472568716f,-0.22856670678695967f,0.4146002261229902f,-0.5026260962598932f,0.8644777605450683f,-0.006723755016668165f,0.3463773880664178f,0.19430962526010603f,0.12054757510724701f,0.9735050342278873f,0.014108121042144567f,0f,0f,0f,1f], start_interpolation: 0, interpolation_duration: 1 }
$data merge entity $(bone_left_arm) { transformation: [0.9574861071878525f,-0.1760045882663746f,-0.22856670678695967f,0.37059907905639655f,0.17923351234856394f,0.9837835835028317f,-0.006723755016668165f,0.5923232839421257f,0.2260435856056289f,-0.03452891164677674f,0.9735050342278873f,0.005475893130450382f,0f,0f,0f,1f], start_interpolation: 0, interpolation_duration: 1 }
$data merge entity $(bone_head) { transformation: [0.9999999753378854f,-0.00021292143195641988f,0.00006315609353349516f,0.06647124733533173f,0.00007389024642492914f,0.05079659867844105f,-0.998709016732568f,0.6796224415561001f,0.00020943843921318595f,0.9987089967689113f,0.05079661315850664f,0.043523482443495465f,0f,0f,0f,1f], start_interpolation: 0, interpolation_duration: 1 }
$data merge entity $(bone_torso) { transformation: [0.992546151641322f,0.09668545066957336f,-0.07418935564367207f,4.592425496802574e-17f,-0.12186934340514748f,0.7874398047978537f,-0.6042238136302776f,0.13825757575757575f,0f,0.6087614290087207f,0.7933533402912352f,-0.375f,0f,0f,0f,1f], start_interpolation: 0, interpolation_duration: 1 }
$data merge entity $(bone_upper_body) { transformation: [0.992546151641322f,0.09668545066957336f,-0.07418935564367207f,4.592425496802574e-17f,-0.12186934340514748f,0.7874398047978537f,-0.6042238136302776f,0.13825757575757575f,0f,0.6087614290087207f,0.7933533402912352f,-0.375f,0f,0f,0f,1f], start_interpolation: 0, interpolation_duration: 1 }
$data merge entity $(bone_right_lower_leg) { transformation: [1f,0f,0f,-0.12499999999999996f,0f,2.7755575615628914e-16f,0.9999999999999999f,0.06812744616994137f,0f,-0.9999999999999999f,2.7755575615628914e-16f,-0.00025696537142888554f,0f,0f,0f,1f], start_interpolation: 0, interpolation_duration: 1 }
$data merge entity $(bone_right_leg) { transformation: [1f,0f,0f,-0.12499999999999996f,0f,0.03701367890035834f,0.9993147590095229f,0.08200757575757575f,0f,-0.9993147590095229f,0.03701367890035834f,-0.375f,0f,0f,0f,1f], start_interpolation: 0, interpolation_duration: 1 }
$data merge entity $(bone_left_lower_leg) { transformation: [1f,0f,0f,0.12500000000000006f,0f,-0.009255401766913543f,0.9999571678517699f,0.06465964334086953f,0f,-0.9999571678517699f,-0.009255401766913543f,-0.00040148259654659846f,0f,0f,0f,1f], start_interpolation: 0, interpolation_duration: 1 }
$data merge entity $(bone_left_leg) { transformation: [1f,0f,0f,0.12500000000000006f,0f,0.04626115311121659f,0.9989293797425424f,0.08200757575757575f,0f,-0.9989293797425424f,0.04626115311121659f,-0.375f,0f,0f,0f,1f], start_interpolation: 0, interpolation_duration: 1 }