# This file was generated by Animated Java via MC-Build. It is not recommended to edit this file directly.
$data merge entity $(bone_right_forearm) { transformation: [0.9069400431355368f,0.4206841205214219f,0.022014288506065474f,-0.37767677240556724f,-0.39832212945792034f,0.8393765347879059f,0.36984660878742026f,1.4744270349387536f,0.13711031814352387f,-0.34419747760343194f,0.928831985382726f,-0.17765390281611737f,0f,0f,0f,1f], start_interpolation: 0, interpolation_duration: 1 }
$data merge entity $(bone_right_arm) { transformation: [-0.9651669205491131f,0.26070708962226924f,0.022014288506065474f,-0.31249999999999994f,-0.23440838258073066f,-0.8990362596382478f,0.36984660878742026f,1.2496679700291917f,0.1162132765807247f,0.3518033787165146f,0.928831985382726f,-0.0897030581369887f,0f,0f,0f,1f], start_interpolation: 0, interpolation_duration: 1 }
$data merge entity $(bone_left_forearm) { transformation: [0.7639908943076243f,-0.6450731032562346f,0.014092724023695491f,0.289948555828357f,0.5717066469924761f,0.6869017670564057f,0.4486841563944598f,1.4723165820117232f,-0.29911439818179447f,-0.3347337059068879f,0.8935792762425636f,-0.20114375065110346f,0f,0f,0f,1f], start_interpolation: 0, interpolation_duration: 1 }
$data merge entity $(bone_left_arm) { transformation: [-0.995823434641887f,0.09020577668657219f,0.014092724023695491f,0.31250000000000006f,-0.0743240009460418f,-0.8905944479301257f,0.4486841563944598f,1.2496679700291917f,0.05302480458623637f,0.445762770056459f,0.8935792762425636f,-0.0897030581369887f,0f,0f,0f,1f], start_interpolation: 0, interpolation_duration: 1 }
$data merge entity $(bone_head) { transformation: [1f,0f,0f,2.860194826955989e-17f,0f,0.8722710545361673f,-0.48902270644456053f,1.3104900301900055f,0f,0.48902270644456053f,0.8722710545361673f,-0.07531810079279283f,0f,0f,0f,1f], start_interpolation: 0, interpolation_duration: 1 }
$data merge entity $(bone_torso) { transformation: [1f,0f,0f,2.860194826955989e-17f,0f,0.9731529625730224f,-0.23015931750713384f,0.6414473684210527f,0f,0.23015931750713384f,0.9731529625730224f,-0.23355263157894735f,0f,0f,0f,1f], start_interpolation: 0, interpolation_duration: 1 }
$data merge entity $(bone_upper_body) { transformation: [1f,0f,0f,2.860194826955989e-17f,0f,0.9731529625730224f,-0.23015931750713384f,0.6414473684210527f,0f,0.23015931750713384f,0.9731529625730224f,-0.23355263157894735f,0f,0f,0f,1f], start_interpolation: 0, interpolation_duration: 1 }
$data merge entity $(bone_right_lower_leg) { transformation: [1f,0f,0f,-0.12499999999999997f,0f,0.5928881503543255f,0.805284819904999f,0.2178289682632124f,0f,-0.805284819904999f,0.5928881503543255f,-0.15828339107880024f,0f,0f,0f,1f], start_interpolation: 0, interpolation_duration: 1 }
$data merge entity $(bone_right_leg) { transformation: [1f,0f,0f,-0.12499999999999997f,0f,0.9796490670875739f,0.20071797466705896f,0.5851973684210526f,0f,-0.20071797466705896f,0.9796490670875739f,-0.23355263157894735f,0f,0f,0f,1f], start_interpolation: 0, interpolation_duration: 1 }
$data merge entity $(bone_left_lower_leg) { transformation: [1f,0f,0f,0.12500000000000003f,0f,0.5928881503543255f,0.805284819904999f,0.2178289682632124f,0f,-0.805284819904999f,0.5928881503543255f,-0.15828339107880024f,0f,0f,0f,1f], start_interpolation: 0, interpolation_duration: 1 }
$data merge entity $(bone_left_leg) { transformation: [1f,0f,0f,0.12500000000000003f,0f,0.9796490670875739f,0.20071797466705896f,0.5851973684210526f,0f,-0.20071797466705896f,0.9796490670875739f,-0.23355263157894735f,0f,0f,0f,1f], start_interpolation: 0, interpolation_duration: 1 }