# This file was generated by Animated Java via MC-Build. It is not recommended to edit this file directly.
$data merge entity $(bone_right_forearm) { transformation: [0.9069400431355368f,0.4206841205214219f,0.022014288506065474f,-0.3776767724055673f,-0.39533878113986487f,0.8319230134276517f,0.38937301891155923f,1.485289905477144f,0.14548885278314858f,-0.361841084553113f,0.9208170411353551f,-0.18538321125099122f,0f,0f,0f,1f], start_interpolation: 0, interpolation_duration: 1 }
$data merge entity $(bone_right_arm) { transformation: [-0.9651669205491131f,0.26070708962226924f,0.022014288506065474f,-0.3125f,-0.23190272880276008f,-0.8914088716843312f,0.38937301891155923f,1.2624376875560612f,0.12113603861599456f,0.3707047840305734f,0.9208170411353551f,-0.09270701524334787f,0f,0f,0f,1f], start_interpolation: 0, interpolation_duration: 1 }
$data merge entity $(bone_left_forearm) { transformation: [0.7639908943076243f,-0.6450731032562346f,0.014092724023695491f,0.28994855582835694f,0.5652645424452495f,0.6796820198307266f,0.46744876614767844f,1.4826840220216018f,-0.3111171973215231f,-0.34916048369509883f,0.8839078267311614f,-0.20882326957609235f,0f,0f,0f,1f], start_interpolation: 0, interpolation_duration: 1 }
$data merge entity $(bone_left_arm) { transformation: [-0.995823434641887f,0.09020577668657219f,0.014092724023695491f,0.3125f,-0.07318801472171808f,-0.8809853378621617f,0.46744876614767844f,1.2624376875560612f,0.05458206224694476f,0.4644650173309779f,0.8839078267311614f,-0.09270701524334787f,0f,0f,0f,1f], start_interpolation: 0, interpolation_duration: 1 }
$data merge entity $(bone_head) { transformation: [1f,0f,0f,2.7393415244085537e-17f,0f,0.9289566490280274f,-0.3701885252497952f,1.3235498773642989f,0f,0.3701885252497952f,0.9289566490280274f,-0.07960929571505107f,0f,0f,0f,1f], start_interpolation: 0, interpolation_duration: 1 }
$data merge entity $(bone_torso) { transformation: [1f,0f,0f,2.7393415244085537e-17f,0f,0.9777950369318034f,-0.2095635124527487f,0.6513157894736842f,0f,0.2095635124527487f,0.9777950369318034f,-0.22368421052631582f,0f,0f,0f,1f], start_interpolation: 0, interpolation_duration: 1 }
$data merge entity $(bone_upper_body) { transformation: [1f,0f,0f,2.7393415244085537e-17f,0f,0.9777950369318034f,-0.2095635124527487f,0.6513157894736842f,0f,0.2095635124527487f,0.9777950369318034f,-0.22368421052631582f,0f,0f,0f,1f], start_interpolation: 0, interpolation_duration: 1 }
$data merge entity $(bone_right_lower_leg) { transformation: [1f,0f,0f,-0.12499999999999997f,0f,0.6297612167813617f,0.7767887807107274f,0.22637662562565103f,0f,-0.7767887807107274f,0.6297612167813617f,-0.15517654335658823f,0f,0f,0f,1f], start_interpolation: 0, interpolation_duration: 1 }
$data merge entity $(bone_right_leg) { transformation: [1f,0f,0f,-0.12499999999999997f,0f,0.983171103594755f,0.1826871124526069f,0.5950657894736842f,0f,-0.1826871124526069f,0.983171103594755f,-0.22368421052631582f,0f,0f,0f,1f], start_interpolation: 0, interpolation_duration: 1 }
$data merge entity $(bone_left_lower_leg) { transformation: [1f,0f,0f,0.12500000000000003f,0f,0.6297612167813617f,0.7767887807107274f,0.22637662562565103f,0f,-0.7767887807107274f,0.6297612167813617f,-0.15517654335658823f,0f,0f,0f,1f], start_interpolation: 0, interpolation_duration: 1 }
$data merge entity $(bone_left_leg) { transformation: [1f,0f,0f,0.12500000000000003f,0f,0.983171103594755f,0.1826871124526069f,0.5950657894736842f,0f,-0.1826871124526069f,0.983171103594755f,-0.22368421052631582f,0f,0f,0f,1f], start_interpolation: 0, interpolation_duration: 1 }