# This file was generated by Animated Java via MC-Build. It is not recommended to edit this file directly.
$data merge entity $(bone_right_forearm) { transformation: [0.9069400431355368f,0.4206841205214219f,0.022014288506065474f,-0.3776767724055673f,-0.39217921607897005f,0.8240986739976486f,0.4087258714480917f,1.4957810436954455f,0.15380253779764202f,-0.3793234058905872f,0.9123916555463283f,-0.19312959182161754f,0f,0f,0f,1f], start_interpolation: 0, interpolation_duration: 1 }
$data merge entity $(bone_right_arm) { transformation: [-0.9651669205491131f,0.26070708962226924f,0.022014288506065474f,-0.3125f,-0.22929370762074347f,-0.883384150669759f,0.4087258714480917f,1.2749350060280058f,0.1260048059530874f,0.3894409528621189f,0.9123916555463283f,-0.09576935360608782f,0f,0f,0f,1f], start_interpolation: 0, interpolation_duration: 1 }
$data merge entity $(bone_left_forearm) { transformation: [0.7639908943076243f,-0.6450731032562346f,0.014092724023695491f,0.28994855582835694f,0.558570479119213f,0.6721593138329393f,0.48600501713888267f,1.492680891247564f,-0.32298132031368254f,-0.3634316280719166f,0.8738423876451784f,-0.21650941255805403f,0f,0f,0f,1f], start_interpolation: 0, interpolation_duration: 1 }
$data merge entity $(bone_left_arm) { transformation: [-0.995823434641887f,0.09020577668657219f,0.014092724023695491f,0.3125f,-0.07201940596152288f,-0.8709835408782329f,0.48600501713888267f,1.2749350060280058f,0.056114990715361766f,0.48296023580786485f,0.8738423876451784f,-0.09576935360608782f,0f,0f,0f,1f], start_interpolation: 0, interpolation_duration: 1 }
$data merge entity $(bone_head) { transformation: [1f,0f,0f,2.6184882218611167e-17f,0f,-0.2177725691081563f,-0.9759995431064676f,1.3363100855781749f,0f,0.9759995431064676f,-0.2177725691081563f,-0.08396471001932818f,0f,0f,0f,1f], start_interpolation: 0, interpolation_duration: 1 }
$data merge entity $(bone_torso) { transformation: [1f,0f,0f,2.6184882218611167e-17f,0f,0.9820012728027042f,-0.18887429738815417f,0.6611842105263158f,0f,0.18887429738815417f,0.9820012728027042f,-0.21381578947368418f,0f,0f,0f,1f], start_interpolation: 0, interpolation_duration: 1 }
$data merge entity $(bone_upper_body) { transformation: [1f,0f,0f,2.6184882218611167e-17f,0f,0.9820012728027042f,-0.18887429738815417f,0.6611842105263158f,0f,0.18887429738815417f,0.9820012728027042f,-0.21381578947368418f,0f,0f,0f,1f], start_interpolation: 0, interpolation_duration: 1 }
$data merge entity $(bone_right_lower_leg) { transformation: [1f,0f,0f,-0.12499999999999997f,0f,0.6652666639765032f,0.7466058302756375f,0.2350487217502949f,0f,-0.7466058302756375f,0.6652666639765032f,-0.15209281811840897f,0f,0f,0f,1f], start_interpolation: 0, interpolation_duration: 1 }
$data merge entity $(bone_right_leg) { transformation: [1f,0f,0f,-0.12499999999999997f,0f,0.9863613034027223f,0.16459459028073392f,0.6049342105263158f,0f,-0.16459459028073392f,0.9863613034027223f,-0.21381578947368418f,0f,0f,0f,1f], start_interpolation: 0, interpolation_duration: 1 }
$data merge entity $(bone_left_lower_leg) { transformation: [1f,0f,0f,0.12500000000000003f,0f,0.6652666639765032f,0.7466058302756375f,0.2350487217502949f,0f,-0.7466058302756375f,0.6652666639765032f,-0.15209281811840897f,0f,0f,0f,1f], start_interpolation: 0, interpolation_duration: 1 }
$data merge entity $(bone_left_leg) { transformation: [1f,0f,0f,0.12500000000000003f,0f,0.9863613034027223f,0.16459459028073392f,0.6049342105263158f,0f,-0.16459459028073392f,0.9863613034027223f,-0.21381578947368418f,0f,0f,0f,1f], start_interpolation: 0, interpolation_duration: 1 }