# This file was generated by Animated Java via MC-Build. It is not recommended to edit this file directly.
$data merge entity $(bone_right_forearm) { transformation: [0.9069400431355368f,0.4206841205214219f,0.022014288506065474f,-0.3776767724055673f,-0.38884484260725527f,0.8159070040879713f,0.4278965401331613f,1.5059001720261749f,0.16204766747796612f,-0.3966366491151679f,0.9035595841136552f,-0.20088519297607182f,0f,0f,0f,1f], start_interpolation: 0, interpolation_duration: 1 }
$data merge entity $(bone_right_arm) { transformation: [-0.9651669205491131f,0.26070708962226924f,0.022014288506065474f,-0.3125f,-0.2265824819694514f,-0.8749656735019f,0.4278965401331613f,1.2871587536506999f,0.13081740840692968f,0.4080035338254473f,0.9035595841136552f,-0.09888430951971f,0f,0f,0f,1f], start_interpolation: 0, interpolation_duration: 1 }
$data merge entity $(bone_left_forearm) { transformation: [0.7639908943076243f,-0.6450731032562346f,0.014092724023695491f,0.28994855582835694f,0.5516274407996467f,0.6643370022042268f,0.5043446381782344f,1.5023071324356303f,-0.33470147889106966f,-0.37754077787395746f,0.8633874455135757f,-0.2241943548951283f,0f,0f,0f,1f], start_interpolation: 0, interpolation_duration: 1 }
$data merge entity $(bone_left_arm) { transformation: [-0.995823434641887f,0.09020577668657219f,0.014092724023695491f,0.3125f,-0.07081869555649753f,-0.8605935151397219f,0.5043446381782344f,1.2871587536506999f,0.05762290671002196f,0.5012401815016732f,0.8633874455135757f,-0.09888430951971f,0f,0f,0f,1f], start_interpolation: 0, interpolation_duration: 1 }
$data merge entity $(bone_head) { transformation: [1f,0f,0f,2.4976349193136807e-17f,0f,-0.20131836658002902f,-0.979525862485289f,1.348769365857875f,0f,0.979525862485289f,-0.20131836658002902f,-0.08837800362957575f,0f,0f,0f,1f], start_interpolation: 0, interpolation_duration: 1 }
$data merge entity $(bone_torso) { transformation: [1f,0f,0f,2.4976349193136807e-17f,0f,0.9857697953148038f,-0.1681008942421482f,0.6710526315789473f,0f,0.1681008942421482f,0.9857697953148038f,-0.20394736842105263f,0f,0f,0f,1f], start_interpolation: 0, interpolation_duration: 1 }
$data merge entity $(bone_upper_body) { transformation: [1f,0f,0f,2.4976349193136807e-17f,0f,0.9857697953148038f,-0.1681008942421482f,0.6710526315789473f,0f,0.1681008942421482f,0.9857697953148038f,-0.20394736842105263f,0f,0f,0f,1f], start_interpolation: 0, interpolation_duration: 1 }
$data merge entity $(bone_right_lower_leg) { transformation: [1f,0f,0f,-0.12499999999999997f,0f,0.6993273866320127f,0.7148015153218686f,0.2438456604168256f,0f,-0.7148015153218686f,0.6993273866320127f,-0.14902992541589455f,0f,0f,0f,1f], start_interpolation: 0, interpolation_duration: 1 }
$data merge entity $(bone_right_leg) { transformation: [1f,0f,0f,-0.12499999999999997f,0f,0.9892185897656579f,0.14644651468042155f,0.6148026315789473f,0f,-0.14644651468042155f,0.9892185897656579f,-0.20394736842105263f,0f,0f,0f,1f], start_interpolation: 0, interpolation_duration: 1 }
$data merge entity $(bone_left_lower_leg) { transformation: [1f,0f,0f,0.12500000000000003f,0f,0.6993273866320127f,0.7148015153218686f,0.2438456604168256f,0f,-0.7148015153218686f,0.6993273866320127f,-0.14902992541589455f,0f,0f,0f,1f], start_interpolation: 0, interpolation_duration: 1 }
$data merge entity $(bone_left_leg) { transformation: [1f,0f,0f,0.12500000000000003f,0f,0.9892185897656579f,0.14644651468042155f,0.6148026315789473f,0f,-0.14644651468042155f,0.9892185897656579f,-0.20394736842105263f,0f,0f,0f,1f], start_interpolation: 0, interpolation_duration: 1 }