# This file was generated by Animated Java via MC-Build. It is not recommended to edit this file directly.
$data merge entity $(bone_right_forearm) { transformation: [0.9069400431355368f,0.4206841205214219f,0.022014288506065474f,-0.3776767724055673f,-0.3853371469751481f,0.8073516550211282f,0.44687647990882073f,1.515647178720062f,0.17022056667266658f,-0.41377309709037774f,0.894324763609883f,-0.20864215905248343f,0f,0f,0f,1f], start_interpolation: 0, interpolation_duration: 1 }
$data merge entity $(bone_right_arm) { transformation: [-0.9651669205491131f,0.26070708962226924f,0.022014288506065474f,-0.3125f,-0.2237702603398697f,-0.8661571925994316f,0.44687647990882073f,1.299107880570204f,0.1355717008271607f,0.4263842529092248f,0.894324763609883f,-0.10204609582517722f,0f,0f,0f,1f], start_interpolation: 0, interpolation_duration: 1 }
$data merge entity $(bone_left_forearm) { transformation: [0.7639908943076243f,-0.6450731032562346f,0.014092724023695491f,0.28994855582835694f,0.5444385222489575f,0.6562185716307996f,0.5224594546356733f,1.5115628535340937f,-0.34627244895661013f,-0.39148164414465847f,0.8525476604808595f,-0.23187027242062586f,0f,0f,0f,1f], start_interpolation: 0, interpolation_duration: 1 }
$data merge entity $(bone_left_arm) { transformation: [-0.995823434641887f,0.09020577668657219f,0.014092724023695491f,0.3125f,-0.06958641870654332f,-0.8498198918555585f,0.5224594546356733f,1.299107880570204f,0.05910513809842097f,0.5192967063817946f,0.8525476604808595f,-0.10204609582517722f,0f,0f,0f,1f], start_interpolation: 0, interpolation_duration: 1 }
$data merge entity $(bone_head) { transformation: [1f,0f,0f,2.376781616766244e-17f,0f,0.9990665356748426f,0.04319788530320312f,1.3609265633640666f,0f,-0.04319788530320312f,0.9990665356748426f,-0.09284281067085284f,0f,0f,0f,1f], start_interpolation: 0, interpolation_duration: 1 }
$data merge entity $(bone_torso) { transformation: [1f,0f,0f,2.376781616766244e-17f,0f,0.9890989247018002f,-0.14725256246919002f,0.680921052631579f,0f,0.14725256246919002f,0.9890989247018002f,-0.194078947368421f,0f,0f,0f,1f], start_interpolation: 0, interpolation_duration: 1 }
$data merge entity $(bone_upper_body) { transformation: [1f,0f,0f,2.376781616766244e-17f,0f,0.9890989247018002f,-0.14725256246919002f,0.680921052631579f,0f,0.14725256246919002f,0.9890989247018002f,-0.194078947368421f,0f,0f,0f,1f], start_interpolation: 0, interpolation_duration: 1 }
$data merge entity $(bone_right_lower_leg) { transformation: [1f,0f,0f,-0.12499999999999997f,0f,0.7318694168722657f,0.6814449036034019f,0.25276780326847814f,0f,-0.6814449036034019f,0.7318694168722657f,-0.14598556826934733f,0f,0f,0f,1f], start_interpolation: 0, interpolation_duration: 1 }
$data merge entity $(bone_right_leg) { transformation: [1f,0f,0f,-0.12499999999999997f,0f,0.9917419983016023f,0.12824901093086308f,0.624671052631579f,0f,-0.12824901093086308f,0.9917419983016023f,-0.194078947368421f,0f,0f,0f,1f], start_interpolation: 0, interpolation_duration: 1 }
$data merge entity $(bone_left_lower_leg) { transformation: [1f,0f,0f,0.12500000000000003f,0f,0.7318694168722657f,0.6814449036034019f,0.25276780326847814f,0f,-0.6814449036034019f,0.7318694168722657f,-0.14598556826934733f,0f,0f,0f,1f], start_interpolation: 0, interpolation_duration: 1 }
$data merge entity $(bone_left_leg) { transformation: [1f,0f,0f,0.12500000000000003f,0f,0.9917419983016023f,0.12824901093086308f,0.624671052631579f,0f,-0.12824901093086308f,0.9917419983016023f,-0.194078947368421f,0f,0f,0f,1f], start_interpolation: 0, interpolation_duration: 1 }