# This file was generated by Animated Java via MC-Build. It is not recommended to edit this file directly.
$data merge entity $(bone_right_forearm) { transformation: [0.9069400431355368f,0.4206841205214219f,0.022014288506065474f,-0.3776767724055673f,-0.38165769268900984f,0.7984364402245343f,0.46565723073187093f,1.5250221178958627f,0.17831759242601924f,-0.43072511148375286f,0.8846913103273348f,-0.21639263378058637f,0f,0f,0f,1f], start_interpolation: 0, interpolation_duration: 1 }
$data merge entity $(bone_right_arm) { transformation: [-0.9651669205491131f,0.26070708962226924f,0.022014288506065474f,-0.3125f,-0.22085829624053163f,-0.8569626342197512f,0.46565723073187093f,1.310781459340925f,0.14026556405430302f,0.4445749171645107f,0.8846913103273348f,-0.1052489044894587f,0f,0f,0f,1f], start_interpolation: 0, interpolation_duration: 1 }
$data merge entity $(bone_left_forearm) { transformation: [0.7639908943076243f,-0.6450731032562346f,0.014092724023695491f,0.28994855582835694f,0.537006927827234f,0.6478076407897541f,0.5403413920846425f,1.5204483276454062f,-0.3576890729119253f,-0.40524801293749074f,0.8413278642298866f,-0.23952934499054096f,0f,0f,0f,1f], start_interpolation: 0, interpolation_duration: 1 }
$data merge entity $(bone_left_arm) { transformation: [-0.995823434641887f,0.09020577668657219f,0.014092724023695491f,0.3125f,-0.06832312468186383f,-0.8386674732179243f,0.5403413920846425f,1.310781459340925f,0.06056102419660903f,0.537121762004329f,0.8413278642298866f,-0.1052489044894587f,0f,0f,0f,1f], start_interpolation: 0, interpolation_duration: 1 }
$data merge entity $(bone_head) { transformation: [1f,0f,0f,2.255928314218808e-17f,0f,0.9868879068211055f,0.1614071230468383f,1.3727806579065964f,0f,-0.1614071230468383f,0.9868879068211055f,-0.09735274230682563f,0f,0f,0f,1f], start_interpolation: 0, interpolation_duration: 1 }
$data merge entity $(bone_torso) { transformation: [1f,0f,0f,2.255928314218808e-17f,0f,0.991987177050743f,-0.12633859492212918f,0.6907894736842106f,0f,0.12633859492212918f,0.991987177050743f,-0.18421052631578944f,0f,0f,0f,1f], start_interpolation: 0, interpolation_duration: 1 }
$data merge entity $(bone_upper_body) { transformation: [1f,0f,0f,2.255928314218808e-17f,0f,0.991987177050743f,-0.12633859492212918f,0.6907894736842106f,0f,0.12633859492212918f,0.991987177050743f,-0.18421052631578944f,0f,0f,0f,1f], start_interpolation: 0, interpolation_duration: 1 }
$data merge entity $(bone_right_lower_leg) { transformation: [1f,0f,0f,-0.12499999999999997f,0f,0.7628220848858867f,0.6466084339152629f,0.26181546968997954f,0f,-0.6466084339152629f,0.7628220848858867f,-0.1429574434430097f,0f,0f,0f,1f], start_interpolation: 0, interpolation_duration: 1 }
$data merge entity $(bone_right_leg) { transformation: [1f,0f,0f,-0.12499999999999997f,0f,0.9939306773179495f,0.1100082209940793f,0.6345394736842106f,0f,-0.1100082209940793f,0.9939306773179495f,-0.18421052631578944f,0f,0f,0f,1f], start_interpolation: 0, interpolation_duration: 1 }
$data merge entity $(bone_left_lower_leg) { transformation: [1f,0f,0f,0.12500000000000003f,0f,0.7628220848858867f,0.6466084339152629f,0.26181546968997954f,0f,-0.6466084339152629f,0.7628220848858867f,-0.1429574434430097f,0f,0f,0f,1f], start_interpolation: 0, interpolation_duration: 1 }
$data merge entity $(bone_left_leg) { transformation: [1f,0f,0f,0.12500000000000003f,0f,0.9939306773179495f,0.1100082209940793f,0.6345394736842106f,0f,-0.1100082209940793f,0.9939306773179495f,-0.18421052631578944f,0f,0f,0f,1f], start_interpolation: 0, interpolation_duration: 1 }