# This file was generated by Animated Java via MC-Build. It is not recommended to edit this file directly.
$data merge entity $(bone_right_forearm) { transformation: [0.9069400431355368f,0.4206841205214219f,0.022014288506065474f,-0.3776767724055673f,-0.3778081198142241f,0.789165333530731f,0.48423042134480876f,1.5340252095162348f,0.18633513560182757f,-0.4474851361715245f,0.8746635182433303f,-0.22412876378354302f,0f,0f,0f,1f], start_interpolation: 0, interpolation_duration: 1 }
$data merge entity $(bone_right_arm) { transformation: [-0.9651669205491131f,0.26070708962226924f,0.022014288506065474f,-0.3125f,-0.21784788763878404f,-0.8473860967089023f,0.48423042134480876f,1.3221786853390092f,0.14489690586434872f,0.4625674183566515f,0.8746635182433303f,-0.10848690919438013f,0f,0f,0f,1f], start_interpolation: 0, interpolation_duration: 1 }
$data merge entity $(bone_left_forearm) { transformation: [0.7639908943076243f,-0.6450731032562346f,0.014092724023695491f,0.28994855582835694f,0.529335970063946f,0.6391079587360977f,0.5579824799011528f,1.5289639929044445f,-0.36894626195626135f,-0.41883374808574125f,0.8297330578282098f,-0.24716375996927203f,0f,0f,0f,1f], start_interpolation: 0, interpolation_duration: 1 }
$data merge entity $(bone_left_arm) { transformation: [-0.995823434641887f,0.09020577668657219f,0.014092724023695491f,0.3125f,-0.0670293765781352f,-0.8271412302617412f,0.5579824799011528f,1.3221786853390092f,0.06198991606368182f,0.5547074030995676f,0.8297330578282098f,-0.10848690919438013f,0f,0f,0f,1f], start_interpolation: 0, interpolation_duration: 1 }
$data merge entity $(bone_head) { transformation: [1f,0f,0f,2.1350750116713726e-17f,0f,-0.08087476884522492f,-0.9967242706808296f,1.384330764399226f,0f,0.9967242706808296f,-0.08087476884522492f,-0.10190138958750235f,0f,0f,0f,1f], start_interpolation: 0, interpolation_duration: 1 }
$data merge entity $(bone_torso) { transformation: [1f,0f,0f,2.1350750116713726e-17f,0f,0.9944332649634674f,-0.10536831371004445f,0.700657894736842f,0f,0.10536831371004445f,0.9944332649634674f,-0.1743421052631579f,0f,0f,0f,1f], start_interpolation: 0, interpolation_duration: 1 }
$data merge entity $(bone_upper_body) { transformation: [1f,0f,0f,2.1350750116713726e-17f,0f,0.9944332649634674f,-0.10536831371004445f,0.700657894736842f,0f,0.10536831371004445f,0.9944332649634674f,-0.1743421052631579f,0f,0f,0f,1f], start_interpolation: 0, interpolation_duration: 1 }
$data merge entity $(bone_right_lower_leg) { transformation: [1f,0f,0f,-0.12499999999999997f,0f,0.7921181723956529f,0.6103677587820076f,0.2709889366997517f,0f,-0.6103677587820076f,0.7921181723956529f,-0.13994324222244403f,0f,0f,0f,1f], start_interpolation: 0, interpolation_duration: 1 }
$data merge entity $(bone_right_leg) { transformation: [1f,0f,0f,-0.12499999999999997f,0f,0.9957838880989075f,0.09173030144190368f,0.644407894736842f,0f,-0.09173030144190368f,0.9957838880989075f,-0.1743421052631579f,0f,0f,0f,1f], start_interpolation: 0, interpolation_duration: 1 }
$data merge entity $(bone_left_lower_leg) { transformation: [1f,0f,0f,0.12500000000000003f,0f,0.7921181723956529f,0.6103677587820076f,0.2709889366997517f,0f,-0.6103677587820076f,0.7921181723956529f,-0.13994324222244403f,0f,0f,0f,1f], start_interpolation: 0, interpolation_duration: 1 }
$data merge entity $(bone_left_leg) { transformation: [1f,0f,0f,0.12500000000000003f,0f,0.9957838880989075f,0.09173030144190368f,0.644407894736842f,0f,-0.09173030144190368f,0.9957838880989075f,-0.1743421052631579f,0f,0f,0f,1f], start_interpolation: 0, interpolation_duration: 1 }