# This file was generated by Animated Java via MC-Build. It is not recommended to edit this file directly.
$data merge entity $(bone_right_forearm) { transformation: [0.9069400431355368f,0.4206841205214219f,0.022014288506065474f,-0.3776767724055673f,-0.37379014424416035f,0.7795424674061038f,0.5025877730071965f,1.5426568392896924f,0.19426962249214436f,-0.46404570060665484f,0.8642458571062047f,-0.2318427020784764f,0f,0f,0f,1f], start_interpolation: 0, interpolation_duration: 1 }
$data merge entity $(bone_right_arm) { transformation: [-0.9651669205491131f,0.26070708962226924f,0.022014288506065474f,-0.3125f,-0.21474037638223645f,-0.8374318486747936f,0.5025877730071965f,1.3332988771209942f,0.14946366190133853f,0.4803537365794128f,0.8642458571062047f,-0.1117542679336232f,0f,0f,0f,1f], start_interpolation: 0, interpolation_duration: 1 }
$data merge entity $(bone_left_forearm) { transformation: [0.7639908943076243f,-0.6450731032562346f,0.014092724023695491f,0.28994855582835694f,0.521429068181431f,0.6301234032316598f,0.5753748548165762f,1.53711045228322f,-0.3800389983547497f,-0.4322327939376218f,0.8177684094989214f,-0.2547657157119942f,0f,0f,0f,1f], start_interpolation: 0, interpolation_duration: 1 }
$data merge entity $(bone_left_arm) { transformation: [-0.995823434641887f,0.09020577668657219f,0.014092724023695491f,0.3125f,-0.06570575106551416f,-0.8152463006489028f,0.5753748548165762f,1.3332988771209942f,0.06339117679103662f,0.572045791113484f,0.8177684094989214f,-0.1117542679336232f,0f,0f,0f,1f], start_interpolation: 0, interpolation_duration: 1 }
$data merge entity $(bone_head) { transformation: [1f,0f,0f,2.0142217091239356e-17f,0f,0.009367695854430536f,-0.9999561221745576f,1.3955761332541463f,0f,0.9999561221745576f,0.009367695854430536f,-0.10648232630593289f,0f,0f,0f,1f], start_interpolation: 0, interpolation_duration: 1 }
$data merge entity $(bone_torso) { transformation: [1f,0f,0f,2.0142217091239356e-17f,0f,0.996436098130433f,-0.08435106604304492f,0.7105263157894737f,0f,0.08435106604304492f,0.996436098130433f,-0.16447368421052627f,0f,0f,0f,1f], start_interpolation: 0, interpolation_duration: 1 }
$data merge entity $(bone_upper_body) { transformation: [1f,0f,0f,2.0142217091239356e-17f,0f,0.996436098130433f,-0.08435106604304492f,0.7105263157894737f,0f,0.08435106604304492f,0.996436098130433f,-0.16447368421052627f,0f,0f,0f,1f], start_interpolation: 0, interpolation_duration: 1 }
$data merge entity $(bone_right_lower_leg) { transformation: [1f,0f,0f,-0.12499999999999999f,0f,0.8196940586328826f,0.5728015801671225f,0.2802884388564134f,0f,-0.5728015801671225f,0.8196940586328826f,-0.13694065119376303f,0f,0f,0f,1f], start_interpolation: 0, interpolation_duration: 1 }
$data merge entity $(bone_right_leg) { transformation: [1f,0f,0f,-0.12499999999999999f,0f,0.9973010051548273f,0.07342142137803534f,0.6542763157894737f,0f,-0.07342142137803534f,0.9973010051548273f,-0.16447368421052627f,0f,0f,0f,1f], start_interpolation: 0, interpolation_duration: 1 }
$data merge entity $(bone_left_lower_leg) { transformation: [1f,0f,0f,0.12500000000000003f,0f,0.8196940586328826f,0.5728015801671225f,0.2802884388564134f,0f,-0.5728015801671225f,0.8196940586328826f,-0.13694065119376303f,0f,0f,0f,1f], start_interpolation: 0, interpolation_duration: 1 }
$data merge entity $(bone_left_leg) { transformation: [1f,0f,0f,0.12500000000000003f,0f,0.9973010051548273f,0.07342142137803534f,0.6542763157894737f,0f,-0.07342142137803534f,0.9973010051548273f,-0.16447368421052627f,0f,0f,0f,1f], start_interpolation: 0, interpolation_duration: 1 }
execute on vehicle unless entity @s[tag=aj.transforms_only] at @s run function animated_java:rend_fallen_tether/animations/rise_0/zzz/frames/zzz/5