# This file was generated by Animated Java via MC-Build. It is not recommended to edit this file directly.
$data merge entity $(bone_right_forearm) { transformation: [0.9069400431355368f,0.4206841205214219f,0.022014288506065474f,-0.3776767724055673f,-0.3696055569353392f,0.7695721311088948f,0.5207211031857957f,1.5509175584986838f,0.20211751641020226f,-0.4803994231487294f,0.8534429704429813f,-0.2395266115741539f,0f,0f,0f,1f], start_interpolation: 0, interpolation_duration: 1 }
$data merge entity $(bone_right_arm) { transformation: [-0.9651669205491131f,0.26070708962226924f,0.022014288506065474f,-0.3125f,-0.21153714760065118f,-0.8271043270845273f,0.5207211031857957f,1.3441414767275521f,0.15396379659752005f,0.49792594382974054f,0.8534429704429813f,-0.11504512561671877f,0f,0f,0f,1f], start_interpolation: 0, interpolation_duration: 1 }
$data merge entity $(bone_left_forearm) { transformation: [0.7639908943076243f,-0.6450731032562346f,0.014092724023695491f,0.28994855582835694f,0.5132897465708244f,0.620857979016634f,0.5925107644225885f,1.5448884733221104f,-0.39096233767499355f,-0.44543917805549216f,0.8054392523169899f,-0.26232742504213424f,0f,0f,0f,1f], start_interpolation: 0, interpolation_duration: 1 }
$data merge entity $(bone_left_arm) { transformation: [-0.995823434641887f,0.09020577668657219f,0.014092724023695491f,0.3125f,-0.06435283813159542f,-0.8029879863782329f,0.5925107644225885f,1.3441414767275521f,0.06476418178626557f,0.5891291977016618f,0.8054392523169899f,-0.11504512561671877f,0f,0f,0f,1f], start_interpolation: 0, interpolation_duration: 1 }
$data merge entity $(bone_head) { transformation: [1f,0f,0f,1.8933684065765e-17f,0f,0.9008994611889702f,0.43402783416438073f,1.4065161507160968f,0f,-0.43402783416438073f,0.9008994611889702f,-0.11108911186260118f,0f,0f,0f,1f], start_interpolation: 0, interpolation_duration: 1 }
$data merge entity $(bone_torso) { transformation: [1f,0f,0f,1.8933684065765e-17f,0f,0.9979947838167149f,-0.06329622006588151f,0.7203947368421053f,0f,0.06329622006588151f,0.9979947838167149f,-0.15460526315789472f,0f,0f,0f,1f], start_interpolation: 0, interpolation_duration: 1 }
$data merge entity $(bone_upper_body) { transformation: [1f,0f,0f,1.8933684065765e-17f,0f,0.9979947838167149f,-0.06329622006588151f,0.7203947368421053f,0f,0.06329622006588151f,0.9979947838167149f,-0.15460526315789472f,0f,0f,0f,1f], start_interpolation: 0, interpolation_duration: 1 }
$data merge entity $(bone_right_lower_leg) { transformation: [1f,0f,0f,-0.12499999999999999f,0f,0.8454898584993041f,0.5339914785601233f,0.2897141681796117f,0f,-0.5339914785601233f,0.8454898584993041f,-0.13394735302444516f,0f,0f,0f,1f], start_interpolation: 0, interpolation_duration: 1 }
$data merge entity $(bone_right_leg) { transformation: [1f,0f,0f,-0.12499999999999999f,0f,0.9984815164333162f,0.05508776035586545f,0.6641447368421053f,0f,-0.05508776035586545f,0.9984815164333162f,-0.15460526315789472f,0f,0f,0f,1f], start_interpolation: 0, interpolation_duration: 1 }
$data merge entity $(bone_left_lower_leg) { transformation: [1f,0f,0f,0.12500000000000003f,0f,0.8454898584993041f,0.5339914785601233f,0.2897141681796117f,0f,-0.5339914785601233f,0.8454898584993041f,-0.13394735302444516f,0f,0f,0f,1f], start_interpolation: 0, interpolation_duration: 1 }
$data merge entity $(bone_left_leg) { transformation: [1f,0f,0f,0.12500000000000003f,0f,0.9984815164333162f,0.05508776035586545f,0.6641447368421053f,0f,-0.05508776035586545f,0.9984815164333162f,-0.15460526315789472f,0f,0f,0f,1f], start_interpolation: 0, interpolation_duration: 1 }