# This file was generated by Animated Java via MC-Build. It is not recommended to edit this file directly.
$data merge entity $(bone_right_forearm) { transformation: [0.9069400431355368f,0.4206841205214219f,0.022014288506065474f,-0.3776767724055673f,-0.36525622310913686f,0.7592587687773238f,0.5386223292018172f,1.5588080837538618f,0.20987531926684216f,-0.49653901435421965f,0.8422596734895841f,-0.2471726685642606f,0f,0f,0f,1f], start_interpolation: 0, interpolation_duration: 1 }
$data merge entity $(bone_right_arm) { transformation: [-0.9651669205491131f,0.26070708962226924f,0.022014288506065474f,-0.3125f,-0.20823962908854116f,-0.8164081352866814f,0.5386223292018172f,1.3547060499321915f,0.15839530408067345f,0.5152762075415572f,0.8422596734895841f,-0.11835361667887129f,0f,0f,0f,1f], start_interpolation: 0, interpolation_duration: 1 }
$data merge entity $(bone_left_forearm) { transformation: [0.7639908943076243f,-0.6450731032562346f,0.014092724023695491f,0.28994855582835694f,0.5049216332211109f,0.6113158160245207f,0.6093825706266967f,1.55229898778774f,-0.40171141099097846f,-0.45844701387799014f,0.7927510818321164f,-0.26984111872239513f,0f,0f,0f,1f], start_interpolation: 0, interpolation_duration: 1 }
$data merge entity $(bone_left_arm) { transformation: [-0.995823434641887f,0.09020577668657219f,0.014092724023695491f,0.3125f,-0.06297124081843287f,-0.7903717514221942f,0.6093825706266967f,1.3547060499321915f,0.06610831905155892f,0.6059500081740954f,0.7927510818321164f,-0.11835361667887129f,0f,0f,0f,1f], start_interpolation: 0, interpolation_duration: 1 }
$data merge entity $(bone_head) { transformation: [1f,0f,0f,1.7725151040290633e-17f,0f,0.8659769547681703f,0.5000839067701003f,1.417150339135937f,0f,-0.5000839067701003f,0.8659769547681703f,-0.1157152941362321f,0f,0f,0f,1f], start_interpolation: 0, interpolation_duration: 1 }
$data merge entity $(bone_torso) { transformation: [1f,0f,0f,1.7725151040290633e-17f,0f,0.9991086272599273f,-0.042213160682226906f,0.730263157894737f,0f,0.042213160682226906f,0.9991086272599273f,-0.1447368421052631f,0f,0f,0f,1f], start_interpolation: 0, interpolation_duration: 1 }
$data merge entity $(bone_upper_body) { transformation: [1f,0f,0f,1.7725151040290633e-17f,0f,0.9991086272599273f,-0.042213160682226906f,0.730263157894737f,0f,0.042213160682226906f,0.9991086272599273f,-0.1447368421052631f,0f,0f,0f,1f], start_interpolation: 0, interpolation_duration: 1 }
$data merge entity $(bone_right_lower_leg) { transformation: [1f,0f,0f,-0.12499999999999999f,0f,0.8694495526163669f,0.49402173581250397f,0.299266274085213f,0f,-0.49402173581250397f,0.8694495526163669f,-0.13096102724547345f,0f,0f,0f,1f], start_interpolation: 0, interpolation_duration: 1 }
$data merge entity $(bone_right_leg) { transformation: [1f,0f,0f,-0.12499999999999999f,0f,0.9993250234920638f,0.03673550629277244f,0.6740131578947369f,0f,-0.03673550629277244f,0.9993250234920638f,-0.1447368421052631f,0f,0f,0f,1f], start_interpolation: 0, interpolation_duration: 1 }
$data merge entity $(bone_left_lower_leg) { transformation: [1f,0f,0f,0.12500000000000003f,0f,0.8694495526163669f,0.49402173581250397f,0.299266274085213f,0f,-0.49402173581250397f,0.8694495526163669f,-0.13096102724547345f,0f,0f,0f,1f], start_interpolation: 0, interpolation_duration: 1 }
$data merge entity $(bone_left_leg) { transformation: [1f,0f,0f,0.12500000000000003f,0f,0.9993250234920638f,0.03673550629277244f,0.6740131578947369f,0f,-0.03673550629277244f,0.9993250234920638f,-0.1447368421052631f,0f,0f,0f,1f], start_interpolation: 0, interpolation_duration: 1 }