# This file was generated by Animated Java via MC-Build. It is not recommended to edit this file directly.
$data merge entity $(bone_right_forearm) { transformation: [0.15176748680995997f,0.9817705232721814f,0.1144258256743434f,-0.19889427376280025f,-0.9881687875388501f,0.15329952664267876f,-0.004658590465940915f,0.921158661381111f,-0.022115091711032202f,-0.11236500685265499f,0.9934208715109701f,0.0018452365359124673f,0f,0f,0f,1f], start_interpolation: 0, interpolation_duration: 1 }
$data merge entity $(bone_right_arm) { transformation: [-0.9794264577076985f,-0.16622437956236855f,0.1144258256743434f,-0.2404503686533924f,0.1667925315254985f,-0.9859810084186136f,-0.004658590465940915f,0.6746634092764576f,0.11359606229735776f,0.01452262637815166f,0.9934208715109701f,0.005475893130450382f,0f,0f,0f,1f], start_interpolation: 0, interpolation_duration: 1 }
$data merge entity $(bone_left_forearm) { transformation: [0.8125802876693853f,0.5338034619724471f,-0.23402380237353923f,0.41992033834556575f,-0.5497833917538832f,0.8352992249542388f,-0.003664279253003444f,0.3413070494149466f,0.19352389579257426f,0.13163992090957133f,0.972223962356507f,0.014525502383948563f,0f,0f,0f,1f], start_interpolation: 0, interpolation_duration: 1 }
$data merge entity $(bone_left_arm) { transformation: [0.9579869638913656f,-0.16581265614190677f,-0.23402380237353923f,0.3784671743100891f,0.16967833343313526f,0.9854926870458804f,-0.003664279253003444f,0.5876802211764167f,0.23123632970957944f,-0.036198437013992724f,0.972223962356507f,0.005475893130450382f,0f,0f,0f,1f], start_interpolation: 0, interpolation_duration: 1 }
$data merge entity $(bone_head) { transformation: [0.9999999839615278f,-0.00017078290522708206f,0.00005394574511114608f,0.07590924311118315f,0.00005967506398025374f,0.033727080611530236f,-0.9994310784002616f,0.6802738452339294f,0.00016886631064944035f,0.9994310655901298f,0.033727090262080095f,0.043523482443495465f,0f,0f,0f,1f], start_interpolation: 0, interpolation_duration: 1 }
$data merge entity $(bone_torso) { transformation: [0.9902680687415704f,0.11041344452535724f,-0.0847232158200244f,4.592425496802574e-17f,-0.13917310096006547f,0.7856324801198753f,-0.6028370046288243f,0.14015151515151517f,0f,0.6087614290087207f,0.7933533402912352f,-0.375f,0f,0f,0f,1f], start_interpolation: 0, interpolation_duration: 1 }
$data merge entity $(bone_upper_body) { transformation: [0.9902680687415704f,0.11041344452535724f,-0.0847232158200244f,4.592425496802574e-17f,-0.13917310096006547f,0.7856324801198753f,-0.6028370046288243f,0.14015151515151517f,0f,0.6087614290087207f,0.7933533402912352f,-0.375f,0f,0f,0f,1f], start_interpolation: 0, interpolation_duration: 1 }
$data merge entity $(bone_right_lower_leg) { transformation: [1f,0f,0f,-0.12499999999999996f,0f,6.938893903907228e-18f,1f,0.06803961929508401f,0f,-1f,6.938893903907228e-18f,-0.00033561650479807525f,0f,0f,0f,1f], start_interpolation: 0, interpolation_duration: 1 }
$data merge entity $(bone_right_leg) { transformation: [1f,0f,0f,-0.12499999999999996f,0f,0.0422983889504831f,0.9991050226538718f,0.08390151515151517f,0f,-0.9991050226538718f,0.0422983889504831f,-0.375f,0f,0f,0f,1f], start_interpolation: 0, interpolation_duration: 1 }
$data merge entity $(bone_left_lower_leg) { transformation: [1f,0f,0f,0.12500000000000006f,0f,-0.010577555788039407f,0.999944056091915f,0.06407747325331588f,0f,-0.999944056091915f,-0.010577555788039407f,-0.000524356782956592f,0f,0f,0f,1f], start_interpolation: 0, interpolation_duration: 1 }
$data merge entity $(bone_left_leg) { transformation: [1f,0f,0f,0.12500000000000006f,0f,0.05286411172853145f,0.9986017152454492f,0.08390151515151517f,0f,-0.9986017152454492f,0.05286411172853145f,-0.375f,0f,0f,0f,1f], start_interpolation: 0, interpolation_duration: 1 }