# This file was generated by Animated Java via MC-Build. It is not recommended to edit this file directly.
$data merge entity $(bone_right_forearm) { transformation: [0.9069400431355368f,0.4206841205214219f,0.022014288506065474f,-0.3776767724055673f,-0.36074408142039105f,0.7486069774486781f,0.5562834718336621f,1.5663292966746671f,0.21753957312973843f,-0.5124572802256516f,0.8307009510445134f,-0.25477306621470797f,0f,0f,0f,1f], start_interpolation: 0, interpolation_duration: 1 }
$data merge entity $(bone_right_arm) { transformation: [-0.9651669205491131f,0.26070708962226924f,0.022014288506065474f,-0.3125f,-0.2048492906687504f,-0.8053480409594336f,0.5562834718336621f,1.3649922864348087f,0.1627562090682012f,0.5323967940770201f,0.8307009510445134f,-0.12167386769545296f,0f,0f,0f,1f], start_interpolation: 0, interpolation_duration: 1 }
$data merge entity $(bone_left_forearm) { transformation: [0.7639908943076243f,-0.6450731032562346f,0.014092724023695491f,0.28994855582835694f,0.49632845810199877f,0.6015011675412666f,0.6259827530568125f,1.5593430912576582f,-0.4122814270533288f,-0.47125050334388513f,0.7797095536191702f,-0.277299048917786f,0f,0f,0f,1f], start_interpolation: 0, interpolation_duration: 1 }
$data merge entity $(bone_left_arm) { transformation: [-0.995823434641887f,0.09020577668657219f,0.014092724023695491f,0.3125f,-0.061561574953742024f,-0.7774032192913979f,0.6259827530568125f,1.3649922864348087f,0.06742298945649458f,0.6225007248893321f,0.7797095536191702f,-0.12167386769545296f,0f,0f,0f,1f], start_interpolation: 0, interpolation_duration: 1 }
$data merge entity $(bone_head) { transformation: [1f,0f,0f,1.6516618014816272e-17f,0f,0.8313852734715784f,0.5556964342647782f,1.427478357183553f,0f,-0.5556964342647782f,0.8313852734715784f,-0.1203544123597351f,0f,0f,0f,1f], start_interpolation: 0, interpolation_duration: 1 }
$data merge entity $(bone_torso) { transformation: [1f,0f,0f,1.6516618014816272e-17f,0f,0.9997771319799047f,-0.021111285371485752f,0.7401315789473685f,0f,0.021111285371485752f,0.9997771319799047f,-0.13486842105263155f,0f,0f,0f,1f], start_interpolation: 0, interpolation_duration: 1 }
$data merge entity $(bone_upper_body) { transformation: [1f,0f,0f,1.6516618014816272e-17f,0f,0.9997771319799047f,-0.021111285371485752f,0.7401315789473685f,0f,0.021111285371485752f,0.9997771319799047f,-0.13486842105263155f,0f,0f,0f,1f], start_interpolation: 0, interpolation_duration: 1 }
$data merge entity $(bone_right_lower_leg) { transformation: [1f,0f,0f,-0.12499999999999999f,0f,0.8915211089795717f,0.4529791521072847f,0.3089448633348724f,0f,-0.4529791521072847f,0.8915211089795717f,-0.12797935103453253f,0f,0f,0f,1f], start_interpolation: 0, interpolation_duration: 1 }
$data merge entity $(bone_right_leg) { transformation: [1f,0f,0f,-0.12499999999999999f,0f,0.9998312416333227f,0.018370853381597364f,0.6838815789473685f,0f,-0.018370853381597364f,0.9998312416333227f,-0.13486842105263155f,0f,0f,0f,1f], start_interpolation: 0, interpolation_duration: 1 }
$data merge entity $(bone_left_lower_leg) { transformation: [1f,0f,0f,0.12500000000000003f,0f,0.8915211089795717f,0.4529791521072847f,0.3089448633348724f,0f,-0.4529791521072847f,0.8915211089795717f,-0.12797935103453253f,0f,0f,0f,1f], start_interpolation: 0, interpolation_duration: 1 }
$data merge entity $(bone_left_leg) { transformation: [1f,0f,0f,0.12500000000000003f,0f,0.9998312416333227f,0.018370853381597364f,0.6838815789473685f,0f,-0.018370853381597364f,0.9998312416333227f,-0.13486842105263155f,0f,0f,0f,1f], start_interpolation: 0, interpolation_duration: 1 }