# This file was generated by Animated Java via MC-Build. It is not recommended to edit this file directly.
$data merge entity $(bone_right_forearm) { transformation: [0.9069400431355368f,0.4206841205214219f,0.022014288506065474f,-0.3776767724055673f,-0.3560711430932707f,0.7376215050102454f,0.573696658873548f,1.5969197434963582f,0.22510686176472303f,-0.5281471254182287f,0.8187719552469415f,-0.23888251804342012f,0f,0f,0f,1f], start_interpolation: 0, interpolation_duration: 1 }
$data merge entity $(bone_right_arm) { transformation: [-0.9651669205491131f,0.26070708962226924f,0.022014288506065474f,-0.3125f,-0.20136764353730113f,-0.7939289739854332f,0.573696658873548f,1.3984375f,0.16704456774758236f,0.5492800721736807f,0.8187719552469415f,-0.10156249999999994f,0f,0f,0f,1f], start_interpolation: 0, interpolation_duration: 1 }
$data merge entity $(bone_left_forearm) { transformation: [0.7639908943076243f,-0.6450731032562346f,0.014092724023695491f,0.28994855582835694f,0.48751405150133836f,0.5914184083094225f,0.6423039124133529f,1.5894595426320008f,-0.42266767442494013f,-0.48384393947648136f,0.766320480757295f,-0.26125599264911004f,0f,0f,0f,1f], start_interpolation: 0, interpolation_duration: 1 }
$data merge entity $(bone_left_arm) { transformation: [-0.995823434641887f,0.09020577668657219f,0.014092724023695491f,0.3125f,-0.060124468876403395f,-0.7640881705280032f,0.6423039124133529f,1.3984375f,0.06870760700509206f,0.6387739705964404f,0.766320480757295f,-0.10156249999999994f,0f,0f,0f,1f], start_interpolation: 0, interpolation_duration: 1 }
$data merge entity $(bone_head) { transformation: [1f,0f,0f,1.24378190538403e-17f,0f,0.7583353487355331f,0.6518646323111551f,1.4609375f,0f,-0.6518646323111551f,0.7583353487355331f,-0.10156249999999994f,0f,0f,0f,1f], start_interpolation: 0, interpolation_duration: 1 }
$data merge entity $(bone_torso) { transformation: [1f,0f,0f,1.24378190538403e-17f,0f,1f,0f,0.7734375000000001f,0f,0f,1f,-0.10156249999999994f,0f,0f,0f,1f], start_interpolation: 0, interpolation_duration: 1 }
$data merge entity $(bone_upper_body) { transformation: [1f,0f,0f,1.24378190538403e-17f,0f,1f,0f,0.7734375000000001f,0f,0f,1f,-0.10156249999999994f,0f,0f,0f,1f], start_interpolation: 0, interpolation_duration: 1 }
$data merge entity $(bone_right_lower_leg) { transformation: [1f,0f,0f,-0.12499999999999999f,0f,0.9431544344712774f,0.33235479947965957f,0.3421875000000001f,0f,-0.33235479947965957f,0.9431544344712774f,-0.10156249999999994f,0f,0f,0f,1f], start_interpolation: 0, interpolation_duration: 1 }
$data merge entity $(bone_right_leg) { transformation: [1f,0f,0f,-0.12499999999999999f,0f,1f,0f,0.7171875000000001f,0f,0f,1f,-0.10156249999999994f,0f,0f,0f,1f], start_interpolation: 0, interpolation_duration: 1 }
$data merge entity $(bone_left_lower_leg) { transformation: [1f,0f,0f,0.125f,0f,0.9431544344712774f,0.33235479947965957f,0.3421875000000001f,0f,-0.33235479947965957f,0.9431544344712774f,-0.10156249999999994f,0f,0f,0f,1f], start_interpolation: 0, interpolation_duration: 1 }
$data merge entity $(bone_left_leg) { transformation: [1f,0f,0f,0.125f,0f,1f,0f,0.7171875000000001f,0f,0f,1f,-0.10156249999999994f,0f,0f,0f,1f], start_interpolation: 0, interpolation_duration: 1 }