# This file was generated by Animated Java via MC-Build. It is not recommended to edit this file directly.
$data merge entity $(bone_right_forearm) { transformation: [0.5689726000459062f,0.8201647250245592f,0.06000003518658313f,-0.20022901374892774f,-0.8204711708162719f,0.5710928646465903f,-0.026076767612717877f,0.9287177103217586f,-0.05565283691221613f,-0.034391332849152335f,0.9978577042687404f,0.010102651571863588f,0f,0f,0f,1f], start_interpolation: 0, interpolation_duration: 1 }
$data merge entity $(bone_right_arm) { transformation: [-0.9905383891481776f,-0.12342485730736205f,0.06000003518658313f,-0.23108522807576826f,0.1220500220852827f,-0.9921813313602783f,-0.026076767612717877f,0.6806723774816891f,0.06274943611472454f,-0.018507033765652825f,0.9978577042687404f,0.005475893130450382f,0f,0f,0f,1f], start_interpolation: 0, interpolation_duration: 1 }
$data merge entity $(bone_left_forearm) { transformation: [0.7897907496889015f,0.5664084891143114f,-0.23539752582617782f,0.42380537562631465f,-0.5827448597445073f,0.8126551460405766f,0.0002050734589311709f,0.33591193744901643f,0.19141316607589368f,0.1370147330509094f,0.9718991525769485f,0.014631327470465486f,0f,0f,0f,1f], start_interpolation: 0, interpolation_duration: 1 }
$data merge entity $(bone_left_arm) { transformation: [0.9602007181695221f,-0.150341563320487f,-0.23539752582617782f,0.3862199847961929f,0.15473750435428926f,0.9879555975301131f,0.0002050734589311709f,0.5829008368315447f,0.23253147222030046f,-0.03662173736006041f,0.9718991525769485f,0.005475893130450382f,0f,0f,0f,1f], start_interpolation: 0, interpolation_duration: 1 }
$data merge entity $(bone_head) { transformation: [0.9999999943504709f,-0.00010078384313499944f,0.00003378868309666244f,0.08532411619623352f,0.00003547642380118815f,0.016793419789813746f,-0.9998589799532664f,0.6807607224177331f,0.00010020220305333172f,0.9998589755032357f,0.016793423270389185f,0.043523482443495465f,0f,0f,0f,1f], start_interpolation: 0, interpolation_duration: 1 }
$data merge entity $(bone_torso) { transformation: [0.9876883405951378f,0.12410780537633961f,-0.0952312684841057f,4.592425496802574e-17f,-0.15643446504023087f,0.7835858441778597f,-0.6012665656359479f,0.14204545454545456f,0f,0.6087614290087207f,0.7933533402912352f,-0.375f,0f,0f,0f,1f], start_interpolation: 0, interpolation_duration: 1 }
$data merge entity $(bone_upper_body) { transformation: [0.9876883405951378f,0.12410780537633961f,-0.0952312684841057f,4.592425496802574e-17f,-0.15643446504023087f,0.7835858441778597f,-0.6012665656359479f,0.14204545454545456f,0f,0.6087614290087207f,0.7933533402912352f,-0.375f,0f,0f,0f,1f], start_interpolation: 0, interpolation_duration: 1 }
$data merge entity $(bone_right_lower_leg) { transformation: [1f,0f,0f,-0.12499999999999996f,0f,2.0122792321330962e-16f,1f,0.06795223611155113f,0f,-1f,2.0122792321330962e-16f,-0.0004247478063720278f,0f,0f,0f,1f], start_interpolation: 0, interpolation_duration: 1 }
$data merge entity $(bone_right_leg) { transformation: [1f,0f,0f,-0.12499999999999996f,0f,0.04758191582374249f,0.998867339183008f,0.08579545454545456f,0f,-0.998867339183008f,0.04758191582374249f,-0.375f,0f,0f,0f,1f], start_interpolation: 0, interpolation_duration: 1 }
$data merge entity $(bone_left_lower_leg) { transformation: [1f,0f,0f,0.12500000000000006f,0f,-0.011899691316814086f,0.9999291961666908f,0.06349616960379285f,0f,-0.9999291961666908f,-0.011899691316814086f,-0.0006635979615519649f,0f,0f,0f,1f], start_interpolation: 0, interpolation_duration: 1 }
$data merge entity $(bone_left_leg) { transformation: [1f,0f,0f,0.12500000000000006f,0f,0.059464759844431225f,0.9982304054358614f,0.08579545454545456f,0f,-0.9982304054358614f,0.059464759844431225f,-0.375f,0f,0f,0f,1f], start_interpolation: 0, interpolation_duration: 1 }