# This file was generated by Animated Java via MC-Build. It is not recommended to edit this file directly.
$data merge entity $(bone_right_forearm) { transformation: [0.5661483105623126f,0.788376368529973f,-0.24070478181982807f,-0.4817547327405551f,-0.6798769620075855f,0.6117152540262292f,0.40444006295489765f,1.648460737782922f,0.4660937748766601f,-0.06532342256126722f,0.8823204879668767f,-0.11280278965280247f,0f,0f,0f,1f], start_interpolation: 0, interpolation_duration: 1 }
$data merge entity $(bone_right_arm) { transformation: [-0.6954901689656303f,0.6770189309622203f,-0.24070478181982807f,-0.3125f,-0.7059563570175826f,-0.5814239911316883f,0.40444006295489765f,1.50310474f,0.1338620441298512f,0.45121115861120986f,0.8823204879668767f,0f,0f,0f,0f,1f], start_interpolation: 0, interpolation_duration: 1 }
$data merge entity $(bone_left_forearm) { transformation: [0.4515820384148582f,-0.886950940996186f,0.09691073649014288f,0.3167663865981936f,0.6755173595339883f,0.41083273804670034f,0.6122848669673941f,1.6999167898592276f,-0.5828807421328224f,-0.2110319634913907f,0.7846754429926162f,-0.15410001614407326f,0f,0f,0f,1f], start_interpolation: 0, interpolation_duration: 1 }
$data merge entity $(bone_left_arm) { transformation: [-0.9951467611760862f,-0.017065546392774522f,0.09691073649014288f,0.3125f,0.07312669940632158f,-0.7872481994369107f,0.6122848669673941f,1.50310474f,0.06584382700514406f,0.616400064576293f,0.7846754429926162f,0f,0f,0f,0f,1f], start_interpolation: 0, interpolation_duration: 1 }
$data merge entity $(bone_head) { transformation: [1f,0f,0f,0f,0f,0.8318088356900977f,0.555062213511138f,1.56560474f,0f,-0.555062213511138f,0.8318088356900977f,0f,0f,0f,0f,1f], start_interpolation: 0, interpolation_duration: 1 }
$data merge entity $(bone_torso) { transformation: [1f,0f,0f,0f,0f,1f,0f,0.87810474f,0f,0f,1f,0f,0f,0f,0f,1f], start_interpolation: 0, interpolation_duration: 1 }
$data merge entity $(bone_upper_body) { transformation: [1f,0f,0f,0f,0f,1f,0f,0.87810474f,0f,0f,1f,0f,0f,0f,0f,1f], start_interpolation: 0, interpolation_duration: 1 }
$data merge entity $(bone_right_lower_leg) { transformation: [1f,0f,0f,-0.125f,0f,1f,0f,0.44685474000000003f,0f,0f,1f,0f,0f,0f,0f,1f], start_interpolation: 0, interpolation_duration: 1 }
$data merge entity $(bone_right_leg) { transformation: [1f,0f,0f,-0.125f,0f,1f,0f,0.82185474f,0f,0f,1f,0f,0f,0f,0f,1f], start_interpolation: 0, interpolation_duration: 1 }
$data merge entity $(bone_left_lower_leg) { transformation: [1f,0f,0f,0.125f,0f,1f,0f,0.44685474000000003f,0f,0f,1f,0f,0f,0f,0f,1f], start_interpolation: 0, interpolation_duration: 1 }
$data merge entity $(bone_left_leg) { transformation: [1f,0f,0f,0.125f,0f,1f,0f,0.82185474f,0f,0f,1f,0f,0f,0f,0f,1f], start_interpolation: 0, interpolation_duration: 1 }