# This file was generated by Animated Java via MC-Build. It is not recommended to edit this file directly.
$data merge entity $(bone_right_forearm) { transformation: [0.7922050343261301f,0.517774245404533f,-0.3229876381289254f,-0.5443534561156094f,-0.49413427810754984f,0.8548364126959942f,0.15838567715603208f,1.5266903199418005f,0.35810961839563293f,0.034125332596337266f,0.933055712638706f,-0.08634994751257256f,0f,0f,0f,1f], start_interpolation: 0, interpolation_duration: 1 }
$data merge entity $(bone_right_arm) { transformation: [-0.18863346418876326f,0.9274138244624376f,-0.3229876381289254f,-0.3125f,-0.9768886292933575f,-0.143535999767203f,0.15838567715603208f,1.4908063199999997f,0.10052871304006583f,0.34539979005029026f,0.933055712638706f,0f,0f,0f,0f,1f], start_interpolation: 0, interpolation_duration: 1 }
$data merge entity $(bone_left_forearm) { transformation: [0.39697873653702814f,-0.8571068106676664f,0.32829224456963f,0.4228230488785169f,0.7540268960715636f,0.5084924224367989f,0.41578708051722757f,1.672401592811464f,-0.5233080572073663f,0.08248255228505615f,0.8481422674471512f,-0.13172692123737736f,0f,0f,0f,1f], start_interpolation: 0, interpolation_duration: 1 }
$data merge entity $(bone_left_arm) { transformation: [-0.8351559137872449f,-0.44129219551406756f,0.32829224456963f,0.3125f,0.5472582698830947f,-0.7263810912458573f,0.41578708051722757f,1.4908063199999997f,0.05498168523020794f,0.5269076849495095f,0.8481422674471512f,0f,0f,0f,0f,1f], start_interpolation: 0, interpolation_duration: 1 }
$data merge entity $(bone_head) { transformation: [1f,0f,0f,0f,0f,0.848405639443368f,0.5293466453664271f,1.5533063199999997f,0f,-0.5293466453664271f,0.848405639443368f,0f,0f,0f,0f,1f], start_interpolation: 0, interpolation_duration: 1 }
$data merge entity $(bone_torso) { transformation: [1f,0f,0f,0f,0f,1f,0f,0.8658063199999997f,0f,0f,1f,0f,0f,0f,0f,1f], start_interpolation: 0, interpolation_duration: 1 }
$data merge entity $(bone_upper_body) { transformation: [1f,0f,0f,0f,0f,1f,0f,0.8658063199999997f,0f,0f,1f,0f,0f,0f,0f,1f], start_interpolation: 0, interpolation_duration: 1 }
$data merge entity $(bone_right_lower_leg) { transformation: [1f,0f,0f,-0.125f,0f,1f,0f,0.43455631999999966f,0f,0f,1f,0f,0f,0f,0f,1f], start_interpolation: 0, interpolation_duration: 1 }
$data merge entity $(bone_right_leg) { transformation: [1f,0f,0f,-0.125f,0f,1f,0f,0.8095563199999997f,0f,0f,1f,0f,0f,0f,0f,1f], start_interpolation: 0, interpolation_duration: 1 }
$data merge entity $(bone_left_lower_leg) { transformation: [1f,0f,0f,0.125f,0f,1f,0f,0.43455631999999966f,0f,0f,1f,0f,0f,0f,0f,1f], start_interpolation: 0, interpolation_duration: 1 }
$data merge entity $(bone_left_leg) { transformation: [1f,0f,0f,0.125f,0f,1f,0f,0.8095563199999997f,0f,0f,1f,0f,0f,0f,0f,1f], start_interpolation: 0, interpolation_duration: 1 }